200.563995	0.774662
202.492004	1.098390
204.421005	0.957081
206.348999	0.929989
208.278000	1.174450
210.205994	1.210380
212.134995	1.016860
214.063004	0.949984
215.992004	0.947006
217.919998	0.979802
219.848999	1.015400
221.776993	0.953021
223.705994	0.916716
225.634003	0.922196
227.563004	0.913547
229.490997	0.904061
231.419998	0.896591
233.348007	0.914673
235.276993	0.931848
237.205002	0.933884
239.134003	0.916298
241.061996	0.895229
242.990997	0.933198
244.919006	0.951007
246.848007	0.923359
248.776001	0.915035
250.705002	0.935777
252.632996	0.934180
254.561996	0.922681
256.489990	0.925588
258.419006	0.931653
260.346985	0.939477
262.276001	0.945195
264.204010	0.938798
266.132996	0.937559
268.061005	0.944514
269.989990	0.939853
271.917999	0.926805
273.846985	0.928799
275.774994	0.933098
277.704010	0.922249
279.631989	0.915782
281.561005	0.921061
283.489014	0.933257
285.417999	0.939979
287.346008	0.927601
289.274994	0.913016
291.203003	0.924865
293.131989	0.941953
295.059998	0.933088
296.989014	0.934161
298.916992	0.939975
300.846008	0.932012
302.773987	0.932473
304.703003	0.938784
306.631012	0.933687
308.559998	0.932072
310.488007	0.933850
312.416992	0.937471
314.345001	0.943023
316.273987	0.946234
318.201996	0.948086
320.131012	0.941314
322.058990	0.935357
323.988007	0.936601
325.915985	0.933486
327.845001	0.933653
329.773010	0.940954
331.701996	0.944815
333.630005	0.941468
335.558990	0.939203
337.487000	0.938343
339.415985	0.938286
341.343994	0.937611
343.273010	0.938350
345.200989	0.933454
347.130005	0.930087
349.058014	0.923485
350.987000	0.920165
352.915009	0.927271
354.843994	0.929664
356.772003	0.931221
358.700989	0.930368
360.628998	0.931073
362.558014	0.932872
364.485992	0.933534
366.415009	0.930039
368.342987	0.929889
370.272003	0.931559
372.200012	0.930496
374.128998	0.926786
376.057007	0.928909
377.985992	0.935649
379.914001	0.935645
381.842987	0.932069
383.770996	0.931447
385.700012	0.929210
387.627991	0.929253
389.557007	0.928830
391.484985	0.922602
393.414001	0.916621
395.342010	0.919666
397.270996	0.921358
399.199005	0.921957
401.127991	0.921675
403.056000	0.919787
404.984985	0.919364
406.912994	0.919920
408.842010	0.919114
410.769989	0.916530
412.699005	0.914406
414.627014	0.914790
416.556000	0.914825
418.484009	0.910872
420.412994	0.912317
422.341003	0.912686
424.269989	0.910460
426.197998	0.908339
428.127014	0.907599
430.054993	0.906626
431.984009	0.906948
433.911987	0.905638
435.841003	0.904085
437.769012	0.906035
439.697998	0.905639
441.626007	0.902970
443.554993	0.899985
445.483002	0.897687
447.411987	0.896742
449.339996	0.896840
451.269012	0.897074
453.196991	0.895095
455.126007	0.892557
457.053986	0.892322
458.983002	0.892976
460.911011	0.894283
462.839996	0.894955
464.768005	0.895001
466.696991	0.896605
468.625000	0.896308
470.553986	0.896360
472.481995	0.898675
474.411011	0.902809
476.338989	0.905127
478.268005	0.909074
480.196014	0.912954
482.125000	0.914310
484.053009	0.914876
485.981995	0.917524
487.910004	0.920424
489.838989	0.922360
491.766998	0.927627
493.696014	0.931311
495.623993	0.933932
497.553009	0.937201
499.480988	0.941673
501.410004	0.944741
503.338013	0.946697
505.266998	0.950756
507.195007	0.954096
509.123993	0.956896
511.052002	0.958632
512.981018	0.958298
514.908997	0.956820
516.838013	0.957931
518.765991	0.959715
520.695007	0.962774
522.622986	0.963898
524.552002	0.964150
526.479980	0.964994
528.408997	0.966642
530.336975	0.967192
532.265991	0.967194
534.193970	0.968212
536.122986	0.970285
538.051025	0.971932
539.979980	0.972044
541.908020	0.970989
543.836975	0.970478
545.765015	0.970782
547.692993	0.970206
549.622009	0.971332
551.551025	0.972358
553.479004	0.971917
555.408020	0.971823
557.335999	0.972813
559.263977	0.971884
561.192993	0.972246
563.120972	0.974329
565.049988	0.975421
566.979004	0.975168
568.906982	0.974865
570.835999	0.975895
572.763977	0.975249
574.692017	0.974434
576.620972	0.976479
578.549011	0.977772
580.478027	0.976095
582.406982	0.976165
584.335022	0.977532
586.263977	0.977945
588.192017	0.977776
590.119995	0.977180
592.049011	0.977259
593.976990	0.977875
595.906006	0.976206
597.835022	0.974608
599.763000	0.974248
601.692017	0.975647
603.619995	0.975604
605.547974	0.975328
607.476990	0.975546
609.405029	0.974277
611.333984	0.973258
613.263000	0.974713
615.190979	0.977010
617.119995	0.976919
619.047974	0.975708
620.976013	0.974890
622.905029	0.974838
624.833008	0.974521
626.762024	0.975097
628.690979	0.975711
630.619019	0.975470
632.547974	0.974569
634.476013	0.973999
636.403992	0.974385
638.333008	0.973601
640.260986	0.973645
642.190002	0.973828
644.119019	0.972803
646.046997	0.972818
647.976013	0.972730
649.903992	0.972089
651.831970	0.972646
653.760986	0.973253
655.689026	0.972227
657.617981	0.971520
659.546021	0.971219
661.474976	0.971539
663.403015	0.970143
665.331970	0.969422
667.260010	0.970202
669.189026	0.969153
671.117004	0.969426
673.046021	0.971499
674.973999	0.970663
676.903015	0.968172
678.830994	0.967731
680.760010	0.968221
682.687988	0.967997
684.617004	0.967204
686.544983	0.967888
688.473999	0.968137
690.401978	0.967596
692.330994	0.968223
694.258972	0.968366
696.187988	0.967206
698.116028	0.967444
700.044983	0.967155
701.973022	0.967025
703.901978	0.967488
705.830017	0.966556
707.758972	0.965515
709.687012	0.965750
711.616028	0.965745
713.544006	0.966688
715.473022	0.967055
717.401001	0.966397
719.330017	0.966182
721.257996	0.965956
723.187012	0.965658
725.114990	0.965415
727.044006	0.964992
728.971985	0.964941
730.901001	0.965615
732.828979	0.965399
734.757996	0.964793
736.685974	0.965045
738.614990	0.964595
740.543030	0.964269
742.471985	0.965469
744.400024	0.966305
746.328979	0.966124
748.257019	0.965291
750.185974	0.964132
752.114014	0.963367
754.043030	0.963353
755.971008	0.963552
757.900024	0.963778
759.828003	0.964183
761.757019	0.965001
763.684998	0.965040
765.614014	0.964572
767.541992	0.963511
769.471008	0.963316
771.398987	0.964287
773.328003	0.963609
775.255981	0.963216
777.184998	0.963743
779.112976	0.963141
781.041992	0.962222
782.969971	0.962289
784.898987	0.962312
786.827026	0.962160
788.755981	0.962885
790.684021	0.963296
792.612976	0.963381
794.541016	0.963096
796.469971	0.963905
798.398010	0.964541
800.327026	0.963431
802.255005	0.962757
804.184021	0.962529
806.112000	0.962836
808.041016	0.962821
809.968994	0.961742
811.898010	0.961487
813.825989	0.962292
815.755005	0.960816
817.682983	0.959276
819.612000	0.959365
821.539978	0.960544
823.468994	0.960284
825.396973	0.959490
827.325989	0.959082
829.254028	0.959248
831.182983	0.958761
833.111023	0.957854
835.039978	0.957618
836.968018	0.957702
838.896973	0.957405
840.825012	0.956611
842.754028	0.955176
844.682007	0.954372
846.611023	0.953649
848.539001	0.952523
850.468018	0.951152
852.395996	0.950423
854.325012	0.950204
856.252991	0.949800
858.182007	0.949371
860.109985	0.949140
862.039001	0.948573
863.966980	0.947691
865.895996	0.946855
867.823975	0.946131
869.752991	0.945667
871.681030	0.944728
873.609985	0.944205
875.538025	0.943467
877.466980	0.942598
879.395020	0.941254
881.323975	0.940497
883.252014	0.940341
885.181030	0.940065
887.109009	0.939525
889.038025	0.938618
890.966003	0.938546
892.895020	0.937828
894.822998	0.937197
896.752014	0.936411
898.679993	0.936416
900.609009	0.935760
902.536987	0.934249
904.466003	0.934318
906.393982	0.934893
908.322998	0.934110
910.250977	0.934003
912.179993	0.933837
914.107971	0.932575
916.036987	0.931031
917.965027	0.931143
919.893982	0.930740
921.822021	0.929576
923.750977	0.929306
925.679016	0.929180
927.607971	0.928283
929.536011	0.927649
931.465027	0.926816
933.393005	0.926517
935.322021	0.926364
937.250000	0.925544
939.179016	0.925300
941.106995	0.924527
943.036011	0.923866
944.963989	0.923839
946.893005	0.923591
948.820984	0.923496
950.750000	0.923039
952.677979	0.921055
954.606995	0.919885
956.534973	0.920037
958.463989	0.919899
960.392029	0.920118
962.320984	0.918568
964.249023	0.917442
966.177979	0.917234
968.106018	0.916924
970.034973	0.916284
971.963013	0.915624
973.892029	0.915393
975.820007	0.914674
977.749023	0.914045
979.677002	0.913444
981.606018	0.912815
983.533997	0.912500
985.463013	0.910742
987.390991	0.909781
989.320007	0.909726
991.247986	0.909368
993.177002	0.908682
995.104980	0.907543
997.033997	0.906715
998.961975	0.906112
1000.890015	0.905530
1002.820007	0.906190
1004.750000	0.905827
1006.679993	0.904095
1008.609985	0.903558
1010.530029	0.903558
1012.460022	0.903140
1014.390015	0.901331
1016.320007	0.900601
1018.250000	0.901607
1020.179993	0.900873
1022.099976	0.899409
1024.030029	0.898856
1025.959961	0.898464
1027.890015	0.897882
1029.819946	0.897719
1031.750000	0.897272
1033.670044	0.897505
1035.599976	0.896486
1037.530029	0.895410
1039.459961	0.894703
1041.390015	0.893134
1043.319946	0.892392
1045.250000	0.893663
1047.170044	0.894377
1049.099976	0.893461
1051.030029	0.891961
1052.959961	0.890932
1054.890015	0.890755
1056.819946	0.891310
1058.750000	0.891558
1060.670044	0.890769
1062.599976	0.891375
1064.530029	0.891803
1066.459961	0.891280
1068.390015	0.890530
1070.319946	0.890525
1072.239990	0.890525
1074.170044	0.890871
1076.099976	0.891386
1078.030029	0.892374
1079.959961	0.893742
1081.890015	0.894615
1083.819946	0.895372
1085.739990	0.896957
1087.670044	0.897746
1089.599976	0.899069
1091.530029	0.900231
1093.459961	0.901437
1095.390015	0.903673
1097.319946	0.905360
1099.239990	0.906461
1101.170044	0.908512
1103.099976	0.911600
1105.030029	0.915336
1106.959961	0.917022
1108.890015	0.918087
1110.819946	0.919128
1112.739990	0.920390
1114.670044	0.922765
1116.599976	0.924261
1118.530029	0.924407
1120.459961	0.925731
1122.390015	0.928467
1124.319946	0.929940
1126.239990	0.931930
1128.170044	0.933649
1130.099976	0.934646
1132.030029	0.936316
1133.959961	0.937671
1135.890015	0.938891
1137.810059	0.940339
1139.739990	0.941802
1141.670044	0.942969
1143.599976	0.943546
1145.530029	0.944647
1147.459961	0.946169
1149.380005	0.947162
1151.310059	0.947320
1153.239990	0.948914
1155.170044	0.950208
1157.099976	0.951158
1159.030029	0.952327
1160.959961	0.952973
1162.880005	0.953591
1164.810059	0.955116
1166.739990	0.956547
1168.670044	0.957251
1170.599976	0.958237
1172.530029	0.959619
1174.459961	0.960007
1176.380005	0.960937
1178.310059	0.962136
1180.239990	0.962572
1182.170044	0.963404
1184.099976	0.964617
1186.030029	0.965267
1187.949951	0.965207
1189.880005	0.966183
1191.810059	0.968538
1193.739990	0.969967
1195.670044	0.970948
1197.599976	0.971493
1199.530029	0.972851
1201.449951	0.973519
1203.380005	0.972943
1205.310059	0.973851
1207.239990	0.977251
1209.170044	0.979570
1211.099976	0.980611
1213.030029	0.980826
1214.949951	0.980444
1216.880005	0.981475
1218.810059	0.984202
1220.739990	0.985748
1222.670044	0.986785
1224.599976	0.987963
1226.530029	0.990043
1228.449951	0.991813
1230.380005	0.991794
1232.310059	0.991385
1234.239990	0.992498
1236.170044	0.993982
1238.099976	0.996423
1240.020020	0.998538
1241.949951	0.998330
1243.880005	0.996927
1245.810059	0.997289
1247.739990	0.997946
1249.670044	0.998824
1251.599976	0.999682
1253.520020	1.000820
1255.449951	1.001610
1257.380005	1.000590
1259.310059	1.000020
1261.239990	1.000400
1263.170044	1.000270
1265.099976	1.000590
1267.020020	1.001910
1268.949951	1.001590
1270.880005	1.000180
1272.810059	0.999657
1274.739990	0.999791
1276.670044	1.000060
1278.589966	0.999886
1280.520020	1.000060
1282.449951	0.999332
1284.380005	0.999606
1286.310059	0.999462
1288.239990	0.999588
1290.160034	0.999127
1292.089966	0.999650
1294.020020	0.999088
1295.949951	0.998080
1297.880005	0.999087
1299.810059	0.999270
1301.739990	0.997828
1303.660034	0.998442
1305.589966	0.999164
1307.520020	0.998150
1309.449951	0.998105
1311.380005	0.998728
1313.310059	0.998206
1315.239990	0.999609
1317.160034	1.000660
1319.089966	1.000840
1321.020020	1.000060
1322.949951	1.000080
1324.880005	0.999647
1326.810059	0.999571
1328.729980	0.998483
1330.660034	0.997629
1332.589966	0.998959
1334.520020	0.999838
1336.449951	0.999426
1338.380005	0.998778
1340.310059	0.999953
1342.229980	1.001070
1344.160034	1.000940
1346.089966	0.999034
1348.020020	0.998099
1349.949951	0.997466
1351.880005	0.996116
1353.810059	0.997206
1355.729980	0.998123
1357.660034	0.996144
1359.589966	0.995801
1361.520020	0.997051
1363.449951	0.996857
1365.380005	0.995624
1367.310059	0.995283
1369.229980	0.994783
1371.160034	0.995103
1373.089966	0.998167
1375.020020	0.999496
1376.949951	0.998633
1378.880005	0.996034
1380.810059	0.994287
1382.729980	0.994309
1384.660034	0.994751
1386.589966	0.995505
1388.520020	0.995214
1390.449951	0.993959
1392.380005	0.993580
1394.300049	0.995459
1396.229980	0.997778
1398.160034	0.997738
1400.089966	0.997133
1402.020020	0.997114
1403.949951	0.997496
1405.880005	0.997043
1407.800049	0.996718
1409.729980	0.995815
1411.660034	0.995848
1413.589966	0.995427
1415.520020	0.992561
1417.449951	0.991599
1419.380005	0.993377
1421.300049	0.995351
1423.229980	0.994926
1425.160034	0.994339
1427.089966	0.995049
1429.020020	0.995814
1430.949951	0.995657
1432.869995	0.995297
1434.800049	0.992847
1436.729980	0.991016
1438.660034	0.992585
1440.589966	0.994291
1442.520020	0.994356
1444.439941	0.994171
1446.369995	0.995237
1448.300049	0.995150
1450.229980	0.995645
1452.160034	0.996580
1454.089966	0.994341
1456.020020	0.990338
1457.939941	0.991658
1459.869995	0.994835
1461.800049	0.995167
1463.729980	0.993731
1465.660034	0.995126
1467.589966	0.996177
1469.520020	0.995836
1471.439941	0.996292
1473.369995	0.996339
1475.300049	0.996948
1477.229980	0.994261
1479.160034	0.992599
1481.089966	0.992202
1483.020020	0.992991
1484.939941	0.994287
1486.869995	0.993862
1488.800049	0.994051
1490.729980	0.994156
1492.660034	0.992842
1494.589966	0.992510
1496.520020	0.993574
1498.439941	0.994972
1500.369995	0.995029
1502.300049	0.995203
1504.229980	0.993518
1506.160034	0.990629
1508.089966	0.991357
1510.010010	0.993084
1511.939941	0.995043
1513.869995	0.994425
1515.800049	0.992459
1517.729980	0.991333
1519.660034	0.991290
1521.589966	0.991391
1523.510010	0.992392
1525.439941	0.992494
1527.369995	0.992702
1529.300049	0.992461
1531.229980	0.993330
1533.160034	0.992087
1535.089966	0.992051
1537.010010	0.991926
1538.939941	0.989739
1540.869995	0.990571
1542.800049	0.993183
1544.729980	0.993247
1546.660034	0.992446
1548.579956	0.991139
1550.510010	0.992332
1552.439941	0.995054
1554.369995	0.993886
1556.300049	0.991357
1558.229980	0.989470
1560.150024	0.990767
1562.079956	0.992912
1564.010010	0.992411
1565.939941	0.990494
1567.869995	0.991440
1569.800049	0.992978
1571.729980	0.991562
1573.650024	0.989886
1575.579956	0.987218
1577.510010	0.988762
1579.439941	0.991801
1581.369995	0.992519
1583.300049	0.994095
1585.229980	0.992782
1587.150024	0.992021
1589.079956	0.991478
1591.010010	0.990249
1592.939941	0.990738
1594.869995	0.991490
1596.800049	0.991162
1598.719971	0.991472
1600.650024	0.990567
1602.579956	0.989815
1604.510010	0.989933
1606.439941	0.990522
1608.369995	0.992599
1610.300049	0.991974
1612.219971	0.989822
1614.150024	0.987624
1616.079956	0.987161
1618.010010	0.992839
1619.939941	0.994232
1621.869995	0.991213
1623.800049	0.988578
1625.719971	0.988267
1627.650024	0.990577
1629.579956	0.989826
1631.510010	0.989619
1633.439941	0.989979
1635.369995	0.991228
1637.300049	0.992787
1639.219971	0.990090
1641.150024	0.987752
1643.079956	0.990169
1645.010010	0.989768
1646.939941	0.991494
1648.869995	0.992169
1650.800049	0.987033
1652.719971	0.984619
1654.650024	0.988534
1656.579956	0.990494
1658.510010	0.991182
1660.439941	0.990654
1662.369995	0.989357
1664.290039	0.989338
1666.219971	0.988489
1668.150024	0.987720
1670.079956	0.988168
1672.010010	0.989566
1673.939941	0.988682
1675.869995	0.987788
1677.790039	0.990059
1679.719971	0.992002
1681.650024	0.991779
1683.579956	0.989839
1685.510010	0.990361
1687.439941	0.991904
1689.369995	0.991833
1691.290039	0.991770
1693.219971	0.990124
1695.150024	0.989721
1697.079956	0.994061
1699.010010	0.992180
1700.939941	0.988267
1702.859985	0.990643
1704.790039	0.990594
1706.719971	0.989990
1708.650024	0.989740
1710.579956	0.990094
1712.510010	0.991156
1714.430054	0.990699
1716.359985	0.989032
1718.290039	0.989287
1720.219971	0.989939
1722.150024	0.990709
1724.079956	0.990875
1726.010010	0.991628
1727.930054	0.993932
1729.859985	0.993362
1731.790039	0.991332
1733.719971	0.993904
1735.650024	0.992320
1737.579956	0.988164
1739.510010	0.989194
1741.430054	0.991977
1743.359985	0.990988
1745.290039	0.991396
1747.219971	0.992925
1749.150024	0.991190
1751.079956	0.991229
1753.010010	0.991650
1754.930054	0.988935
1756.859985	0.988570
1758.790039	0.991639
1760.719971	0.992445
1762.650024	0.994826
1764.579956	0.995459
1766.510010	0.992934
1768.430054	0.992225
1770.359985	0.988229
1772.290039	0.988288
1774.219971	0.991740
1776.150024	0.990665
1778.079956	0.990848
1780.000000	0.993998
1781.930054	0.991804
1783.859985	0.987955
1785.790039	0.989750
1787.719971	0.993942
1789.650024	0.994241
1791.579956	0.991081
1793.500000	0.989104
1795.430054	0.991752
1797.359985	0.992155
1799.290039	0.992582
1801.219971	0.991823
1803.150024	0.988014
1805.069946	0.986534
1807.000000	0.988042
1808.930054	0.987439
1810.859985	0.989675
1812.790039	0.991040
1814.719971	0.987995
1816.650024	0.986977
1818.569946	0.990401
1820.500000	0.993786
1822.430054	0.993907
1824.359985	0.992210
1826.290039	0.990023
1828.219971	0.994381
1830.140015	0.991874
1832.069946	0.984509
1834.000000	0.981764
1835.930054	0.984509
1837.859985	0.987598
1839.790039	0.988764
1841.719971	0.989068
1843.640015	0.987818
1845.569946	0.989748
1847.500000	0.994441
1849.430054	0.992269
1851.359985	0.985703
1853.290039	0.986986
1855.209961	0.989309
1857.140015	0.989927
1859.069946	0.989813
1861.000000	0.989866
1862.930054	0.988009
1864.859985	0.985352
1866.790039	0.986345
1868.709961	0.988375
1870.640015	0.989618
1872.569946	0.988212
1874.500000	0.987598
1876.430054	0.991865
1878.359985	0.993482
1880.290039	0.992018
1882.209961	0.989203
1884.140015	0.992192
1886.069946	0.993969
1888.000000	0.992107
1889.930054	0.991240
1891.859985	0.992287
1893.790039	0.989461
1895.709961	0.986702
1897.640015	0.986365
1899.569946	0.983887
1901.500000	0.984007
1903.430054	0.986011
1905.359985	0.987555
1907.290039	0.992798
1909.209961	0.993381
1911.140015	0.987503
1913.069946	0.991634
1915.000000	0.996464
1916.930054	0.993861
1918.859985	0.990541
1920.780029	0.986503
1922.709961	0.983864
1924.640015	0.981218
1926.569946	0.982295
1928.500000	0.984462
1930.430054	0.985363
1932.359985	0.990342
1934.280029	0.995127
1936.209961	0.998580
1938.140015	0.998798
1940.069946	0.991745
1942.000000	0.986300
1943.930054	0.985492
1945.859985	0.989416
1947.780029	0.987738
1949.709961	0.985340
1951.640015	0.986394
1953.569946	0.983859
1955.500000	0.982759
1957.430054	0.986122
1959.349976	0.987926
1961.280029	0.989469
1963.209961	0.990457
1965.140015	0.994172
1967.069946	0.992118
1969.000000	0.993436
1970.920044	0.990107
1972.849976	0.989251
1974.780029	0.993888
1976.709961	0.996133
1978.640015	0.992424
1980.569946	0.987289
1982.500000	0.986075
1984.420044	0.986832
1986.349976	0.992658
1988.280029	0.992300
1990.209961	0.989901
1992.140015	0.990435
1994.069946	0.988382
1996.000000	0.987390
1997.920044	0.986935
1999.849976	0.986324
