225.634003	0.900513
227.563004	0.916039
229.490997	0.926924
231.419998	0.903472
233.348007	0.897641
235.276993	0.889025
237.205002	0.894918
239.134003	0.927420
241.061996	0.914684
242.990997	0.902678
244.919006	0.920554
246.848007	0.934639
248.776001	0.913279
250.705002	0.891698
252.632996	0.889602
254.561996	0.890447
256.489990	0.886632
258.419006	0.892953
260.346985	0.909106
262.276001	0.916338
264.204010	0.909933
266.132996	0.903264
268.061005	0.888790
269.989990	0.881020
271.917999	0.885111
273.846985	0.886405
275.774994	0.888309
277.704010	0.899353
279.631989	0.903903
281.561005	0.907250
283.489014	0.899450
285.417999	0.886678
287.346008	0.894432
289.274994	0.903755
291.203003	0.905558
293.131989	0.912725
295.059998	0.914934
296.989014	0.911020
298.916992	0.913350
300.846008	0.924236
302.773987	0.922436
304.703003	0.904563
306.631012	0.904282
308.559998	0.908742
310.488007	0.911014
312.416992	0.904339
314.345001	0.894210
316.273987	0.893533
318.201996	0.901459
320.131012	0.902088
322.058990	0.888530
323.988007	0.880231
325.915985	0.886233
327.845001	0.888064
329.773010	0.878306
331.701996	0.876082
333.630005	0.874041
335.558990	0.868468
337.487000	0.863094
339.415985	0.859758
341.343994	0.862878
343.273010	0.865208
345.200989	0.863880
347.130005	0.864903
349.058014	0.865199
350.987000	0.860254
352.915009	0.858874
354.843994	0.862150
356.772003	0.866666
358.700989	0.870957
360.628998	0.875260
362.558014	0.876830
364.485992	0.880641
366.415009	0.888479
368.342987	0.894033
370.272003	0.893679
372.200012	0.894713
374.128998	0.900346
376.057007	0.898066
377.985992	0.887283
379.914001	0.880974
381.842987	0.880021
383.770996	0.874492
385.700012	0.869562
387.627991	0.866478
389.557007	0.857764
391.484985	0.845408
393.414001	0.836515
395.342010	0.829362
397.270996	0.820820
399.199005	0.815523
401.127991	0.813938
403.056000	0.813678
404.984985	0.810051
406.912994	0.808974
408.842010	0.814310
410.769989	0.819674
412.699005	0.826415
414.627014	0.836381
416.556000	0.846870
418.484009	0.856531
420.412994	0.862690
422.341003	0.867394
424.269989	0.874647
426.197998	0.882098
428.127014	0.889764
430.054993	0.893363
431.984009	0.902062
433.911987	0.915797
435.841003	0.926246
437.769012	0.931732
439.697998	0.936685
441.626007	0.942247
443.554993	0.945592
445.483002	0.946356
447.411987	0.945298
449.339996	0.942896
451.269012	0.940237
453.196991	0.940022
455.126007	0.939949
457.053986	0.940442
458.983002	0.941142
460.911011	0.943271
462.839996	0.942740
464.768005	0.942128
466.696991	0.942430
468.625000	0.941205
470.553986	0.938011
472.481995	0.932902
474.411011	0.930547
476.338989	0.927774
478.268005	0.918929
480.196014	0.911814
482.125000	0.906954
484.053009	0.902403
485.981995	0.898108
487.910004	0.893464
489.838989	0.887851
491.766998	0.886904
493.696014	0.887404
495.623993	0.887831
497.553009	0.889431
499.480988	0.893340
501.410004	0.896666
503.338013	0.895498
505.266998	0.891599
507.195007	0.888169
509.123993	0.885199
511.052002	0.880458
512.981018	0.876338
514.908997	0.875153
516.838013	0.873322
518.765991	0.872550
520.695007	0.872695
522.622986	0.871518
524.552002	0.871628
526.479980	0.872272
528.408997	0.870841
530.336975	0.869698
532.265991	0.868773
534.193970	0.868535
536.122986	0.870623
538.051025	0.873593
539.979980	0.876959
541.908020	0.880524
543.836975	0.885417
545.765015	0.892908
547.692993	0.899207
549.622009	0.905416
551.551025	0.914573
553.479004	0.925210
555.408020	0.933780
557.335999	0.942344
559.263977	0.950389
561.192993	0.956086
563.120972	0.961090
565.049988	0.967187
566.979004	0.971181
568.906982	0.973271
570.835999	0.975938
572.763977	0.978502
574.692017	0.978730
576.620972	0.976981
578.549011	0.974799
580.478027	0.973832
582.406982	0.974527
584.335022	0.974525
586.263977	0.971988
588.192017	0.969115
590.119995	0.967932
592.049011	0.966736
593.976990	0.963343
595.906006	0.961154
597.835022	0.961143
599.763000	0.959902
601.692017	0.958345
603.619995	0.958241
605.547974	0.955929
607.476990	0.954642
609.405029	0.952543
611.333984	0.952925
613.263000	0.954440
615.190979	0.954915
617.119019	0.956336
619.047974	0.956600
620.976013	0.957916
622.905029	0.959674
624.833008	0.962663
626.762024	0.966781
628.690002	0.969981
630.619019	0.973637
632.547974	0.978061
634.476013	0.982240
636.403992	0.984384
638.333008	0.986307
640.260986	0.989204
642.190002	0.992409
644.119019	0.993706
646.046997	0.993574
647.976013	0.994671
649.903992	0.995983
651.831970	0.994785
653.760986	0.992791
655.689026	0.991638
657.617981	0.990850
659.546021	0.992787
661.474976	0.993212
663.403015	0.993151
665.331970	0.993089
667.260010	0.993028
669.189026	0.992966
671.117004	0.992905
673.046021	0.992843
674.973999	0.991582
676.903015	0.992004
678.830994	0.991824
680.760010	0.991039
682.687988	0.990649
684.617004	0.991143
686.544983	0.991751
688.473999	0.990440
690.401978	0.988628
692.330994	0.988397
694.258972	0.989323
696.187988	0.990225
698.116028	0.989494
700.044983	0.988187
701.973022	0.987774
703.901978	0.986802
705.830017	0.986377
707.758972	0.986279
709.687012	0.985491
711.616028	0.985408
713.544006	0.985413
715.473022	0.986405
717.401001	0.986323
719.330017	0.984461
721.257996	0.982709
723.187012	0.982010
725.114990	0.982351
727.044006	0.981957
728.971985	0.980458
730.901001	0.980101
732.828979	0.980786
734.757996	0.980696
736.685974	0.980366
738.614990	0.980728
740.543030	0.979559
742.471985	0.978183
744.400024	0.978609
746.328979	0.978553
748.257019	0.977878
750.185974	0.977829
752.114014	0.977024
754.043030	0.976764
755.971008	0.976527
757.900024	0.975943
759.828003	0.974193
761.757019	0.972840
763.684998	0.973846
765.614014	0.973698
767.541992	0.972052
769.471008	0.972130
771.398987	0.972350
773.328003	0.971325
775.255981	0.970728
777.184998	0.969342
779.112976	0.967694
781.041992	0.967509
782.969971	0.968390
784.898987	0.967143
786.827026	0.965678
788.755981	0.965527
790.684021	0.965756
792.612976	0.965113
794.541016	0.963492
796.469971	0.962222
798.398010	0.960866
800.327026	0.959559
802.255005	0.958665
804.184021	0.958630
806.112000	0.957675
808.041016	0.956512
809.968994	0.954884
811.898010	0.951893
813.825989	0.950236
815.755005	0.948932
817.682983	0.947976
819.612000	0.946965
821.539978	0.944818
823.468994	0.943110
825.396973	0.940350
827.325989	0.937157
829.254028	0.933722
831.182983	0.931586
833.111023	0.931331
835.039978	0.931123
836.968018	0.933222
838.896973	0.936827
840.825012	0.939167
842.754028	0.939848
844.682007	0.938158
846.611023	0.934249
848.539001	0.929307
850.468018	0.925643
852.395996	0.921531
854.325012	0.916927
856.252991	0.912760
858.182007	0.908921
860.109985	0.903221
862.039001	0.895763
863.966980	0.887756
865.895996	0.879243
867.823975	0.871032
869.752991	0.862276
871.681030	0.853892
873.609985	0.846747
875.538025	0.840530
877.466980	0.832977
879.395020	0.826049
881.323975	0.821310
883.252014	0.817047
885.181030	0.813548
887.109009	0.809806
889.038025	0.807009
890.966003	0.804672
892.895020	0.801771
894.822998	0.799633
896.752014	0.797760
898.679993	0.795309
900.609009	0.793366
902.536987	0.791344
904.466003	0.789259
906.393982	0.787926
908.322998	0.785401
910.250977	0.782367
912.179993	0.780557
914.107971	0.779189
916.036987	0.777103
917.965027	0.774874
919.893982	0.773034
921.822021	0.771436
923.750977	0.771934
925.679016	0.772733
927.607971	0.772551
929.536011	0.772674
931.465027	0.774305
933.393005	0.777647
935.322021	0.782418
937.250000	0.789132
939.179016	0.799515
941.106995	0.812724
943.036011	0.828990
944.963989	0.847929
946.893005	0.866206
948.820984	0.879210
950.750000	0.885392
952.677979	0.886503
954.606995	0.885569
956.534973	0.884907
958.463989	0.882378
960.392029	0.878006
962.320984	0.874342
964.249023	0.871153
966.177979	0.868159
968.106018	0.865768
970.034973	0.865603
971.963013	0.868365
973.892029	0.873543
975.820007	0.881492
977.749023	0.890703
979.677002	0.899729
981.606018	0.908987
983.533997	0.916455
985.463013	0.921684
987.390991	0.925454
989.320007	0.927253
991.247986	0.928940
993.177002	0.930139
995.104980	0.930429
997.033997	0.930822
998.961975	0.930020
1000.890015	0.928131
1002.820007	0.927445
1004.750000	0.925905
1006.679993	0.924853
1008.609985	0.924958
1010.530029	0.923884
1012.460022	0.922627
1014.390015	0.922102
1016.320007	0.920821
1018.250000	0.919406
1020.179993	0.918299
1022.099976	0.917348
1024.030029	0.916349
1025.959961	0.916261
1027.890015	0.916276
1029.819946	0.914242
1031.750000	0.913210
1033.670044	0.913116
1035.599976	0.913323
1037.530029	0.913681
1039.459961	0.913432
1041.390015	0.914293
1043.319946	0.915219
1045.250000	0.916722
1047.170044	0.918893
1049.099976	0.920662
1051.030029	0.923163
1052.959961	0.926268
1054.890015	0.930543
1056.819946	0.937291
1058.750000	0.944214
1060.670044	0.952896
1062.599976	0.960326
1064.530029	0.965489
1066.459961	0.969950
1068.390015	0.974241
1070.319946	0.978522
1072.239990	0.981917
1074.170044	0.984312
1076.099976	0.986427
1078.030029	0.988477
1079.959961	0.989174
1081.890015	0.990340
1083.819946	0.991898
1085.739990	0.992851
1087.670044	0.993153
1089.599976	0.993164
1091.530029	0.993619
1093.459961	0.994722
1095.390015	0.995181
1097.319946	0.995443
1099.239990	0.994990
1101.170044	0.993540
1103.099976	0.993522
1105.030029	0.995453
1106.959961	0.995572
1108.890015	0.994427
1110.819946	0.994957
1112.739990	0.996663
1114.670044	0.997410
1116.599976	0.997708
1118.530029	0.997965
1120.459961	0.997603
1122.390015	0.997973
1124.310059	0.999121
1126.239990	0.999884
1128.170044	0.998956
1130.099976	0.999019
1132.030029	1.000940
1133.959961	1.002230
1135.880005	1.002270
1137.810059	1.002360
1139.739990	1.002150
1141.670044	1.001040
1143.599976	1.000620
1145.530029	1.000480
1147.459961	1.000480
1149.380005	1.000620
1151.310059	0.999868
1153.239990	0.999369
1155.170044	1.000280
1157.099976	1.001000
1159.030029	1.001320
1160.959961	1.000700
1162.880005	0.999551
1164.810059	0.999754
1166.739990	1.000680
1168.670044	1.001220
1170.599976	1.000480
1172.530029	0.999506
1174.449951	0.999998
1176.380005	1.000180
1178.310059	1.000020
1180.239990	1.000110
1182.170044	0.999739
1184.099976	0.999365
1186.030029	0.998573
1187.949951	0.998801
1189.880005	0.999324
1191.810059	0.999273
1193.739990	0.999224
1195.670044	0.999347
1197.599976	0.999447
1199.530029	0.998965
1201.449951	0.997531
1203.380005	0.997346
1205.310059	0.997645
1207.239990	0.997052
1209.170044	0.995899
1211.099976	0.996640
1213.030029	0.997874
1214.949951	0.997860
1216.880005	0.997696
1218.810059	0.997562
1220.739990	0.996590
1222.670044	0.995785
1224.599976	0.996055
1226.530029	0.995715
1228.449951	0.995127
1230.380005	0.994621
1232.310059	0.994503
1234.239990	0.996204
1236.170044	0.996826
1238.099976	0.995005
1240.020020	0.993788
1241.949951	0.993181
1243.880005	0.993194
1245.810059	0.993576
1247.739990	0.994375
1249.670044	0.994426
1251.599976	0.993044
1253.520020	0.992885
1255.449951	0.993172
1257.380005	0.993033
1259.310059	0.992814
1261.239990	0.992820
1263.170044	0.992248
1265.099976	0.991385
1267.020020	0.991322
1268.949951	0.992961
1270.880005	0.993732
1272.810059	0.993372
1274.739990	0.992604
1276.670044	0.992135
1278.589966	0.991840
1280.520020	0.992224
1282.449951	0.991858
1284.380005	0.990691
1286.310059	0.990611
1288.239990	0.991134
1290.160034	0.991569
1292.089966	0.992875
1294.020020	0.991448
1295.949951	0.990632
1297.880005	0.991370
1299.810059	0.990756
1301.739990	0.990953
1303.660034	0.991334
1305.589966	0.991819
1307.520020	0.992386
1309.449951	0.991797
1311.380005	0.990856
1313.310059	0.991088
1315.239990	0.990136
1317.160034	0.989553
1319.089966	0.990019
1321.020020	0.990769
1322.949951	0.990321
1324.880005	0.990318
1326.810059	0.989769
1328.729980	0.988256
1330.660034	0.987807
1332.589966	0.988035
1334.520020	0.988085
1336.449951	0.987731
1338.380005	0.987600
1340.310059	0.988008
1342.229980	0.987813
1344.160034	0.987760
1346.089966	0.986614
1348.020020	0.985847
1349.949951	0.986373
1351.880005	0.986500
1353.810059	0.985270
1355.729980	0.984703
1357.660034	0.985789
1359.589966	0.986640
1361.520020	0.984886
1363.449951	0.985236
1365.380005	0.986151
1367.310059	0.984312
1369.229980	0.983272
1371.160034	0.983323
1373.089966	0.982644
1375.020020	0.982450
1376.949951	0.983102
1378.880005	0.982891
1380.810059	0.982970
1382.729980	0.982632
1384.660034	0.981419
1386.589966	0.980736
1388.520020	0.980833
1390.449951	0.981574
1392.380005	0.980586
1394.300049	0.980123
1396.229980	0.980867
1398.160034	0.981052
1400.089966	0.980293
1402.020020	0.978933
1403.949951	0.978658
1405.880005	0.979350
1407.800049	0.978654
1409.729980	0.978737
1411.660034	0.979382
1413.589966	0.978304
1415.520020	0.977245
1417.449951	0.976566
1419.380005	0.975947
1421.300049	0.976010
1423.229980	0.974865
1425.160034	0.974296
1427.089966	0.975531
1429.020020	0.974906
1430.949951	0.974571
1432.869995	0.974095
1434.800049	0.972657
1436.729980	0.972864
1438.660034	0.973619
1440.589966	0.974736
1442.520020	0.974558
1444.439941	0.972727
1446.369995	0.971821
1448.300049	0.974105
1450.229980	0.975316
1452.160034	0.972871
1454.089966	0.971857
1456.020020	0.971085
1457.939941	0.969804
1459.869995	0.971334
1461.800049	0.972199
1463.729980	0.970746
1465.660034	0.970659
1467.589966	0.970270
1469.520020	0.969210
1471.439941	0.968214
1473.369995	0.968691
1475.300049	0.969298
1477.229980	0.970013
1479.160034	0.969560
1481.089966	0.968981
1483.020020	0.968522
1484.939941	0.967449
1486.869995	0.966256
1488.800049	0.965291
1490.729980	0.966014
1492.660034	0.967209
1494.589966	0.966888
1496.520020	0.966388
1498.439941	0.967030
1500.369995	0.968154
1502.300049	0.967925
1504.229980	0.966791
1506.160034	0.966130
1508.089966	0.967000
1510.010010	0.967172
1511.939941	0.967789
1513.869995	0.967618
1515.800049	0.966384
1517.729980	0.965829
1519.660034	0.965657
1521.589966	0.965517
1523.510010	0.968451
1525.439941	0.967983
1527.369995	0.966760
1529.300049	0.969442
1531.229980	0.970180
1533.160034	0.967622
1535.089966	0.969304
1537.010010	0.968345
1538.939941	0.965160
1540.869995	0.963908
1542.800049	0.963565
1544.729980	0.965316
1546.660034	0.966604
1548.579956	0.965731
1550.510010	0.966452
1552.439941	0.968595
1554.369995	0.968664
1556.300049	0.968586
1558.229980	0.966265
1560.150024	0.967055
1562.079956	0.970868
1564.010010	0.971731
1565.939941	0.969340
1567.869995	0.966533
1569.800049	0.967024
1571.729980	0.969330
1573.650024	0.969378
1575.579956	0.969889
1577.510010	0.970763
1579.439941	0.970074
1581.369995	0.969281
1583.300049	0.970067
1585.229980	0.970700
1587.150024	0.969937
1589.079956	0.969092
1591.010010	0.968980
1592.939941	0.970830
1594.869995	0.969505
1596.800049	0.967270
1598.719971	0.969090
1600.650024	0.969565
1602.579956	0.968988
1604.510010	0.967367
1606.439941	0.967694
1608.369995	0.969460
1610.300049	0.971635
1612.219971	0.972104
1614.150024	0.970728
1616.079956	0.967951
1618.010010	0.969286
1619.939941	0.970755
1621.869995	0.970410
1623.800049	0.970130
1625.719971	0.971419
1627.650024	0.972744
1629.579956	0.974912
1631.510010	0.975247
1633.439941	0.973036
1635.369995	0.969932
1637.300049	0.973711
1639.219971	0.976417
1641.150024	0.978510
1643.079956	0.980526
1645.010010	0.979436
1646.939941	0.978192
1648.869995	0.979546
1650.800049	0.979239
1652.719971	0.977495
1654.650024	0.980967
1656.579956	0.985044
1658.510010	0.986019
1660.439941	0.983836
1662.369995	0.981337
1664.290039	0.982953
1666.219971	0.984788
1668.150024	0.982393
1670.079956	0.980989
1672.010010	0.982509
1673.939941	0.981218
1675.869995	0.979469
1677.790039	0.979594
1679.719971	0.979552
1681.650024	0.978273
1683.579956	0.978446
1685.510010	0.981023
1687.439941	0.983073
1689.369995	0.980826
1691.290039	0.980378
1693.219971	0.980952
1695.150024	0.981664
1697.079956	0.980242
1699.010010	0.976752
1700.939941	0.979047
1702.859985	0.982269
1704.790039	0.981485
1706.719971	0.980434
1708.650024	0.978022
1710.579956	0.977965
1712.510010	0.979980
1714.430054	0.978669
1716.359985	0.977506
1718.290039	0.978133
1720.219971	0.978380
1722.150024	0.978789
1724.079956	0.979034
1726.010010	0.978398
1727.930054	0.978656
1729.859985	0.977106
1731.790039	0.976614
1733.719971	0.975649
1735.650024	0.977277
1737.579956	0.980799
1739.510010	0.980102
1741.430054	0.978636
1743.359985	0.980251
1745.290039	0.981673
1747.219971	0.980072
1749.150024	0.980579
1751.079956	0.980504
1753.010010	0.980501
1754.930054	0.981728
1756.859985	0.984845
1758.790039	0.983816
1760.719971	0.982815
1762.650024	0.982404
1764.579956	0.981855
1766.500000	0.982386
1768.430054	0.984821
1770.359985	0.983727
1772.290039	0.980558
1774.219971	0.978317
1776.150024	0.976721
1778.079956	0.977879
1780.000000	0.978078
1781.930054	0.978408
1783.859985	0.979754
1785.790039	0.979377
1787.719971	0.981405
1789.650024	0.980216
1791.579956	0.977745
1793.500000	0.977315
1795.430054	0.982048
1797.359985	0.981093
1799.290039	0.979246
1801.219971	0.982149
1803.150024	0.982485
1805.069946	0.981284
1807.000000	0.982568
1808.930054	0.981262
1810.859985	0.979696
1812.790039	0.977602
1814.719971	0.977893
1816.640015	0.978408
1818.569946	0.979382
1820.500000	0.979922
1822.430054	0.981558
1824.359985	0.980093
1826.290039	0.979827
1828.219971	0.978713
1830.140015	0.978453
1832.069946	0.978960
1834.000000	0.978713
1835.930054	0.977585
1837.859985	0.975228
1839.790039	0.976794
1841.719971	0.977702
1843.640015	0.976705
1845.569946	0.975680
1847.500000	0.973610
1849.430054	0.975266
1851.359985	0.979819
1853.290039	0.979312
1855.209961	0.975311
1857.140015	0.978294
1859.069946	0.980926
1861.000000	0.979279
1862.930054	0.976568
1864.859985	0.973433
1866.790039	0.973154
1868.709961	0.975301
1870.640015	0.977721
1872.569946	0.975036
1874.500000	0.972927
1876.430054	0.975027
1878.359985	0.976599
1880.290039	0.976618
1882.209961	0.974341
1884.140015	0.976461
1886.069946	0.978345
1888.000000	0.980963
1889.930054	0.980908
1891.859985	0.978269
1893.790039	0.973464
1895.709961	0.969862
1897.640015	0.972509
1899.569946	0.975493
1901.500000	0.976758
1903.430054	0.974484
1905.359985	0.971052
1907.290039	0.972034
1909.209961	0.975468
1911.140015	0.973303
1913.069946	0.967835
1915.000000	0.967869
1916.930054	0.968829
1918.859985	0.972432
1920.780029	0.974703
1922.709961	0.975374
1924.640015	0.971727
1926.569946	0.969996
1928.500000	0.970819
1930.430054	0.971769
1932.359985	0.971975
1934.280029	0.968579
1936.209961	0.965364
1938.140015	0.967235
1940.069946	0.968556
1942.000000	0.967381
1943.930054	0.962080
1945.859985	0.961270
1947.780029	0.965515
1949.709961	0.966683
1951.640015	0.964265
1953.569946	0.963955
1955.500000	0.963481
1957.430054	0.962275
1959.349976	0.964409
1961.280029	0.960073
1963.209961	0.959256
1965.140015	0.966181
1967.069946	0.971760
1969.000000	0.969289
1970.920044	0.967602
1972.849976	0.969250
1974.780029	0.964772
1976.709961	0.963257
1978.640015	0.965707
1980.569946	0.969610
1982.500000	0.966586
1984.420044	0.964358
1986.349976	0.968576
1988.280029	0.972789
1990.209961	0.973525
1992.140015	0.970767
1994.069946	0.968672
1996.000000	0.971221
1997.920044	0.972622
1999.849976	0.967581
