225.634003	0.968757
227.563004	0.979444
229.490997	1.001280
231.419998	0.988135
233.348007	0.990310
235.276993	0.979193
237.205002	0.941982
239.134003	0.960407
241.061996	0.990103
242.990997	0.979332
244.919006	0.962009
246.848007	0.976716
248.776001	0.977314
250.705002	0.959419
252.632996	0.961080
254.561996	0.968978
256.489990	0.964852
258.419006	0.962504
260.346985	0.955758
262.276001	0.953958
264.204010	0.950245
266.132996	0.957796
268.061005	0.955565
269.989990	0.947633
271.917999	0.946586
273.846985	0.953249
275.774994	0.963748
277.704010	0.974244
279.631989	0.964285
281.561005	0.952376
283.489014	0.942892
285.417999	0.944150
287.346008	0.952406
289.274994	0.949232
291.203003	0.940425
293.131989	0.939989
295.059998	0.935763
296.989014	0.935434
298.916992	0.936222
300.846008	0.943320
302.773987	0.950105
304.703003	0.935123
306.631012	0.923759
308.559998	0.918094
310.488007	0.916729
312.416992	0.919097
314.345001	0.918466
316.273987	0.911558
318.201996	0.910469
320.131012	0.915734
322.058990	0.923094
323.988007	0.923780
325.915985	0.915258
327.845001	0.920860
329.773010	0.919241
331.701996	0.915794
333.630005	0.915599
335.558990	0.918297
337.487000	0.922385
339.415985	0.926525
341.343994	0.929987
343.273010	0.936347
345.200989	0.944349
347.130005	0.946057
349.058014	0.954269
350.987000	0.962112
352.915009	0.961108
354.843994	0.959619
356.772003	0.960798
358.700989	0.955472
360.628998	0.953420
362.558014	0.955587
364.485992	0.954009
366.415009	0.950712
368.342987	0.949025
370.272003	0.947355
372.200012	0.940914
374.128998	0.939742
376.057007	0.947238
377.985992	0.947478
379.914001	0.944981
381.842987	0.945726
383.770996	0.948020
385.700012	0.958646
387.627991	0.970184
389.557007	0.976008
391.484985	0.978148
393.414001	0.982290
395.342010	0.988060
397.270996	0.991416
399.199005	0.992025
401.127991	0.993019
403.056000	0.994726
404.984985	0.993874
406.912994	0.991614
408.842010	0.991752
410.769989	0.990194
412.699005	0.989971
414.627014	0.990196
416.556000	0.989502
418.484009	0.992366
420.412994	0.994639
422.341003	0.993997
424.269989	0.992479
426.197998	0.993806
428.127014	0.996889
430.054993	0.994680
431.984009	0.993940
433.911987	0.995509
435.841003	0.994138
437.769012	0.991026
439.697998	0.991834
441.626007	0.990924
443.554993	0.988680
445.483002	0.987577
447.411987	0.987231
449.339996	0.985648
451.269012	0.982270
453.196991	0.981529
455.126007	0.980299
457.053986	0.977631
458.983002	0.975531
460.911011	0.972895
462.839996	0.969259
464.768005	0.965288
466.696991	0.961054
468.625000	0.956375
470.553986	0.951495
472.481995	0.947899
474.411011	0.948811
476.338989	0.949193
478.268005	0.947581
480.196014	0.944361
482.125000	0.944831
484.053009	0.946219
485.981995	0.945468
487.910004	0.945361
489.838989	0.943658
491.766998	0.940018
493.696014	0.938263
495.623993	0.938075
497.553009	0.934716
499.480988	0.930634
501.410004	0.927228
503.338013	0.926369
505.266998	0.925872
507.195007	0.924472
509.123993	0.924584
511.052002	0.924551
512.981018	0.924781
514.908997	0.923843
516.838013	0.923622
518.765991	0.924249
520.695007	0.926086
522.622986	0.929473
524.552002	0.933610
526.479980	0.935212
528.408997	0.939980
530.336975	0.945679
532.265991	0.949115
534.193970	0.954772
536.122986	0.960949
538.051025	0.967565
539.979980	0.975894
541.908020	0.980292
543.836975	0.983514
545.765015	0.987481
547.692993	0.990525
549.622009	0.992351
551.551025	0.994298
553.479004	0.993735
555.408020	0.992690
557.335999	0.991591
559.263977	0.990167
561.192993	0.991049
563.120972	0.990503
565.049988	0.988626
566.979004	0.987203
568.906982	0.985185
570.835999	0.981757
572.763977	0.980715
574.692017	0.981116
576.620972	0.978935
578.549011	0.977247
580.478027	0.978926
582.406982	0.979324
584.335022	0.977917
586.263977	0.977974
588.192017	0.978331
590.119995	0.977571
592.049011	0.978271
593.976990	0.979442
595.906006	0.980224
597.835022	0.981111
599.763000	0.981463
601.692017	0.981341
603.619995	0.983033
605.547974	0.986524
607.476990	0.989283
609.405029	0.992140
611.333984	0.995208
613.263000	0.996808
615.190979	0.998587
617.119019	0.999831
619.047974	1.001820
620.976013	1.003360
622.905029	1.003920
624.833008	1.005060
626.762024	1.006110
628.690002	1.006430
630.619019	1.004770
632.547974	1.002640
634.476013	1.001680
636.403992	1.001480
638.333008	1.001970
640.260986	1.002120
642.190002	1.002350
644.119019	1.003290
646.046997	1.002740
647.976013	1.002060
649.903992	1.002280
651.831970	1.002750
653.760986	1.002170
655.689026	1.002070
657.617981	1.003060
659.546021	1.002430
661.474976	1.000620
663.403015	1.000630
665.331970	1.001710
667.260010	1.003580
669.189026	1.001580
671.117004	0.999723
673.046021	1.000020
674.973999	0.998700
676.903015	0.999703
678.830994	0.999945
680.760010	0.998844
682.687988	0.997405
684.617004	0.997341
686.544983	0.998014
688.473999	0.998858
690.401978	0.998854
692.330994	0.997413
694.258972	0.996936
696.187988	0.996752
698.116028	0.995696
700.044983	0.995351
701.973022	0.996045
703.901978	0.995366
705.830017	0.995494
707.758972	0.996014
709.687012	0.994883
711.616028	0.995047
713.544006	0.994481
715.473022	0.994940
717.401001	0.994250
719.330017	0.993121
721.257996	0.993667
723.187012	0.993354
725.114990	0.993412
727.044006	0.994130
728.971985	0.992448
730.901001	0.990855
732.828979	0.990327
734.757996	0.989783
736.685974	0.989721
738.614990	0.990595
740.543030	0.990483
742.471985	0.989549
744.400024	0.989416
746.328979	0.989276
748.257019	0.989603
750.185974	0.990359
752.114014	0.989181
754.043030	0.988207
755.971008	0.988366
757.900024	0.987472
759.828003	0.986364
761.757019	0.985583
763.684998	0.985995
765.614014	0.986621
767.541992	0.986154
769.471008	0.985310
771.398987	0.982996
773.328003	0.982731
775.255981	0.983238
777.184998	0.981970
779.112976	0.981828
781.041992	0.983211
782.969971	0.982067
784.898987	0.980612
786.827026	0.979378
788.755981	0.978743
790.684021	0.979004
792.612976	0.978601
794.541016	0.977656
796.469971	0.976329
798.398010	0.975213
800.327026	0.973711
802.255005	0.973579
804.184021	0.974172
806.112000	0.972898
808.041016	0.971018
809.968994	0.968695
811.898010	0.967469
813.825989	0.967628
815.755005	0.966261
817.682983	0.964835
819.612000	0.963526
821.539978	0.961168
823.468994	0.959100
825.396973	0.957111
827.325989	0.955011
829.254028	0.954981
831.182983	0.957461
833.111023	0.960875
835.039978	0.964254
836.968018	0.965605
838.896973	0.963276
840.825012	0.960326
842.754028	0.958182
844.682007	0.955999
846.611023	0.953751
848.539001	0.950483
850.468018	0.946063
852.395996	0.940927
854.325012	0.937077
856.252991	0.933381
858.182007	0.928813
860.109985	0.924404
862.039001	0.919657
863.966980	0.915054
865.895996	0.911259
867.823975	0.907369
869.752991	0.903457
871.681030	0.899052
873.609985	0.896080
875.538025	0.894494
877.466980	0.892196
879.395020	0.890922
881.323975	0.889174
883.252014	0.887291
885.181030	0.886871
887.109009	0.884673
889.038025	0.883022
890.966003	0.882345
892.895020	0.881529
894.822998	0.880809
896.752014	0.880337
898.679993	0.879710
900.609009	0.879013
902.536987	0.878283
904.466003	0.878519
906.393982	0.878880
908.322998	0.879506
910.250977	0.880386
912.179993	0.881461
914.107971	0.883535
916.036987	0.886486
917.965027	0.890107
919.893982	0.895035
921.822021	0.903235
923.750977	0.912670
925.679016	0.920794
927.607971	0.928753
929.536011	0.935956
931.465027	0.941624
933.393005	0.944425
935.322021	0.943414
937.250000	0.940356
939.179016	0.937103
941.106995	0.934648
943.036011	0.931564
944.963989	0.927307
946.893005	0.923188
948.820984	0.919729
950.750000	0.918278
952.677979	0.918887
954.606995	0.920538
956.534973	0.922692
958.463989	0.926628
960.392029	0.931708
962.320984	0.937935
964.249023	0.945177
966.177979	0.951435
968.106018	0.954736
970.034973	0.957367
971.963013	0.959837
973.892029	0.960449
975.820007	0.961202
977.749023	0.962627
979.677002	0.963394
981.606018	0.962740
983.533997	0.962024
985.463013	0.962051
987.390991	0.961759
989.320007	0.961033
991.247986	0.960585
993.177002	0.960139
995.104980	0.958876
997.033997	0.956998
998.961975	0.956664
1000.890015	0.956640
1002.820007	0.956310
1004.750000	0.956175
1006.679993	0.956625
1008.609985	0.957442
1010.530029	0.957937
1012.460022	0.957575
1014.390015	0.958445
1016.320007	0.958543
1018.250000	0.958114
1020.179993	0.959353
1022.099976	0.961033
1024.030029	0.962472
1025.959961	0.964235
1027.890015	0.966224
1029.819946	0.968046
1031.750000	0.970803
1033.670044	0.974235
1035.599976	0.977612
1037.530029	0.979322
1039.459961	0.981775
1041.390015	0.985257
1043.319946	0.987329
1045.250000	0.989392
1047.170044	0.991593
1049.099976	0.993394
1051.030029	0.993952
1052.959961	0.994991
1054.890015	0.996462
1056.819946	0.996323
1058.750000	0.996476
1060.670044	0.997187
1062.599976	0.996868
1064.530029	0.997366
1066.459961	0.998239
1068.390015	0.998123
1070.319946	0.997882
1072.239990	0.998610
1074.170044	0.999393
1076.099976	0.999148
1078.030029	0.998923
1079.959961	0.998708
1081.890015	0.998899
1083.819946	0.999147
1085.739990	0.999681
1087.670044	0.999922
1089.599976	0.999468
1091.530029	0.998205
1093.459961	0.997977
1095.390015	0.998093
1097.319946	0.997701
1099.239990	0.996689
1101.170044	0.996325
1103.099976	0.996831
1105.030029	0.997061
1106.959961	0.996730
1108.890015	0.996992
1110.819946	0.996748
1112.739990	0.996541
1114.670044	0.996672
1116.599976	0.996617
1118.530029	0.996734
1120.459961	0.997338
1122.390015	0.996412
1124.310059	0.995771
1126.239990	0.995960
1128.170044	0.996132
1130.099976	0.995552
1132.030029	0.995499
1133.959961	0.996217
1135.880005	0.996357
1137.810059	0.995384
1139.739990	0.995063
1141.670044	0.995322
1143.599976	0.995479
1145.530029	0.995776
1147.459961	0.995995
1149.380005	0.995859
1151.310059	0.995433
1153.239990	0.994919
1155.170044	0.994005
1157.099976	0.991934
1159.030029	0.990491
1160.959961	0.990469
1162.880005	0.990858
1164.810059	0.990966
1166.739990	0.990996
1168.670044	0.990349
1170.599976	0.989831
1172.530029	0.990033
1174.449951	0.989000
1176.380005	0.988126
1178.310059	0.987633
1180.239990	0.986693
1182.170044	0.986451
1184.099976	0.986019
1186.030029	0.985516
1187.949951	0.985205
1189.880005	0.984970
1191.810059	0.984969
1193.739990	0.985124
1195.670044	0.984153
1197.599976	0.983737
1199.530029	0.984205
1201.449951	0.985712
1203.380005	0.985410
1205.310059	0.983961
1207.239990	0.984401
1209.170044	0.984354
1211.099976	0.983714
1213.030029	0.983843
1214.949951	0.984193
1216.880005	0.984473
1218.810059	0.984111
1220.739990	0.984263
1222.670044	0.985652
1224.599976	0.985815
1226.530029	0.984620
1228.449951	0.985259
1230.380005	0.985813
1232.310059	0.985614
1234.239990	0.984742
1236.170044	0.984586
1238.099976	0.984725
1240.020020	0.984243
1241.949951	0.983581
1243.880005	0.983263
1245.810059	0.983819
1247.739990	0.983811
1249.670044	0.983797
1251.599976	0.984359
1253.520020	0.983795
1255.449951	0.982194
1257.380005	0.981705
1259.310059	0.982025
1261.239990	0.982373
1263.170044	0.982659
1265.099976	0.982113
1267.020020	0.980933
1268.949951	0.981419
1270.880005	0.983192
1272.810059	0.983603
1274.739990	0.982141
1276.670044	0.981744
1278.589966	0.982653
1280.520020	0.982204
1282.449951	0.980664
1284.380005	0.980950
1286.310059	0.980877
1288.239990	0.980926
1290.160034	0.982109
1292.089966	0.982349
1294.020020	0.981173
1295.949951	0.980315
1297.880005	0.981222
1299.810059	0.981733
1301.739990	0.981596
1303.660034	0.981379
1305.589966	0.981522
1307.520020	0.981571
1309.449951	0.981423
1311.380005	0.981613
1313.310059	0.981850
1315.239990	0.981044
1317.160034	0.981128
1319.089966	0.981215
1321.020020	0.980028
1322.949951	0.979272
1324.880005	0.980012
1326.810059	0.981317
1328.729980	0.981109
1330.660034	0.980806
1332.589966	0.981017
1334.520020	0.980507
1336.449951	0.978937
1338.380005	0.978056
1340.310059	0.979326
1342.229980	0.981092
1344.160034	0.980603
1346.089966	0.980040
1348.020020	0.980080
1349.949951	0.979980
1351.880005	0.980218
1353.810059	0.979180
1355.729980	0.978050
1357.660034	0.978449
1359.589966	0.979997
1361.520020	0.979244
1363.449951	0.978836
1365.380005	0.980362
1367.310059	0.980634
1369.229980	0.979531
1371.160034	0.978920
1373.089966	0.978312
1375.020020	0.978791
1376.949951	0.979846
1378.880005	0.979392
1380.810059	0.978589
1382.729980	0.978462
1384.660034	0.977835
1386.589966	0.976869
1388.520020	0.977606
1390.449951	0.977401
1392.380005	0.978061
1394.300049	0.977629
1396.229980	0.977324
1398.160034	0.977438
1400.089966	0.978254
1402.020020	0.978966
1403.949951	0.978033
1405.880005	0.977532
1407.800049	0.978332
1409.729980	0.977756
1411.660034	0.977173
1413.589966	0.978090
1415.520020	0.976372
1417.449951	0.974070
1419.380005	0.974064
1421.300049	0.976423
1423.229980	0.975481
1425.160034	0.974830
1427.089966	0.977195
1429.020020	0.976985
1430.949951	0.977270
1432.869995	0.977585
1434.800049	0.976933
1436.729980	0.975143
1438.660034	0.975826
1440.589966	0.977440
1442.520020	0.976261
1444.439941	0.975704
1446.369995	0.974518
1448.300049	0.974826
1450.229980	0.974429
1452.160034	0.973224
1454.089966	0.972760
1456.020020	0.975012
1457.939941	0.975661
1459.869995	0.974186
1461.800049	0.973819
1463.729980	0.973503
1465.660034	0.974410
1467.589966	0.975264
1469.520020	0.974534
1471.439941	0.972520
1473.369995	0.971199
1475.300049	0.970631
1477.229980	0.972133
1479.160034	0.973058
1481.089966	0.971226
1483.020020	0.972814
1484.939941	0.974251
1486.869995	0.973009
1488.800049	0.971793
1490.729980	0.972253
1492.660034	0.974264
1494.589966	0.974628
1496.520020	0.973832
1498.439941	0.973911
1500.369995	0.974344
1502.300049	0.974762
1504.229980	0.975187
1506.160034	0.974658
1508.089966	0.970694
1510.010010	0.970544
1511.939941	0.971655
1513.869995	0.970586
1515.800049	0.970271
1517.729980	0.970228
1519.660034	0.970489
1521.589966	0.970568
1523.510010	0.971221
1525.439941	0.971437
1527.369995	0.971881
1529.300049	0.972647
1531.229980	0.974590
1533.160034	0.973389
1535.089966	0.973277
1537.010010	0.975318
1538.939941	0.975650
1540.869995	0.973614
1542.800049	0.970632
1544.729980	0.971081
1546.660034	0.973795
1548.579956	0.973277
1550.510010	0.973412
1552.439941	0.974391
1554.369995	0.973194
1556.300049	0.972861
1558.229980	0.974232
1560.150024	0.973849
1562.079956	0.973185
1564.010010	0.973244
1565.939941	0.975418
1567.869995	0.975706
1569.800049	0.973231
1571.729980	0.972785
1573.650024	0.972807
1575.579956	0.972287
1577.510010	0.973288
1579.439941	0.975324
1581.369995	0.975424
1583.300049	0.974145
1585.229980	0.973359
1587.150024	0.974755
1589.079956	0.974613
1591.010010	0.975227
1592.939941	0.976146
1594.869995	0.975545
1596.800049	0.974968
1598.719971	0.974414
1600.650024	0.974059
1602.579956	0.973277
1604.510010	0.973650
1606.439941	0.975076
1608.369995	0.976574
1610.300049	0.975825
1612.219971	0.974802
1614.150024	0.974598
1616.079956	0.974630
1618.010010	0.975409
1619.939941	0.974104
1621.869995	0.970821
1623.800049	0.973312
1625.719971	0.976868
1627.650024	0.976013
1629.579956	0.977802
1631.510010	0.978198
1633.439941	0.974547
1635.369995	0.970697
1637.300049	0.971248
1639.219971	0.974718
1641.150024	0.976783
1643.079956	0.976441
1645.010010	0.975987
1646.939941	0.974243
1648.869995	0.975850
1650.800049	0.978229
1652.719971	0.979095
1654.650024	0.975600
1656.579956	0.974099
1658.510010	0.975222
1660.439941	0.975276
1662.369995	0.973237
1664.290039	0.973278
1666.219971	0.974900
1668.150024	0.972553
1670.079956	0.972382
1672.010010	0.975069
1673.939941	0.974275
1675.869995	0.973193
1677.790039	0.974209
1679.719971	0.974688
1681.650024	0.974424
1683.579956	0.973514
1685.510010	0.973625
1687.439941	0.974221
1689.369995	0.974930
1691.290039	0.975272
1693.219971	0.975161
1695.150024	0.974040
1697.079956	0.971782
1699.010010	0.972282
1700.939941	0.971352
1702.859985	0.973867
1704.790039	0.975018
1706.719971	0.975316
1708.650024	0.975593
1710.579956	0.974613
1712.510010	0.972769
1714.430054	0.970980
1716.359985	0.973189
1718.290039	0.976061
1720.219971	0.977200
1722.150024	0.978600
1724.079956	0.979089
1726.010010	0.979648
1727.930054	0.978472
1729.859985	0.975182
1731.790039	0.976205
1733.719971	0.976044
1735.650024	0.972124
1737.579956	0.971178
1739.510010	0.969568
1741.430054	0.969252
1743.359985	0.968272
1745.290039	0.965662
1747.219971	0.962253
1749.150024	0.962488
1751.079956	0.964027
1753.010010	0.964510
1754.930054	0.964371
1756.859985	0.965236
1758.790039	0.965374
1760.719971	0.966712
1762.650024	0.968260
1764.579956	0.968988
1766.500000	0.966906
1768.430054	0.967279
1770.359985	0.966570
1772.290039	0.966228
1774.219971	0.968788
1776.150024	0.968313
1778.079956	0.966975
1780.000000	0.965892
1781.930054	0.967083
1783.859985	0.966519
1785.790039	0.965758
1787.719971	0.968696
1789.650024	0.969236
1791.579956	0.965256
1793.500000	0.965263
1795.430054	0.967185
1797.359985	0.966998
1799.290039	0.968433
1801.219971	0.969092
1803.150024	0.967623
1805.069946	0.967611
1807.000000	0.968584
1808.930054	0.966757
1810.859985	0.967578
1812.790039	0.970056
1814.719971	0.972610
1816.640015	0.971077
1818.569946	0.967688
1820.500000	0.966867
1822.430054	0.965029
1824.359985	0.964643
1826.290039	0.968977
1828.219971	0.970423
1830.140015	0.968913
1832.069946	0.968731
1834.000000	0.969127
1835.930054	0.971779
1837.859985	0.973646
1839.790039	0.972297
1841.719971	0.968805
1843.640015	0.968031
1845.569946	0.967608
1847.500000	0.967048
1849.430054	0.968382
1851.359985	0.969086
1853.290039	0.967285
1855.209961	0.966432
1857.140015	0.968887
1859.069946	0.970672
1861.000000	0.972651
1862.930054	0.973596
1864.859985	0.972375
1866.790039	0.968848
1868.709961	0.967448
1870.640015	0.968695
1872.569946	0.970793
1874.500000	0.967061
1876.430054	0.964075
1878.359985	0.964622
1880.290039	0.964304
1882.209961	0.963681
1884.140015	0.963475
1886.069946	0.964625
1888.000000	0.963611
1889.930054	0.963367
1891.859985	0.965283
1893.790039	0.967000
1895.709961	0.970544
1897.640015	0.969341
1899.569946	0.964191
1901.500000	0.964102
1903.430054	0.966440
1905.359985	0.966707
1907.290039	0.966414
1909.209961	0.965330
1911.140015	0.969313
1913.069946	0.968213
1915.000000	0.967103
1916.930054	0.966340
1918.859985	0.962207
1920.780029	0.961096
1922.709961	0.964312
1924.640015	0.966486
1926.569946	0.963841
1928.500000	0.963352
1930.430054	0.964852
1932.359985	0.964395
1934.280029	0.962439
1936.209961	0.966303
1938.140015	0.966244
1940.069946	0.963947
1942.000000	0.964485
1943.930054	0.962446
1945.859985	0.962140
1947.780029	0.964206
1949.709961	0.966000
1951.640015	0.967031
1953.569946	0.964001
1955.500000	0.962748
1957.430054	0.967766
1959.349976	0.969007
1961.280029	0.967251
1963.209961	0.968026
1965.140015	0.965847
1967.069946	0.961447
1969.000000	0.965352
1970.920044	0.968152
1972.849976	0.963065
1974.780029	0.963426
1976.709961	0.965870
1978.640015	0.964530
1980.569946	0.961634
1982.500000	0.962226
1984.420044	0.961626
1986.349976	0.960430
1988.280029	0.960812
1990.209961	0.960712
1992.140015	0.961191
1994.069946	0.962230
1996.000000	0.962765
1997.920044	0.962778
1999.849976	0.963487
