.16730000E+02 1.1655000E-02
1.6778999E+02 1.5321000E-02
1.6827000E+02 1.7876999E-02
1.6875000E+02 2.0358000E-02
1.6923000E+02 2.3583001E-02
1.6972000E+02 2.5498001E-02
1.7020000E+02 2.4026999E-02
1.7067999E+02 2.6841000E-02
1.7116000E+02 3.4637000E-02
1.7164000E+02 4.0079001E-02
1.7213000E+02 4.3717001E-02
1.7261000E+02 4.6659000E-02
1.7309000E+02 4.5935001E-02
1.7357001E+02 4.6142999E-02
1.7405000E+02 5.1103000E-02
1.7453999E+02 5.5048000E-02
1.7502000E+02 5.8180999E-02
1.7550000E+02 5.9014000E-02
1.7598000E+02 5.6010000E-02
1.7647000E+02 5.8304999E-02
1.7695000E+02 6.2859997E-02
1.7742999E+02 6.3665003E-02
1.7791000E+02 6.9190003E-02
1.7839000E+02 7.8037001E-02
1.7888000E+02 8.4719002E-02
1.7936000E+02 9.4231002E-02
1.7984000E+02 1.0595000E-01
1.8032001E+02 1.1737000E-01
1.8080000E+02 1.2706000E-01
1.8128999E+02 1.3270000E-01
1.8177000E+02 1.3777000E-01
1.8225000E+02 1.4128000E-01
1.8273000E+02 1.3875000E-01
1.8322000E+02 1.3222000E-01
1.8370000E+02 1.2455000E-01
1.8417999E+02 1.1593000E-01
1.8466000E+02 1.0569000E-01
1.8514000E+02 9.5946997E-02
1.8563000E+02 8.6939998E-02
1.8611000E+02 7.8149997E-02
1.8659000E+02 7.0798002E-02
1.8707001E+02 6.4699002E-02
1.8755000E+02 5.8359999E-02
1.8803999E+02 5.0795998E-02
1.8852000E+02 4.6815999E-02
1.8900000E+02 4.6599999E-02
1.8948000E+02 4.5591000E-02
1.8997000E+02 4.4287998E-02
1.9045000E+02 4.4167999E-02
1.9092999E+02 4.5131002E-02
1.9141000E+02 4.6326000E-02
1.9189000E+02 4.8147000E-02
1.9238000E+02 5.1325001E-02
1.9286000E+02 5.4779999E-02
1.9334000E+02 5.7978000E-02
1.9382001E+02 6.1987001E-02
1.9430000E+02 6.6590004E-02
1.9478999E+02 7.4009001E-02
1.9527000E+02 8.3021000E-02
1.9575000E+02 8.9070998E-02
1.9623000E+02 9.5532000E-02
1.9672000E+02 1.0171000E-01
1.9720000E+02 1.0390000E-01
1.9767999E+02 1.0409000E-01
1.9816000E+02 1.0353000E-01
1.9864000E+02 1.0097000E-01
1.9913000E+02 9.6060000E-02
1.9961000E+02 9.0030998E-02
2.0009000E+02 8.2956001E-02
2.0057001E+02 7.6673999E-02
2.0105000E+02 7.1433000E-02
2.0153999E+02 6.7397997E-02
2.0202000E+02 6.0704999E-02
2.0250000E+02 4.3267000E-02
2.0298000E+02 3.5163999E-02
2.0347000E+02 4.3428000E-02
2.0395000E+02 4.5587000E-02
2.0442999E+02 4.3494999E-02
2.0491000E+02 4.2022001E-02
2.0539000E+02 4.0089998E-02
2.0588000E+02 3.8472999E-02
2.0636000E+02 3.7361000E-02
2.0684000E+02 3.5665002E-02
2.0732001E+02 3.4134001E-02
2.0780000E+02 3.1819999E-02
2.0828999E+02 2.5342001E-02
2.0877000E+02 2.3031000E-02
2.0925000E+02 2.6495000E-02
2.0973000E+02 2.7691999E-02
2.1022000E+02 2.7636001E-02
2.1070000E+02 2.7160000E-02
2.1117999E+02 2.6417000E-02
2.1166000E+02 2.6890000E-02
2.1214000E+02 2.5075000E-02
2.1263000E+02 2.2027001E-02
2.1311000E+02 2.3603000E-02
2.1359000E+02 2.4481000E-02
2.1407001E+02 2.2870000E-02
2.1455000E+02 2.2996999E-02
2.1503999E+02 2.4003001E-02
2.1552000E+02 2.6077000E-02
2.1600000E+02 2.7690999E-02
2.1648000E+02 2.8000999E-02
2.1697000E+02 2.8425001E-02
2.1745000E+02 2.9247999E-02
2.1792999E+02 3.0276000E-02
2.1841000E+02 3.1675000E-02
2.1889000E+02 3.3041000E-02
2.1938000E+02 3.3872999E-02
2.1986000E+02 3.4442998E-02
2.2034000E+02 3.4706000E-02
2.2082001E+02 3.4805998E-02
2.2130000E+02 3.1220000E-02
2.2178999E+02 2.6916999E-02
2.2227000E+02 2.8689999E-02
2.2275000E+02 3.1106999E-02
2.2323000E+02 2.9889001E-02
2.2372000E+02 2.7238000E-02
2.2420000E+02 2.8199000E-02
2.2467999E+02 3.0665999E-02
2.2516000E+02 3.1014999E-02
2.2564000E+02 3.0799000E-02
2.2613000E+02 2.8068000E-02
2.2661000E+02 2.7973000E-02
2.2709000E+02 3.1160999E-02
2.2757001E+02 2.8365999E-02
2.2805000E+02 2.6473001E-02
2.2853999E+02 3.1202000E-02
2.2902000E+02 3.4210000E-02
2.2950000E+02 3.5271998E-02
2.2998000E+02 3.6614001E-02
2.3047000E+02 3.6628999E-02
2.3095000E+02 3.6564998E-02
2.3142999E+02 3.8135000E-02
2.3191000E+02 3.9866000E-02
2.3239000E+02 4.1336000E-02
2.3288000E+02 4.2415000E-02
2.3336000E+02 4.2668998E-02
2.3384000E+02 4.4043001E-02
2.3432001E+02 4.5908000E-02
2.3480000E+02 4.7136001E-02
2.3528999E+02 4.8526999E-02
2.3577000E+02 4.9950000E-02
2.3625000E+02 5.1561002E-02
2.3673000E+02 5.2926999E-02
2.3722000E+02 5.4007001E-02
2.3770000E+02 5.5514000E-02
2.3817999E+02 5.7184000E-02
2.3866000E+02 5.8786999E-02
2.3914000E+02 6.0699001E-02
2.3963000E+02 6.2746003E-02
2.4011000E+02 6.4769000E-02
2.4059000E+02 6.6565000E-02
2.4107001E+02 6.8364002E-02
2.4155000E+02 7.0657000E-02
2.4203999E+02 7.3247999E-02
2.4252000E+02 7.6071002E-02
2.4300000E+02 7.8607000E-02
2.4348000E+02 8.1096999E-02
2.4397000E+02 8.2406998E-02
2.4445000E+02 8.3971001E-02
2.4492999E+02 8.6154997E-02
2.4541000E+02 8.6026996E-02
2.4589000E+02 8.9125000E-02
2.4638000E+02 9.4927996E-02
2.4686000E+02 9.9166997E-02
2.4734000E+02 1.0105000E-01
2.4782001E+02 9.9756002E-02
2.4830000E+02 1.0294000E-01
2.4878999E+02 1.0911000E-01
2.4927000E+02 1.1270000E-01
2.4975000E+02 1.1668000E-01
2.5023000E+02 1.2054000E-01
2.5072000E+02 1.2398000E-01
2.5120000E+02 1.2668000E-01
2.5167999E+02 1.2935001E-01
2.5216000E+02 1.3225999E-01
2.5264000E+02 1.3474999E-01
2.5313000E+02 1.3707000E-01
2.5361000E+02 1.3289000E-01
2.5409000E+02 1.2927000E-01
2.5457001E+02 1.3677999E-01
2.5506000E+02 1.4244001E-01
2.5553999E+02 1.4406000E-01
2.5601999E+02 1.4501999E-01
2.5650000E+02 1.4436001E-01
2.5698001E+02 1.4304000E-01
2.5747000E+02 1.4066000E-01
2.5795001E+02 1.3792001E-01
2.5842999E+02 1.3461000E-01
2.5891000E+02 1.3097000E-01
2.5939001E+02 1.2775999E-01
2.5988000E+02 1.2480000E-01
2.6035999E+02 1.2299000E-01
2.6084000E+02 1.2206000E-01
2.6132001E+02 1.2162000E-01
2.6181000E+02 1.2202000E-01
2.6229001E+02 1.2274000E-01
2.6276999E+02 1.2379000E-01
2.6325000E+02 1.2548999E-01
2.6373001E+02 1.2764999E-01
2.6422000E+02 1.3072000E-01
2.6470001E+02 1.3378000E-01
2.6517999E+02 1.3731000E-01
2.6566000E+02 1.4008000E-01
2.6614001E+02 1.4179000E-01
2.6663000E+02 1.4657000E-01
2.6710999E+02 1.5211000E-01
2.6759000E+02 1.5701000E-01
2.6807001E+02 1.6257000E-01
2.6856000E+02 1.6848999E-01
2.6904001E+02 1.7451000E-01
2.6951999E+02 1.8020000E-01
2.7000000E+02 1.8646000E-01
2.7048001E+02 1.9284000E-01
2.7097000E+02 1.9972000E-01
2.7145001E+02 2.0708001E-01
2.7192999E+02 2.1385001E-01
2.7241000E+02 2.2084001E-01
2.7289001E+02 2.2826000E-01
2.7338000E+02 2.3593999E-01
2.7385999E+02 2.4428999E-01
2.7434000E+02 2.5217000E-01
2.7482001E+02 2.5973001E-01
2.7531000E+02 2.6728001E-01
2.7579001E+02 2.7355999E-01
2.7626999E+02 2.8064001E-01
2.7675000E+02 2.8885999E-01
2.7723001E+02 2.9767999E-01
2.7772000E+02 3.0360001E-01
2.7820001E+02 3.0461001E-01
2.7867999E+02 3.1171000E-01
2.7916000E+02 3.2453999E-01
2.7964001E+02 3.3313999E-01
2.8013000E+02 3.3811000E-01
2.8060999E+02 3.4428999E-01
2.8109000E+02 3.5315001E-01
2.8157001E+02 3.5962000E-01
2.8206000E+02 3.6276999E-01
2.8254001E+02 3.6917999E-01
2.8301999E+02 3.7836999E-01
2.8350000E+02 3.8580999E-01
2.8398001E+02 3.9201000E-01
2.8447000E+02 3.9853999E-01
2.8495001E+02 4.0470999E-01
2.8542999E+02 4.1029000E-01
2.8591000E+02 4.1633001E-01
2.8639001E+02 4.2234999E-01
2.8688000E+02 4.2822999E-01
2.8735999E+02 4.3445000E-01
2.8784000E+02 4.4018000E-01
2.8832001E+02 4.4631001E-01
2.8881000E+02 4.5116001E-01
2.8929001E+02 4.5267001E-01
2.8976999E+02 4.5754001E-01
2.9025000E+02 4.6533000E-01
2.9073001E+02 4.7069001E-01
2.9122000E+02 4.7679001E-01
2.9170001E+02 4.8277000E-01
2.9217999E+02 4.8719999E-01
2.9266000E+02 4.9201000E-01
2.9314001E+02 4.9685001E-01
2.9363000E+02 5.0097001E-01
2.9410999E+02 5.0516999E-01
2.9459000E+02 5.0979000E-01
2.9507001E+02 5.1367003E-01
2.9556000E+02 5.1756001E-01
2.9604001E+02 5.2149999E-01
2.9651999E+02 5.2503002E-01
2.9700000E+02 5.2815998E-01
2.9748001E+02 5.3145999E-01
2.9797000E+02 5.3435999E-01
2.9845001E+02 5.3626001E-01
2.9892999E+02 5.3912002E-01
2.9941000E+02 5.4192001E-01
2.9989001E+02 5.4440999E-01
3.0038000E+02 5.4721999E-01
3.0085999E+02 5.4986000E-01
3.0134000E+02 5.5015999E-01
3.0182001E+02 5.5045003E-01
3.0231000E+02 5.5264002E-01
3.0279001E+02 5.4856002E-01
3.0326999E+02 5.4641002E-01
3.0375000E+02 5.5378002E-01
3.0423001E+02 5.5786997E-01
3.0472000E+02 5.5852002E-01
3.0520001E+02 5.6015998E-01
3.0567999E+02 5.6118000E-01
3.0616000E+02 5.6187999E-01
3.0664001E+02 5.6278998E-01
3.0713000E+02 5.6295002E-01
3.0760999E+02 5.6273001E-01
3.0809000E+02 5.6243998E-01
3.0857001E+02 5.6195998E-01
3.0906000E+02 5.6145000E-01
3.0954001E+02 5.6033999E-01
3.1001999E+02 5.5926001E-01
3.1050000E+02 5.5843002E-01
3.1098001E+02 5.5724001E-01
3.1147000E+02 5.5513000E-01
3.1195001E+02 5.5296999E-01
3.1242999E+02 5.5185997E-01
3.1291000E+02 5.4996997E-01
3.1339001E+02 5.4712999E-01
3.1388000E+02 5.4519999E-01
3.1435999E+02 5.4258001E-01
3.1484000E+02 5.3816998E-01
3.1532001E+02 5.3509003E-01
3.1581000E+02 5.3377002E-01
3.1629001E+02 5.3145999E-01
3.1676999E+02 5.2831000E-01
3.1725000E+02 5.2535999E-01
3.1773001E+02 5.2204001E-01
3.1822000E+02 5.1863998E-01
3.1870001E+02 5.1547003E-01
3.1917999E+02 5.1213002E-01
3.1966000E+02 5.0883001E-01
3.2014001E+02 5.0532001E-01
3.2063000E+02 5.0165999E-01
3.2110999E+02 4.9803999E-01
3.2159000E+02 4.9450999E-01
3.2207001E+02 4.9098000E-01
3.2256000E+02 4.8756999E-01
3.2304001E+02 4.8423001E-01
3.2351999E+02 4.7784999E-01
3.2400000E+02 4.7183999E-01
3.2448001E+02 4.7125000E-01
3.2497000E+02 4.7009000E-01
3.2545001E+02 4.6698001E-01
3.2592999E+02 4.6393999E-01
3.2641000E+02 4.6136999E-01
3.2689001E+02 4.5886001E-01
3.2738000E+02 4.5214999E-01
3.2785999E+02 4.4604999E-01
3.2834000E+02 4.4527000E-01
3.2882001E+02 4.4442001E-01
3.2931000E+02 4.4187999E-01
3.2979001E+02 4.3866000E-01
3.3026999E+02 4.3553001E-01
3.3075000E+02 4.3193001E-01
3.3123001E+02 4.2781001E-01
3.3172000E+02 4.2401001E-01
3.3220001E+02 4.2010999E-01
3.3267999E+02 4.1571000E-01
3.3316000E+02 4.1124001E-01
3.3364001E+02 4.0669999E-01
3.3413000E+02 4.0186000E-01
3.3460999E+02 3.9594001E-01
3.3509000E+02 3.8934001E-01
3.3557001E+02 3.8506001E-01
3.3606000E+02 3.8150001E-01
3.3654001E+02 3.7695000E-01
3.3701999E+02 3.7246001E-01
3.3750000E+02 3.6737999E-01
3.3798001E+02 3.6193001E-01
3.3847000E+02 3.5692000E-01
3.3895001E+02 3.5222000E-01
3.3942999E+02 3.4733999E-01
3.3991000E+02 3.4275001E-01
3.4039001E+02 3.3770999E-01
3.4088000E+02 3.3289000E-01
3.4135999E+02 3.2920000E-01
3.4184000E+02 3.2528999E-01
3.4232001E+02 3.2168001E-01
3.4281000E+02 3.1753999E-01
3.4329001E+02 3.1294999E-01
3.4376999E+02 3.1018001E-01
3.4425000E+02 3.0789000E-01
3.4473001E+02 3.0500001E-01
3.4522000E+02 3.0226001E-01
3.4570001E+02 2.9944000E-01
3.4617999E+02 2.9721001E-01
3.4666000E+02 2.9552999E-01
3.4714001E+02 2.9369000E-01
3.4763000E+02 2.9247001E-01
3.4810999E+02 2.9128999E-01
3.4859000E+02 2.9091001E-01
3.4907001E+02 2.9111001E-01
3.4956000E+02 2.8979999E-01
3.5004001E+02 2.8952000E-01
3.5051999E+02 2.9157999E-01
3.5100000E+02 2.9341999E-01
3.5148001E+02 2.9330000E-01
3.5197000E+02 2.9368001E-01
3.5245001E+02 2.9776999E-01
3.5292999E+02 3.0243000E-01
3.5341000E+02 3.0570000E-01
3.5389001E+02 3.0801001E-01
3.5438000E+02 3.0993000E-01
3.5485999E+02 3.1422001E-01
3.5534000E+02 3.1959000E-01
3.5582001E+02 3.2405999E-01
3.5631000E+02 3.2846999E-01
3.5679001E+02 3.3160999E-01
3.5726999E+02 3.3414000E-01
3.5775000E+02 3.3818999E-01
3.5823001E+02 3.4169999E-01
3.5872000E+02 3.4419999E-01
3.5920001E+02 3.4762999E-01
3.5967999E+02 3.5060999E-01
3.6016000E+02 3.5282999E-01
3.6064001E+02 3.5516000E-01
3.6113000E+02 3.5716999E-01
3.6160999E+02 3.5896000E-01
3.6209000E+02 3.6019000E-01
3.6257001E+02 3.6089000E-01
3.6306000E+02 3.6177999E-01
3.6354001E+02 3.6283001E-01
3.6401999E+02 3.6341000E-01
3.6450000E+02 3.6366999E-01
3.6498001E+02 3.6377999E-01
3.6547000E+02 3.6399001E-01
3.6595001E+02 3.6423999E-01
3.6642999E+02 3.6451000E-01
3.6691000E+02 3.6467001E-01
3.6739001E+02 3.6403000E-01
3.6788000E+02 3.6398000E-01
3.6835999E+02 3.6401001E-01
3.6884000E+02 3.6320001E-01
3.6932001E+02 3.6247000E-01
3.6981000E+02 3.6164999E-01
3.7029001E+02 3.6138001E-01
3.7076999E+02 3.6151001E-01
3.7125000E+02 3.6166999E-01
3.7173001E+02 3.6162001E-01
3.7222000E+02 3.6096999E-01
3.7270001E+02 3.6074999E-01
3.7317999E+02 3.6071000E-01
3.7366000E+02 3.5993999E-01
3.7414001E+02 3.5839000E-01
3.7463000E+02 3.5694000E-01
3.7510999E+02 3.5641000E-01
3.7559000E+02 3.5517001E-01
3.7607001E+02 3.5278001E-01
3.7656000E+02 3.5133001E-01
3.7704001E+02 3.5073999E-01
3.7751999E+02 3.4979999E-01
3.7800000E+02 3.4836999E-01
3.7848001E+02 3.4617001E-01
3.7897000E+02 3.4303001E-01
3.7945001E+02 3.3971000E-01
3.7992999E+02 3.3649999E-01
3.8041000E+02 3.3267999E-01
3.8089001E+02 3.2846001E-01
3.8138000E+02 3.2466999E-01
3.8185999E+02 3.2045999E-01
3.8234000E+02 3.1573001E-01
3.8282001E+02 3.1095001E-01
3.8331000E+02 3.0577001E-01
3.8379001E+02 3.0162001E-01
3.8426999E+02 2.9780999E-01
3.8475000E+02 2.9277000E-01
3.8523001E+02 2.8797001E-01
3.8572000E+02 2.8408000E-01
3.8620001E+02 2.8029999E-01
3.8667999E+02 2.7605999E-01
3.8716000E+02 2.7177000E-01
3.8764999E+02 2.6749000E-01
3.8813000E+02 2.6317000E-01
3.8860999E+02 2.5903001E-01
3.8909000E+02 2.5470001E-01
3.8957001E+02 2.5060001E-01
3.9006000E+02 2.4659000E-01
3.9054001E+02 2.4246000E-01
3.9101999E+02 2.3840000E-01
3.9150000E+02 2.3435000E-01
3.9198001E+02 2.3089001E-01
3.9247000E+02 2.2768000E-01
3.9295001E+02 2.2437000E-01
3.9342999E+02 2.2135000E-01
3.9391000E+02 2.1735001E-01
3.9439999E+02 2.1334000E-01
3.9488000E+02 2.1121000E-01
3.9535999E+02 2.0939000E-01
3.9584000E+02 2.0671999E-01
3.9632001E+02 2.0344999E-01
3.9681000E+02 2.0062000E-01
3.9729001E+02 1.9712999E-01
3.9776999E+02 1.9438000E-01
3.9825000E+02 1.9408999E-01
3.9873001E+02 1.9182999E-01
3.9922000E+02 1.8934000E-01
3.9970001E+02 1.8860000E-01
4.0017999E+02 1.8640999E-01
4.0066000E+02 1.8456000E-01
4.0114999E+02 1.8381000E-01
4.0163000E+02 1.8274000E-01
4.0210999E+02 1.8187000E-01
4.0259000E+02 1.8092000E-01
4.0307001E+02 1.7969000E-01
4.0356000E+02 1.7859000E-01
4.0404001E+02 1.7749000E-01
4.0451999E+02 1.7669000E-01
4.0500000E+02 1.7597000E-01
4.0548001E+02 1.7502999E-01
4.0597000E+02 1.7430000E-01
4.0645001E+02 1.7365000E-01
4.0692999E+02 1.7309000E-01
4.0741000E+02 1.7269000E-01
4.0789999E+02 1.7242999E-01
4.0838000E+02 1.7229000E-01
4.0885999E+02 1.7238000E-01
4.0934000E+02 1.7251000E-01
4.0982001E+02 1.7239000E-01
4.1031000E+02 1.7237000E-01
4.1079001E+02 1.7267001E-01
4.1126999E+02 1.7332000E-01
4.1175000E+02 1.7399000E-01
4.1223001E+02 1.7445999E-01
4.1272000E+02 1.7474000E-01
4.1320001E+02 1.7533000E-01
4.1367999E+02 1.7614999E-01
4.1416000E+02 1.7670000E-01
4.1464999E+02 1.7727000E-01
4.1513000E+02 1.7803000E-01
4.1560999E+02 1.7878000E-01
4.1609000E+02 1.7912000E-01
4.1657001E+02 1.7960000E-01
4.1706000E+02 1.8015000E-01
4.1754001E+02 1.8026000E-01
4.1801999E+02 1.8002000E-01
4.1850000E+02 1.7931999E-01
4.1898001E+02 1.7904000E-01
4.1947000E+02 1.7849000E-01
4.1995001E+02 1.7756000E-01
4.2042999E+02 1.7831001E-01
4.2091000E+02 1.7927000E-01
4.2139999E+02 1.7893000E-01
4.2188000E+02 1.7858000E-01
4.2235999E+02 1.7814000E-01
4.2284000E+02 1.7675000E-01
4.2332001E+02 1.7556000E-01
4.2381000E+02 1.7524000E-01
4.2429001E+02 1.7467000E-01
4.2476999E+02 1.7361000E-01
4.2525000E+02 1.7233001E-01
4.2573001E+02 1.7156000E-01
4.2622000E+02 1.7095000E-01
4.2670001E+02 1.6985001E-01
4.2717999E+02 1.6918001E-01
4.2766000E+02 1.6845000E-01
4.2814999E+02 1.6761000E-01
4.2863000E+02 1.6705000E-01
4.2910999E+02 1.6638000E-01
4.2959000E+02 1.6592000E-01
4.3007001E+02 1.6583000E-01
4.3056000E+02 1.6550000E-01
4.3104001E+02 1.6467001E-01
4.3151999E+02 1.6441000E-01
4.3200000E+02 1.6458000E-01
4.3248001E+02 1.6447000E-01
4.3297000E+02 1.6452000E-01
4.3345001E+02 1.6445000E-01
4.3392999E+02 1.6425000E-01
4.3441000E+02 1.6411000E-01
4.3489999E+02 1.6333000E-01
4.3538000E+02 1.6258000E-01
4.3585999E+02 1.6279000E-01
4.3634000E+02 1.6288000E-01
4.3682001E+02 1.6270000E-01
4.3731000E+02 1.6275001E-01
4.3779001E+02 1.6260000E-01
4.3826999E+02 1.6229001E-01
4.3875000E+02 1.6209000E-01
4.3923001E+02 1.6214000E-01
4.3972000E+02 1.6233000E-01
4.4020001E+02 1.6269000E-01
4.4067999E+02 1.6344000E-01
4.4116000E+02 1.6446000E-01
4.4164999E+02 1.6553000E-01
4.4213000E+02 1.6711999E-01
4.4260999E+02 1.6944000E-01
4.4309000E+02 1.7163999E-01
4.4357001E+02 1.7351000E-01
4.4406000E+02 1.7573000E-01
4.4454001E+02 1.7855000E-01
4.4501999E+02 1.8142000E-01
4.4550000E+02 1.8381999E-01
4.4598001E+02 1.8602000E-01
4.4647000E+02 1.8829000E-01
4.4695001E+02 1.9021000E-01
4.4742999E+02 1.9200000E-01
4.4791000E+02 1.9404000E-01
4.4839999E+02 1.9611999E-01
4.4888000E+02 1.9810000E-01
4.4935999E+02 1.9970000E-01
4.4984000E+02 2.0163999E-01
4.5032001E+02 2.0404001E-01
4.5081000E+02 2.0614000E-01
4.5129001E+02 2.0832001E-01
4.5176999E+02 2.1078999E-01
4.5225000E+02 2.1312000E-01
4.5273001E+02 2.1506000E-01
4.5322000E+02 2.1730000E-01
4.5370001E+02 2.2074001E-01
4.5417999E+02 2.2484000E-01
4.5466000E+02 2.2899000E-01
4.5514999E+02 2.3301999E-01
4.5563000E+02 2.3714000E-01
4.5610999E+02 2.4181999E-01
4.5659000E+02 2.4690001E-01
4.5707001E+02 2.5215000E-01
4.5756000E+02 2.5639999E-01
4.5804001E+02 2.6124999E-01
4.5851999E+02 2.6894000E-01
4.5900000E+02 2.7722999E-01
4.5948001E+02 2.8520000E-01
4.5997000E+02 2.9337999E-01
4.6045001E+02 3.0199000E-01
4.6092999E+02 3.1134999E-01
4.6141000E+02 3.2115999E-01
4.6189999E+02 3.3103001E-01
4.6238000E+02 3.4141001E-01
4.6285999E+02 3.5260999E-01
4.6334000E+02 3.6399001E-01
4.6382001E+02 3.7594000E-01
4.6431000E+02 3.8837999E-01
4.6479001E+02 4.0072000E-01
4.6526999E+02 4.1305000E-01
4.6575000E+02 4.2570001E-01
4.6623001E+02 4.3816000E-01
4.6672000E+02 4.5028001E-01
4.6720001E+02 4.6287999E-01
4.6767999E+02 4.7475001E-01
4.6816000E+02 4.8561999E-01
4.6864999E+02 4.9631000E-01
4.6913000E+02 5.0642002E-01
4.6960999E+02 5.1653999E-01
4.7009000E+02 5.2588999E-01
4.7057001E+02 5.3390998E-01
4.7106000E+02 5.4172999E-01
4.7154001E+02 5.4883999E-01
4.7201999E+02 5.5484998E-01
4.7250000E+02 5.5997998E-01
4.7298001E+02 5.6463999E-01
4.7347000E+02 5.6933999E-01
4.7395001E+02 5.7340002E-01
4.7442999E+02 5.7626998E-01
4.7491000E+02 5.7890999E-01
4.7539999E+02 5.8208001E-01
4.7588000E+02 5.8429003E-01
4.7635999E+02 5.8528000E-01
4.7684000E+02 5.8668000E-01
4.7732001E+02 5.8730000E-01
4.7781000E+02 5.8648002E-01
4.7829001E+02 5.8609003E-01
4.7876999E+02 5.8569002E-01
4.7925000E+02 5.8468997E-01
4.7973001E+02 5.8364999E-01
4.8022000E+02 5.8241999E-01
4.8070001E+02 5.8201998E-01
4.8117999E+02 5.8183998E-01
4.8166000E+02 5.7994002E-01
4.8214999E+02 5.7766002E-01
4.8263000E+02 5.7631999E-01
4.8310999E+02 5.7517999E-01
4.8359000E+02 5.7313001E-01
4.8407001E+02 5.7086998E-01
4.8456000E+02 5.6959999E-01
4.8504001E+02 5.6823999E-01
4.8551999E+02 5.6655002E-01
4.8600000E+02 5.6458998E-01
4.8648001E+02 5.6277001E-01
4.8697000E+02 5.6127000E-01
4.8745001E+02 5.5891001E-01
4.8792999E+02 5.5694997E-01
4.8841000E+02 5.5590999E-01
4.8889999E+02 5.5474001E-01
4.8938000E+02 5.5320001E-01
4.8985999E+02 5.5135000E-01
4.9034000E+02 5.5010998E-01
4.9082001E+02 5.4896998E-01
4.9131000E+02 5.4649001E-01
4.9179001E+02 5.4369998E-01
4.9226999E+02 5.4285002E-01
4.9275000E+02 5.4306000E-01
4.9323001E+02 5.4242003E-01
4.9372000E+02 5.4171997E-01
4.9420001E+02 5.4105002E-01
4.9467999E+02 5.4048997E-01
4.9516000E+02 5.4035997E-01
4.9564999E+02 5.4036999E-01
4.9613000E+02 5.4148000E-01
4.9660999E+02 5.4223001E-01
4.9709000E+02 5.4249001E-01
4.9757001E+02 5.4368001E-01
4.9806000E+02 5.4448998E-01
4.9854001E+02 5.4560000E-01
4.9901999E+02 5.4729003E-01
4.9950000E+02 5.4876000E-01
4.9998001E+02 5.5084002E-01
5.0047000E+02 5.5330998E-01
5.0095001E+02 5.5497003E-01
5.0142999E+02 5.5641001E-01
5.0191000E+02 5.5802000E-01
5.0239999E+02 5.5888999E-01
5.0288000E+02 5.6045997E-01
5.0335999E+02 5.6326997E-01
5.0384000E+02 5.6541997E-01
5.0432001E+02 5.6592000E-01
5.0481000E+02 5.6623000E-01
5.0529001E+02 5.6730998E-01
5.0576999E+02 5.6707001E-01
5.0625000E+02 5.6502998E-01
5.0673001E+02 5.6273001E-01
5.0722000E+02 5.5963999E-01
5.0770001E+02 5.5566001E-01
5.0817999E+02 5.5359000E-01
5.0866000E+02 5.5273002E-01
5.0914999E+02 5.5119997E-01
5.0963000E+02 5.4990000E-01
5.1010999E+02 5.4899001E-01
5.1059000E+02 5.4861999E-01
5.1107001E+02 5.4756999E-01
5.1156000E+02 5.4536003E-01
5.1203998E+02 5.4301000E-01
5.1252002E+02 5.4087001E-01
5.1300000E+02 5.3867000E-01
5.1348999E+02 5.3538001E-01
5.1396997E+02 5.3179997E-01
5.1445001E+02 5.2851999E-01
5.1492999E+02 5.2539998E-01
5.1540997E+02 5.2252001E-01
5.1590002E+02 5.1944000E-01
5.1638000E+02 5.1585001E-01
5.1685999E+02 5.1137000E-01
5.1734003E+02 5.0674999E-01
5.1782001E+02 5.0261003E-01
5.1831000E+02 4.9900001E-01
5.1878998E+02 4.9520001E-01
5.1927002E+02 4.9020001E-01
5.1975000E+02 4.8495001E-01
5.2023999E+02 4.8067999E-01
5.2071997E+02 4.7711000E-01
5.2120001E+02 4.7321999E-01
5.2167999E+02 4.6893001E-01
5.2215997E+02 4.6461999E-01
5.2265002E+02 4.6011001E-01
5.2313000E+02 4.5585001E-01
5.2360999E+02 4.5155999E-01
5.2409003E+02 4.4677001E-01
5.2457001E+02 4.4299001E-01
5.2506000E+02 4.3970001E-01
5.2553998E+02 4.3450999E-01
5.2602002E+02 4.2925000E-01
5.2650000E+02 4.2631000E-01
5.2698999E+02 4.2394999E-01
5.2746997E+02 4.2052999E-01
5.2795001E+02 4.1674000E-01
5.2842999E+02 4.1339001E-01
5.2890997E+02 4.0968001E-01
5.2940002E+02 4.0568000E-01
5.2988000E+02 4.0232000E-01
5.3035999E+02 3.9886001E-01
5.3084003E+02 3.9528000E-01
5.3132001E+02 3.9194000E-01
5.3181000E+02 3.8896999E-01
5.3228998E+02 3.8628000E-01
5.3277002E+02 3.8339999E-01
5.3325000E+02 3.8104001E-01
5.3373999E+02 3.7889001E-01
5.3421997E+02 3.7584999E-01
5.3470001E+02 3.7259999E-01
5.3517999E+02 3.7013999E-01
5.3565997E+02 3.6805999E-01
5.3615002E+02 3.6589000E-01
5.3663000E+02 3.6423999E-01
5.3710999E+02 3.6316001E-01
5.3759003E+02 3.6162999E-01
5.3807001E+02 3.5980001E-01
5.3856000E+02 3.5878000E-01
5.3903998E+02 3.5806000E-01
5.3952002E+02 3.5675001E-01
5.4000000E+02 3.5538000E-01
5.4048999E+02 3.5495999E-01
5.4096997E+02 3.5541999E-01
5.4145001E+02 3.5587001E-01
5.4192999E+02 3.5589001E-01
5.4240997E+02 3.5594001E-01
5.4290002E+02 3.5646999E-01
5.4338000E+02 3.5734001E-01
5.4385999E+02 3.5901001E-01
5.4434003E+02 3.6082000E-01
5.4482001E+02 3.6219001E-01
5.4531000E+02 3.6445999E-01
5.4578998E+02 3.6700001E-01
5.4627002E+02 3.6916000E-01
5.4675000E+02 3.7191001E-01
5.4723999E+02 3.7474999E-01
5.4771997E+02 3.7735999E-01
5.4820001E+02 3.8084999E-01
5.4867999E+02 3.8529000E-01
5.4915997E+02 3.8951999E-01
5.4965002E+02 3.9309999E-01
5.5013000E+02 4.0583000E-01
5.5060999E+02 4.0667000E-01
5.5109003E+02 4.1269001E-01
5.5157001E+02 4.1642001E-01
5.5206000E+02 4.1925001E-01
5.5253998E+02 4.2484000E-01
5.5302002E+02 4.2829999E-01
5.5350000E+02 4.3059999E-01
5.5398999E+02 4.3514001E-01
5.5446997E+02 4.4047001E-01
5.5495001E+02 4.4343999E-01
5.5542999E+02 4.4653001E-01
5.5590997E+02 4.5159999E-01
5.5640002E+02 4.5427001E-01
5.5688000E+02 4.5660001E-01
5.5735999E+02 4.6017000E-01
5.5784003E+02 4.6208999E-01
5.5832001E+02 4.6672001E-01
5.5881000E+02 4.7180000E-01
5.5928998E+02 4.7253001E-01
5.5977002E+02 4.7589001E-01
5.6025000E+02 4.7929999E-01
5.6073999E+02 4.7936001E-01
5.6121997E+02 4.8267001E-01
5.6170001E+02 4.8550999E-01
5.6217999E+02 4.8618999E-01
5.6265997E+02 4.8973000E-01
5.6315002E+02 4.9230000E-01
5.6363000E+02 4.9222001E-01
5.6410999E+02 4.9327999E-01
5.6459003E+02 4.9465001E-01
5.6507001E+02 4.9542999E-01
5.6556000E+02 4.9658999E-01
5.6603998E+02 4.9724999E-01
5.6652002E+02 4.9709001E-01
5.6700000E+02 4.9775001E-01
5.6748999E+02 4.9923000E-01
5.6796997E+02 4.9836001E-01
5.6845001E+02 4.9768999E-01
5.6892999E+02 4.9943000E-01
5.6940997E+02 4.9728000E-01
5.6990002E+02 4.9520999E-01
5.7038000E+02 4.9643001E-01
5.7085999E+02 4.9346000E-01
5.7134003E+02 4.9140000E-01
5.7182001E+02 4.9195999E-01
5.7231000E+02 4.8901001E-01
5.7278998E+02 4.8837000E-01
5.7327002E+02 4.8859999E-01
5.7375000E+02 4.8451999E-01
5.7423999E+02 4.8264000E-01
5.7471997E+02 4.8170000E-01
5.7520001E+02 4.7744000E-01
5.7567999E+02 4.7441000E-01
5.7615997E+02 4.7209999E-01
5.7665002E+02 4.6888000E-01
5.7713000E+02 4.6713999E-01
5.7760999E+02 4.6528000E-01
5.7809003E+02 4.6178001E-01
5.7857001E+02 4.5809001E-01
5.7906000E+02 4.5533001E-01
5.7953998E+02 4.5203999E-01
5.8002002E+02 4.4825000E-01
5.8050000E+02 4.4646001E-01
5.8098999E+02 4.4288999E-01
5.8146997E+02 4.3799001E-01
5.8195001E+02 4.3640000E-01
5.8242999E+02 4.3230999E-01
5.8290997E+02 4.2670000E-01
5.8340002E+02 4.2502001E-01
5.8388000E+02 4.2076999E-01
5.8435999E+02 4.1501999E-01
5.8484003E+02 4.1279000E-01
5.8532001E+02 4.0856001E-01
5.8581000E+02 4.0342000E-01
5.8628998E+02 4.0081000E-01
5.8677002E+02 3.9570001E-01
5.8725000E+02 3.8982999E-01
5.8773999E+02 3.8736001E-01
5.8821997E+02 3.8374999E-01
5.8870001E+02 3.7935999E-01
5.8917999E+02 3.7638000E-01
5.8965997E+02 3.7206000E-01
5.9015002E+02 3.6739999E-01
5.9063000E+02 3.6374000E-01
5.9110999E+02 3.6004001E-01
5.9159003E+02 3.5558999E-01
5.9207001E+02 3.5205001E-01
5.9256000E+02 3.4898999E-01
5.9303998E+02 3.4404999E-01
5.9352002E+02 3.4085000E-01
5.9400000E+02 3.3851001E-01
5.9448999E+02 3.3390999E-01
5.9496997E+02 3.3109000E-01
5.9545001E+02 3.2826000E-01
5.9592999E+02 3.2330999E-01
5.9640997E+02 3.2069999E-01
5.9690002E+02 3.1819001E-01
5.9738000E+02 3.1398001E-01
5.9785999E+02 3.1173000E-01
5.9834003E+02 3.0930001E-01
5.9882001E+02 3.0579001E-01
5.9931000E+02 3.0364999E-01
5.9978998E+02 3.0144000E-01
6.0027002E+02 2.9899999E-01
6.0075000E+02 2.9686001E-01
6.0123999E+02 2.9396001E-01
6.0171997E+02 2.9087999E-01
6.0220001E+02 2.8902000E-01
6.0267999E+02 2.8823000E-01
6.0315997E+02 2.8595999E-01
6.0365002E+02 2.8306001E-01
6.0413000E+02 2.8213999E-01
6.0460999E+02 2.8075001E-01
6.0509003E+02 2.7917001E-01
6.0557001E+02 2.7825999E-01
6.0606000E+02 2.7575001E-01
6.0653998E+02 2.7432001E-01
6.0702002E+02 2.7383000E-01
6.0750000E+02 2.7122000E-01
6.0798999E+02 2.6998001E-01
6.0846997E+02 2.6995999E-01
6.0895001E+02 2.6815999E-01
6.0942999E+02 2.6719999E-01
6.0990997E+02 2.6659000E-01
6.1040002E+02 2.6456001E-01
6.1088000E+02 2.6372999E-01
6.1135999E+02 2.6319000E-01
6.1184003E+02 2.6128000E-01
6.1232001E+02 2.6041999E-01
6.1281000E+02 2.6032999E-01
6.1328998E+02 2.5891000E-01
6.1377002E+02 2.5705999E-01
6.1425000E+02 2.5667000E-01
6.1473999E+02 2.5639999E-01
6.1521997E+02 2.5516999E-01
6.1570001E+02 2.5512001E-01
6.1617999E+02 2.5440001E-01
6.1665997E+02 2.5222999E-01
6.1715002E+02 2.5222999E-01
6.1763000E+02 2.5145999E-01
6.1810999E+02 2.4958999E-01
6.1859003E+02 2.5033000E-01
6.1907001E+02 2.4932000E-01
6.1956000E+02 2.4743000E-01
6.2003998E+02 2.4828000E-01
6.2052002E+02 2.4710000E-01
6.2100000E+02 2.4553999E-01
6.2148999E+02 2.4615000E-01
6.2196997E+02 2.4489000E-01
6.2245001E+02 2.4365000E-01
6.2292999E+02 2.4402000E-01
6.2340997E+02 2.4315000E-01
6.2390002E+02 2.4195001E-01
6.2438000E+02 2.4151000E-01
6.2485999E+02 2.4123000E-01
6.2534003E+02 2.4056000E-01
6.2582001E+02 2.3975000E-01
6.2631000E+02 2.3917000E-01
6.2678998E+02 2.3762999E-01
6.2727002E+02 2.3718999E-01
6.2775000E+02 2.3723000E-01
6.2823999E+02 2.3553000E-01
6.2871997E+02 2.3589000E-01
6.2920001E+02 2.3630001E-01
6.2967999E+02 2.3427001E-01
6.3015997E+02 2.3446999E-01
6.3065002E+02 2.3469000E-01
6.3113000E+02 2.3265000E-01
6.3160999E+02 2.3269001E-01
6.3209003E+02 2.3226000E-01
6.3258002E+02 2.3016000E-01
6.3306000E+02 2.3095000E-01
6.3353998E+02 2.3079000E-01
6.3402002E+02 2.2851001E-01
6.3450000E+02 2.2860000E-01
6.3498999E+02 2.2859000E-01
6.3546997E+02 2.2712000E-01
6.3595001E+02 2.2669999E-01
6.3642999E+02 2.2668000E-01
6.3690997E+02 2.2540000E-01
6.3740002E+02 2.2438000E-01
6.3788000E+02 2.2473000E-01
6.3835999E+02 2.2384000E-01
6.3884003E+02 2.2283000E-01
6.3933002E+02 2.2342999E-01
6.3981000E+02 2.2221000E-01
6.4028998E+02 2.2104000E-01
6.4077002E+02 2.2205999E-01
6.4125000E+02 2.2096001E-01
6.4173999E+02 2.1998000E-01
6.4221997E+02 2.2098000E-01
6.4270001E+02 2.1967000E-01
6.4317999E+02 2.1909000E-01
6.4365997E+02 2.2015999E-01
6.4415002E+02 2.1872000E-01
6.4463000E+02 2.1825001E-01
6.4510999E+02 2.1909000E-01
6.4559003E+02 2.1753000E-01
6.4608002E+02 2.1656001E-01
6.4656000E+02 2.1701001E-01
6.4703998E+02 2.1637000E-01
6.4752002E+02 2.1588001E-01
6.4800000E+02 2.1601000E-01
6.4848999E+02 2.1518999E-01
6.4896997E+02 2.1409000E-01
6.4945001E+02 2.1441001E-01
6.4992999E+02 2.1426000E-01
6.5040997E+02 2.1277000E-01
6.5090002E+02 2.1326999E-01
6.5138000E+02 2.1342000E-01
6.5185999E+02 2.1160001E-01
6.5234003E+02 2.1216001E-01
6.5283002E+02 2.1228001E-01
6.5331000E+02 2.1052000E-01
6.5378998E+02 2.1122999E-01
6.5427002E+02 2.1111000E-01
6.5475000E+02 2.0923001E-01
6.5523999E+02 2.1016000E-01
6.5571997E+02 2.1043999E-01
6.5620001E+02 2.0864999E-01
6.5667999E+02 2.0894000E-01
6.5715997E+02 2.0926000E-01
6.5765002E+02 2.0816000E-01
6.5813000E+02 2.0799001E-01
6.5860999E+02 2.0769000E-01
6.5909003E+02 2.0647000E-01
6.5958002E+02 2.0601000E-01
6.6006000E+02 2.0591000E-01
6.6053998E+02 2.0472001E-01
6.6102002E+02 2.0407000E-01
6.6150000E+02 2.0457000E-01
6.6198999E+02 2.0336001E-01
6.6246997E+02 2.0283000E-01
6.6295001E+02 2.0390999E-01
6.6342999E+02 2.0205000E-01
6.6390997E+02 2.0089000E-01
6.6440002E+02 2.0179000E-01
6.6488000E+02 1.9988000E-01
6.6535999E+02 1.9910000E-01
6.6584003E+02 2.0000000E-01
6.6633002E+02 1.9837999E-01
6.6681000E+02 1.9788000E-01
6.6728998E+02 1.9865000E-01
6.6777002E+02 1.9698000E-01
6.6825000E+02 1.9570000E-01
6.6873999E+02 1.9641000E-01
6.6921997E+02 1.9580001E-01
6.6970001E+02 1.9485000E-01
6.7017999E+02 1.9521999E-01
6.7065997E+02 1.9411001E-01
6.7115002E+02 1.9243000E-01
6.7163000E+02 1.9280000E-01
6.7210999E+02 1.9241001E-01
6.7259003E+02 1.9074000E-01
6.7308002E+02 1.9120000E-01
6.7356000E+02 1.9128001E-01
6.7403998E+02 1.8928000E-01
6.7452002E+02 1.8968000E-01
6.7500000E+02 1.8952000E-01
6.7548999E+02 1.8731000E-01
6.7596997E+02 1.8817000E-01
6.7645001E+02 1.8804000E-01
6.7692999E+02 1.8581000E-01
6.7740997E+02 1.8659000E-01
6.7790002E+02 1.8704000E-01
6.7838000E+02 1.8542001E-01
6.7885999E+02 1.8558000E-01
6.7934003E+02 1.8556000E-01
6.7983002E+02 1.8358000E-01
6.8031000E+02 1.8321000E-01
6.8078998E+02 1.8328001E-01
6.8127002E+02 1.8207000E-01
6.8175000E+02 1.8217000E-01
6.8223999E+02 1.8256000E-01
6.8271997E+02 1.8091001E-01
6.8320001E+02 1.7995000E-01
6.8367999E+02 1.8084000E-01
6.8415997E+02 1.7968000E-01
6.8465002E+02 1.7847000E-01
6.8513000E+02 1.7963000E-01
6.8560999E+02 1.7835000E-01
6.8609003E+02 1.7705999E-01
6.8658002E+02 1.7835000E-01
6.8706000E+02 1.7716999E-01
6.8753998E+02 1.7612000E-01
6.8802002E+02 1.7701000E-01
6.8850000E+02 1.7579000E-01
6.8898999E+02 1.7509000E-01
6.8946997E+02 1.7600000E-01
6.8995001E+02 1.7485000E-01
6.9042999E+02 1.7377000E-01
6.9090997E+02 1.7409000E-01
6.9140002E+02 1.7307000E-01
6.9188000E+02 1.7242999E-01
6.9235999E+02 1.7314000E-01
6.9284003E+02 1.7258000E-01
6.9333002E+02 1.7163999E-01
6.9381000E+02 1.7222001E-01
6.9428998E+02 1.7222001E-01
6.9477002E+02 1.7057000E-01
6.9525000E+02 1.7084000E-01
6.9573999E+02 1.7137000E-01
6.9621997E+02 1.6965000E-01
6.9670001E+02 1.7002000E-01
6.9717999E+02 1.7049000E-01
6.9765997E+02 1.6901000E-01
6.9815002E+02 1.6965000E-01
6.9863000E+02 1.6964000E-01
6.9910999E+02 1.6793001E-01
6.9959003E+02 1.6844000E-01
7.0008002E+02 1.6862001E-01
7.0056000E+02 1.6700999E-01
7.0103998E+02 1.6741000E-01
7.0152002E+02 1.6774000E-01
7.0200000E+02 1.6588999E-01
7.0248999E+02 1.6581000E-01
7.0296997E+02 1.6631000E-01
7.0345001E+02 1.6457000E-01
7.0392999E+02 1.6364001E-01
7.0440997E+02 1.6422001E-01
7.0490002E+02 1.6360000E-01
7.0538000E+02 1.6248000E-01
7.0585999E+02 1.6278000E-01
7.0634003E+02 1.6182999E-01
7.0683002E+02 1.6019000E-01
7.0731000E+02 1.6068000E-01
7.0778998E+02 1.5941000E-01
7.0827002E+02 1.5801001E-01
7.0875000E+02 1.5916000E-01
7.0923999E+02 1.5767001E-01
7.0971997E+02 1.5580000E-01
7.1020001E+02 1.5643001E-01
7.1067999E+02 1.5533000E-01
7.1115997E+02 1.5407000E-01
7.1165002E+02 1.5462001E-01
7.1213000E+02 1.5352000E-01
7.1260999E+02 1.5211000E-01
7.1309003E+02 1.5273000E-01
7.1358002E+02 1.5200000E-01
7.1406000E+02 1.5031999E-01
7.1453998E+02 1.5031999E-01
7.1502002E+02 1.5001000E-01
7.1550000E+02 1.4888000E-01
7.1598999E+02 1.4872999E-01
7.1646997E+02 1.4862999E-01
7.1695001E+02 1.4706001E-01
7.1742999E+02 1.4688000E-01
7.1790997E+02 1.4704999E-01
7.1840002E+02 1.4478000E-01
7.1888000E+02 1.4489999E-01
7.1935999E+02 1.4573000E-01
7.1984003E+02 1.4370000E-01
7.2033002E+02 1.4373000E-01
7.2081000E+02 1.4430000E-01
7.2128998E+02 1.4257000E-01
7.2177002E+02 1.4242999E-01
7.2225000E+02 1.4270000E-01
7.2273999E+02 1.4125000E-01
7.2321997E+02 1.4133000E-01
7.2370001E+02 1.4200000E-01
7.2417999E+02 1.4072999E-01
7.2465997E+02 1.4035000E-01
7.2515002E+02 1.4093000E-01
7.2563000E+02 1.4001000E-01
7.2610999E+02 1.3937999E-01
7.2659003E+02 1.3988000E-01
7.2708002E+02 1.3937999E-01
7.2756000E+02 1.3851000E-01
7.2803998E+02 1.3885000E-01
7.2852002E+02 1.3827001E-01
7.2900000E+02 1.3719000E-01
7.2948999E+02 1.3794000E-01
7.2996997E+02 1.3716000E-01
7.3045001E+02 1.3570000E-01
7.3092999E+02 1.3662000E-01
7.3140997E+02 1.3604000E-01
7.3190002E+02 1.3488001E-01
7.3238000E+02 1.3544001E-01
7.3285999E+02 1.3490000E-01
7.3334003E+02 1.3404000E-01
7.3383002E+02 1.3448000E-01
7.3431000E+02 1.3383000E-01
7.3478998E+02 1.3265000E-01
7.3527002E+02 1.3316999E-01
7.3575000E+02 1.3312000E-01
7.3623999E+02 1.3233000E-01
7.3671997E+02 1.3248000E-01
7.3720001E+02 1.3222000E-01
7.3767999E+02 1.3142000E-01
7.3815997E+02 1.3135000E-01
7.3865002E+02 1.3141000E-01
7.3913000E+02 1.3030000E-01
7.3960999E+02 1.3020000E-01
7.4009003E+02 1.3110000E-01
7.4058002E+02 1.2993000E-01
7.4106000E+02 1.2972000E-01
7.4153998E+02 1.3020000E-01
7.4202002E+02 1.2858000E-01
7.4250000E+02 1.2826000E-01
7.4298999E+02 1.2863000E-01
7.4346997E+02 1.2763999E-01
7.4395001E+02 1.2783000E-01
7.4442999E+02 1.2843999E-01
7.4490997E+02 1.2741999E-01
7.4540002E+02 1.2683000E-01
7.4588000E+02 1.2705000E-01
7.4635999E+02 1.2636000E-01
7.4684003E+02 1.2622000E-01
7.4733002E+02 1.2658000E-01
7.4781000E+02 1.2614000E-01
7.4828998E+02 1.2585001E-01
7.4877002E+02 1.2574001E-01
7.4925000E+02 1.2542000E-01
7.4973999E+02 1.2509000E-01
7.5021997E+02 1.2535000E-01
7.5070001E+02 1.2501000E-01
7.5117999E+02 1.2431000E-01
7.5165997E+02 1.2535000E-01
7.5215002E+02 1.2523000E-01
7.5263000E+02 1.2420000E-01
7.5310999E+02 1.2484000E-01
7.5359003E+02 1.2465000E-01
7.5408002E+02 1.2421000E-01
7.5456000E+02 1.2478000E-01
7.5503998E+02 1.2431000E-01
7.5552002E+02 1.2388000E-01
7.5600000E+02 1.2468000E-01
7.5648999E+02 1.2458000E-01
7.5696997E+02 1.2405000E-01
7.5745001E+02 1.2475000E-01
7.5792999E+02 1.2477000E-01
7.5840997E+02 1.2427000E-01
7.5890002E+02 1.2454000E-01
7.5938000E+02 1.2444000E-01
7.5985999E+02 1.2438000E-01
7.6034003E+02 1.2481000E-01
7.6083002E+02 1.2519000E-01
7.6131000E+02 1.2496000E-01
7.6178998E+02 1.2515000E-01
7.6227002E+02 1.2574001E-01
7.6275000E+02 1.2507001E-01
7.6323999E+02 1.2512000E-01
7.6371997E+02 1.2546000E-01
7.6420001E+02 1.2489000E-01
7.6467999E+02 1.2551001E-01
7.6516998E+02 1.2580000E-01
7.6565002E+02 1.2535000E-01
7.6613000E+02 1.2594000E-01
7.6660999E+02 1.2619001E-01
7.6709003E+02 1.2577000E-01
7.6758002E+02 1.2636000E-01
7.6806000E+02 1.2689000E-01
7.6853998E+02 1.2660000E-01
7.6902002E+02 1.2717000E-01
7.6950000E+02 1.2746000E-01
7.6998999E+02 1.2714000E-01
7.7046997E+02 1.2779000E-01
7.7095001E+02 1.2853999E-01
7.7142999E+02 1.2858000E-01
7.7191998E+02 1.2851000E-01
7.7240002E+02 1.2916000E-01
7.7288000E+02 1.2942000E-01
7.7335999E+02 1.2940000E-01
7.7384003E+02 1.2991001E-01
7.7433002E+02 1.2932999E-01
7.7481000E+02 1.2928000E-01
7.7528998E+02 1.3038000E-01
7.7577002E+02 1.3021000E-01
7.7625000E+02 1.3027000E-01
7.7673999E+02 1.3089000E-01
7.7721997E+02 1.3040000E-01
7.7770001E+02 1.3027000E-01
7.7817999E+02 1.3084000E-01
7.7866998E+02 1.3038000E-01
7.7915002E+02 1.3007000E-01
7.7963000E+02 1.3063000E-01
7.8010999E+02 1.3048001E-01
7.8059003E+02 1.3044000E-01
7.8108002E+02 1.3072000E-01
7.8156000E+02 1.3059001E-01
7.8203998E+02 1.3073000E-01
7.8252002E+02 1.3111000E-01
7.8300000E+02 1.3138001E-01
7.8348999E+02 1.3119000E-01
7.8396997E+02 1.3151000E-01
7.8445001E+02 1.3206001E-01
7.8492999E+02 1.3186000E-01
7.8541998E+02 1.3247000E-01
7.8590002E+02 1.3282999E-01
7.8638000E+02 1.3254000E-01
7.8685999E+02 1.3339999E-01
7.8734003E+02 1.3405000E-01
7.8783002E+02 1.3404000E-01
7.8831000E+02 1.3470000E-01
7.8878998E+02 1.3527000E-01
7.8927002E+02 1.3535000E-01
7.8975000E+02 1.3620000E-01
7.9023999E+02 1.3688000E-01
7.9071997E+02 1.3714001E-01
7.9120001E+02 1.3837001E-01
7.9167999E+02 1.3917001E-01
7.9216998E+02 1.3941000E-01
7.9265002E+02 1.4058000E-01
7.9313000E+02 1.4149000E-01
7.9360999E+02 1.4184999E-01
7.9409003E+02 1.4279000E-01
7.9458002E+02 1.4390001E-01
7.9506000E+02 1.4451000E-01
7.9553998E+02 1.4540000E-01
7.9602002E+02 1.4662001E-01
7.9650000E+02 1.4707001E-01
7.9698999E+02 1.4799000E-01
7.9746997E+02 1.4936000E-01
7.9795001E+02 1.4995000E-01
7.9842999E+02 1.5119000E-01
7.9891998E+02 1.5288000E-01
7.9940002E+02 1.5346999E-01
7.9988000E+02 1.5414999E-01
8.0035999E+02 1.5549000E-01
8.0084003E+02 1.5618999E-01
8.0133002E+02 1.5733001E-01
8.0181000E+02 1.5910000E-01
8.0228998E+02 1.5990999E-01
8.0277002E+02 1.6110000E-01
8.0325000E+02 1.6286001E-01
8.0373999E+02 1.6419999E-01
8.0421997E+02 1.6562000E-01
8.0470001E+02 1.6749001E-01
8.0517999E+02 1.6935000E-01
8.0566998E+02 1.7059000E-01
8.0615002E+02 1.7233001E-01
8.0663000E+02 1.7434999E-01
8.0710999E+02 1.7599000E-01
8.0759003E+02 1.7833000E-01
8.0808002E+02 1.8052000E-01
8.0856000E+02 1.8258999E-01
8.0903998E+02 1.8543001E-01
8.0952002E+02 1.8781000E-01
8.1000000E+02 1.8995000E-01
8.1048999E+02 1.9280000E-01
8.1096997E+02 1.9553000E-01
8.1145001E+02 1.9831000E-01
8.1192999E+02 2.0180000E-01
8.1241998E+02 2.0479999E-01
8.1290002E+02 2.0810001E-01
8.1338000E+02 2.1247000E-01
8.1385999E+02 2.1583000E-01
8.1434003E+02 2.1969999E-01
8.1483002E+02 2.2480001E-01
8.1531000E+02 2.2915000E-01
8.1578998E+02 2.3396000E-01
8.1627002E+02 2.3969001E-01
8.1675000E+02 2.4542999E-01
8.1723999E+02 2.5130999E-01
8.1771997E+02 2.5788000E-01
8.1820001E+02 2.6484001E-01
8.1867999E+02 2.7173999E-01
8.1916998E+02 2.7994999E-01
8.1965002E+02 2.8895000E-01
8.2013000E+02 2.9813999E-01
8.2060999E+02 3.0888000E-01
8.2109003E+02 3.2016000E-01
8.2158002E+02 3.3181000E-01
8.2206000E+02 3.4525001E-01
8.2253998E+02 3.5969001E-01
8.2302002E+02 3.7456000E-01
8.2350000E+02 3.9117000E-01
8.2398999E+02 4.0899000E-01
8.2446997E+02 4.2667001E-01
8.2495001E+02 4.4630000E-01
8.2542999E+02 4.6645999E-01
8.2591998E+02 4.8510000E-01
8.2640002E+02 5.0472999E-01
8.2688000E+02 5.2358001E-01
8.2735999E+02 5.4043001E-01
8.2784003E+02 5.5615002E-01
8.2833002E+02 5.6884998E-01
8.2881000E+02 5.7779002E-01
8.2928998E+02 5.8263999E-01
8.2977002E+02 5.8324999E-01
8.3025000E+02 5.7850999E-01
8.3073999E+02 5.6901997E-01
8.3121997E+02 5.5620003E-01
8.3170001E+02 5.3926003E-01
8.3217999E+02 5.2004999E-01
8.3266998E+02 5.0037998E-01
8.3315002E+02 4.8004001E-01
8.3363000E+02 4.6042001E-01
8.3410999E+02 4.4306999E-01
8.3459003E+02 4.2730999E-01
8.3508002E+02 4.1338000E-01
8.3556000E+02 4.0272000E-01
8.3603998E+02 3.9357001E-01
8.3652002E+02 3.8653001E-01
8.3700000E+02 3.8220999E-01
8.3748999E+02 3.7794000E-01
8.3796997E+02 3.7549001E-01
8.3845001E+02 3.7525001E-01
8.3892999E+02 3.7498999E-01
8.3941998E+02 3.7625000E-01
8.3990002E+02 3.7930000E-01
8.4038000E+02 3.8260001E-01
8.4085999E+02 3.8593000E-01
8.4134003E+02 3.9043000E-01
8.4183002E+02 3.9556000E-01
8.4231000E+02 4.0105000E-01
8.4278998E+02 4.0840000E-01
8.4327002E+02 4.1565001E-01
8.4375000E+02 4.2284000E-01
8.4423999E+02 4.3173000E-01
8.4471997E+02 4.4064999E-01
8.4520001E+02 4.4955999E-01
8.4567999E+02 4.6004000E-01
8.4616998E+02 4.7132999E-01
8.4665002E+02 4.8256001E-01
8.4713000E+02 4.9506000E-01
8.4760999E+02 5.0766999E-01
8.4809003E+02 5.2006000E-01
8.4858002E+02 5.3485000E-01
8.4906000E+02 5.4970002E-01
8.4953998E+02 5.6409001E-01
8.5002002E+02 5.8023000E-01
8.5050000E+02 5.9640998E-01
8.5098999E+02 6.1264998E-01
8.5146997E+02 6.2976998E-01
8.5195001E+02 6.4701998E-01
8.5242999E+02 6.6442001E-01
8.5291998E+02 6.8252999E-01
8.5340002E+02 7.0128000E-01
8.5388000E+02 7.1943998E-01
8.5435999E+02 7.3847997E-01
8.5484003E+02 7.5783998E-01
8.5533002E+02 7.7495003E-01
8.5581000E+02 7.9232001E-01
8.5628998E+02 8.1067002E-01
8.5677002E+02 8.2788002E-01
8.5725000E+02 8.4518999E-01
8.5773999E+02 8.6242998E-01
8.5821997E+02 8.7801999E-01
8.5870001E+02 8.9403999E-01
8.5917999E+02 9.1117001E-01
8.5966998E+02 9.2663002E-01
8.6015002E+02 9.4137001E-01
8.6063000E+02 9.5714998E-01
8.6110999E+02 9.7228003E-01
8.6159003E+02 9.8615998E-01
8.6208002E+02 9.9866998E-01
8.6256000E+02 1.0104001E+00
8.6303998E+02 1.0227000E+00
8.6352002E+02 1.0341001E+00
8.6400000E+02 1.0443000E+00
8.6448999E+02 1.0549001E+00
8.6496997E+02 1.0650001E+00
8.6545001E+02 1.0740000E+00
8.6592999E+02 1.0840000E+00
8.6641998E+02 1.0933000E+00
8.6690002E+02 1.0986000E+00
8.6738000E+02 1.1037000E+00
8.6785999E+02 1.1102999E+00
8.6834003E+02 1.1162000E+00
8.6883002E+02 1.1216000E+00
8.6931000E+02 1.1271000E+00
8.6978998E+02 1.1317000E+00
8.7027002E+02 1.1355000E+00
8.7075000E+02 1.1390001E+00
8.7123999E+02 1.1416000E+00
8.7171997E+02 1.1450000E+00
8.7220001E+02 1.1495000E+00
8.7267999E+02 1.1512001E+00
8.7316998E+02 1.1521000E+00
8.7365002E+02 1.1540000E+00
8.7413000E+02 1.1552000E+00
8.7460999E+02 1.1569000E+00
8.7509003E+02 1.1604000E+00
8.7558002E+02 1.1615000E+00
8.7606000E+02 1.1609000E+00
8.7653998E+02 1.1627001E+00
8.7702002E+02 1.1619000E+00
8.7750000E+02 1.1593000E+00
8.7798999E+02 1.1605999E+00
8.7846997E+02 1.1618000E+00
8.7895001E+02 1.1611000E+00
8.7942999E+02 1.1598001E+00
8.7991998E+02 1.1574000E+00
8.8040002E+02 1.1561000E+00
8.8088000E+02 1.1562999E+00
8.8135999E+02 1.1549000E+00
8.8184003E+02 1.1521000E+00
8.8233002E+02 1.1506000E+00
8.8281000E+02 1.1490999E+00
8.8328998E+02 1.1459000E+00
8.8377002E+02 1.1449000E+00
8.8426001E+02 1.1439000E+00
8.8473999E+02 1.1397001E+00
8.8521997E+02 1.1381000E+00
8.8570001E+02 1.1375999E+00
8.8617999E+02 1.1344000E+00
8.8666998E+02 1.1317000E+00
8.8715002E+02 1.1289001E+00
8.8763000E+02 1.1253999E+00
8.8810999E+02 1.1223000E+00
8.8859003E+02 1.1199000E+00
8.8908002E+02 1.1162000E+00
8.8956000E+02 1.1121000E+00
8.9003998E+02 1.1089000E+00
8.9052002E+02 1.1055000E+00
8.9101001E+02 1.1033000E+00
8.9148999E+02 1.1011000E+00
8.9196997E+02 1.0969000E+00
8.9245001E+02 1.0934000E+00
8.9292999E+02 1.0908000E+00
8.9341998E+02 1.0868000E+00
8.9390002E+02 1.0827000E+00
8.9438000E+02 1.0792000E+00
8.9485999E+02 1.0752000E+00
8.9534003E+02 1.0725000E+00
8.9583002E+02 1.0712000E+00
8.9631000E+02 1.0666000E+00
8.9678998E+02 1.0624000E+00
8.9727002E+02 1.0609000E+00
8.9776001E+02 1.0575000E+00
8.9823999E+02 1.0539000E+00
8.9871997E+02 1.0519000E+00
8.9920001E+02 1.0483000E+00
8.9967999E+02 1.0440000E+00
9.0016998E+02 1.0411000E+00
9.0065002E+02 1.0382000E+00
9.0113000E+02 1.0345000E+00
9.0160999E+02 1.0319999E+00
9.0209003E+02 1.0288000E+00
9.0258002E+02 1.0244000E+00
9.0306000E+02 1.0225000E+00
9.0353998E+02 1.0222000E+00
9.0402002E+02 1.0199000E+00
9.0451001E+02 1.0166000E+00
9.0498999E+02 1.0130000E+00
9.0546997E+02 1.0093000E+00
9.0595001E+02 1.0071000E+00
9.0642999E+02 1.0058000E+00
9.0691998E+02 1.0032001E+00
9.0740002E+02 1.0007000E+00
9.0788000E+02 9.9888003E-01
9.0835999E+02 9.9747998E-01
9.0884003E+02 9.9680001E-01
9.0933002E+02 9.9531001E-01
9.0981000E+02 9.9283999E-01
9.1028998E+02 9.9147999E-01
9.1077002E+02 9.9096000E-01
9.1126001E+02 9.8947001E-01
9.1173999E+02 9.8785001E-01
9.1221997E+02 9.8701000E-01
9.1270001E+02 9.8567998E-01
9.1317999E+02 9.8471999E-01
9.1366998E+02 9.8500001E-01
9.1415002E+02 9.8422998E-01
9.1463000E+02 9.8308998E-01
9.1510999E+02 9.8264003E-01
9.1559003E+02 9.8035002E-01
9.1608002E+02 9.7759998E-01
9.1656000E+02 9.7668999E-01
9.1703998E+02 9.7456998E-01
9.1752002E+02 9.7100002E-01
9.1801001E+02 9.6824998E-01
9.1848999E+02 9.6473002E-01
9.1896997E+02 9.6025002E-01
9.1945001E+02 9.5559001E-01
9.1992999E+02 9.4902003E-01
9.2041998E+02 9.4084001E-01
9.2090002E+02 9.3267000E-01
9.2138000E+02 9.2347997E-01
9.2185999E+02 9.1251999E-01
9.2234003E+02 9.0147001E-01
9.2283002E+02 8.8906997E-01
9.2331000E+02 8.7509000E-01
9.2378998E+02 8.6216003E-01
9.2427002E+02 8.4808999E-01
9.2476001E+02 8.3248001E-01
9.2523999E+02 8.1845999E-01
9.2571997E+02 8.0471998E-01
9.2620001E+02 7.9110998E-01
9.2667999E+02 7.7942002E-01
9.2716998E+02 7.6815999E-01
9.2765002E+02 7.5756001E-01
9.2813000E+02 7.4956000E-01
9.2860999E+02 7.4208999E-01
9.2909003E+02 7.3418999E-01
9.2958002E+02 7.2825998E-01
9.3006000E+02 7.2380000E-01
9.3053998E+02 7.1939999E-01
9.3102002E+02 7.1635002E-01
9.3151001E+02 7.1427000E-01
9.3198999E+02 7.1221000E-01
9.3246997E+02 7.1227998E-01
9.3295001E+02 7.1394998E-01
9.3342999E+02 7.1469998E-01
9.3391998E+02 7.1670002E-01
9.3440002E+02 7.2106999E-01
9.3488000E+02 7.2553003E-01
9.3535999E+02 7.3155999E-01
9.3584003E+02 7.3988998E-01
9.3633002E+02 7.4847001E-01
9.3681000E+02 7.5880998E-01
9.3728998E+02 7.7183002E-01
9.3777002E+02 7.8579998E-01
9.3826001E+02 8.0111998E-01
9.3873999E+02 8.1853002E-01
9.3921997E+02 8.3613998E-01
9.3970001E+02 8.5462999E-01
9.4017999E+02 8.7546998E-01
9.4066998E+02 8.9504999E-01
9.4115002E+02 9.1307002E-01
9.4163000E+02 9.3140000E-01
9.4210999E+02 9.4752002E-01
9.4259003E+02 9.6160001E-01
9.4308002E+02 9.7466999E-01
9.4356000E+02 9.8422003E-01
9.4403998E+02 9.9048001E-01
9.4452002E+02 9.9550998E-01
9.4501001E+02 9.9792999E-01
9.4548999E+02 9.9795997E-01
9.4596997E+02 9.9730003E-01
9.4645001E+02 9.9480999E-01
9.4692999E+02 9.9083000E-01
9.4741998E+02 9.8701000E-01
9.4790002E+02 9.8201001E-01
9.4838000E+02 9.7548002E-01
9.4885999E+02 9.6947998E-01
9.4934003E+02 9.6341002E-01
9.4983002E+02 9.5709997E-01
9.5031000E+02 9.5109999E-01
9.5078998E+02 9.4474000E-01
9.5127002E+02 9.3852001E-01
9.5176001E+02 9.3302000E-01
9.5223999E+02 9.2772001E-01
9.5271997E+02 9.2198002E-01
9.5320001E+02 9.1680998E-01
9.5367999E+02 9.1257000E-01
9.5416998E+02 9.0825999E-01
9.5465002E+02 9.0426999E-01
9.5513000E+02 9.0069002E-01
9.5560999E+02 8.9745998E-01
9.5609003E+02 8.9499003E-01
9.5658002E+02 8.9288002E-01
9.5706000E+02 8.9051998E-01
9.5753998E+02 8.8835001E-01
9.5802002E+02 8.8604999E-01
9.5851001E+02 8.8366997E-01
9.5898999E+02 8.8265002E-01
9.5946997E+02 8.8161999E-01
9.5995001E+02 8.7990999E-01
9.6042999E+02 8.7919998E-01
9.6091998E+02 8.7844002E-01
9.6140002E+02 8.7677997E-01
9.6188000E+02 8.7559003E-01
9.6235999E+02 8.7531000E-01
9.6284003E+02 8.7444001E-01
9.6333002E+02 8.7290001E-01
9.6381000E+02 8.7208998E-01
9.6428998E+02 8.7151998E-01
9.6477002E+02 8.7046999E-01
9.6526001E+02 8.6966997E-01
9.6573999E+02 8.6859000E-01
9.6621997E+02 8.6701000E-01
9.6670001E+02 8.6583000E-01
9.6717999E+02 8.6418998E-01
9.6766998E+02 8.6243999E-01
9.6815002E+02 8.6142999E-01
9.6863000E+02 8.5968000E-01
9.6910999E+02 8.5789001E-01
9.6959003E+02 8.5667002E-01
9.7008002E+02 8.5499001E-01
9.7056000E+02 8.5361999E-01
9.7103998E+02 8.5189003E-01
9.7152002E+02 8.4952003E-01
9.7201001E+02 8.4732002E-01
9.7248999E+02 8.4530997E-01
9.7296997E+02 8.4320998E-01
9.7345001E+02 8.4078997E-01
9.7392999E+02 8.3895999E-01
9.7441998E+02 8.3660001E-01
9.7490002E+02 8.3380002E-01
9.7538000E+02 8.3209002E-01
9.7585999E+02 8.2988000E-01
9.7634003E+02 8.2704997E-01
9.7683002E+02 8.2441998E-01
9.7731000E+02 8.2181001E-01
9.7778998E+02 8.1917000E-01
9.7827002E+02 8.1673002E-01
9.7876001E+02 8.1386000E-01
9.7923999E+02 8.1032997E-01
9.7971997E+02 8.0782998E-01
9.8020001E+02 8.0511999E-01
9.8067999E+02 8.0168003E-01
9.8116998E+02 7.9940999E-01
9.8165002E+02 7.9658997E-01
9.8213000E+02 7.9247999E-01
9.8260999E+02 7.8931999E-01
9.8309003E+02 7.8626001E-01
9.8358002E+02 7.8224999E-01
9.8406000E+02 7.7921999E-01
9.8453998E+02 7.7656001E-01
9.8502002E+02 7.7297997E-01
9.8551001E+02 7.6964998E-01
9.8598999E+02 7.6631999E-01
9.8646997E+02 7.6225001E-01
9.8695001E+02 7.5866997E-01
9.8742999E+02 7.5580001E-01
9.8791998E+02 7.5216001E-01
9.8840002E+02 7.4813998E-01
9.8888000E+02 7.4463999E-01
9.8935999E+02 7.4049002E-01
9.8984003E+02 7.3641998E-01
9.9033002E+02 7.3352998E-01
9.9081000E+02 7.2973001E-01
9.9128998E+02 7.2558999E-01
9.9177002E+02 7.2244000E-01
9.9226001E+02 7.1881002E-01
9.9273999E+02 7.1520001E-01
9.9321997E+02 7.1147001E-01
9.9370001E+02 7.0669001E-01
9.9417999E+02 7.0267999E-01
9.9466998E+02 6.9948000E-01
9.9515002E+02 6.9511002E-01
9.9563000E+02 6.9095999E-01
9.9610999E+02 6.8773001E-01
9.9659003E+02 6.8343002E-01
9.9708002E+02 6.7881000E-01
9.9756000E+02 6.7501998E-01
9.9803998E+02 6.7105001E-01
9.9852002E+02 6.6665000E-01
9.9901001E+02 6.6270000E-01
9.9948999E+02 6.5846002E-01
9.9996997E+02 6.5398997E-01
1.0005000E+03 6.5022999E-01
1.0009000E+03 6.4578998E-01
1.0014000E+03 6.4120001E-01
1.0019000E+03 6.3775003E-01
1.0024000E+03 6.3372999E-01
1.0029000E+03 6.2905997E-01
1.0033000E+03 6.2528002E-01
1.0038000E+03 6.2119001E-01
1.0043000E+03 6.1628002E-01
1.0048000E+03 6.1210001E-01
1.0053000E+03 6.0790002E-01
1.0058000E+03 6.0312003E-01
1.0062000E+03 5.9900999E-01
1.0067000E+03 5.9521002E-01
1.0072000E+03 5.9107000E-01
1.0077000E+03 5.8709002E-01
1.0082000E+03 5.8230001E-01
1.0086000E+03 5.7704997E-01
1.0091000E+03 5.7321000E-01
1.0096000E+03 5.6958002E-01
1.0101000E+03 5.6537998E-01
1.0106000E+03 5.6149000E-01
1.0111000E+03 5.5734998E-01
1.0115000E+03 5.5290997E-01
1.0120000E+03 5.4907000E-01
1.0125000E+03 5.4548001E-01
1.0130000E+03 5.4105002E-01
1.0135000E+03 5.3731000E-01
1.0140000E+03 5.3389001E-01
1.0144000E+03 5.2895999E-01
1.0149000E+03 5.2526999E-01
1.0154000E+03 5.2201998E-01
1.0159000E+03 5.1690000E-01
1.0164000E+03 5.1286000E-01
1.0168000E+03 5.0980997E-01
1.0173000E+03 5.0542998E-01
1.0178000E+03 5.0172001E-01
1.0183000E+03 4.9906999E-01
1.0188000E+03 4.9489000E-01
1.0193000E+03 4.9114999E-01
1.0197000E+03 4.8877001E-01
1.0202000E+03 4.8451999E-01
1.0207000E+03 4.7997999E-01
1.0212000E+03 4.7762999E-01
1.0217000E+03 4.7466999E-01
1.0221000E+03 4.7011000E-01
1.0226000E+03 4.6689999E-01
1.0231000E+03 4.6393001E-01
1.0236000E+03 4.6013999E-01
1.0241000E+03 4.5763001E-01
1.0246000E+03 4.5484000E-01
1.0250000E+03 4.5153999E-01
1.0255000E+03 4.4920999E-01
1.0260000E+03 4.4532001E-01
1.0265000E+03 4.4069001E-01
1.0270000E+03 4.3830001E-01
1.0275000E+03 4.3581000E-01
1.0279000E+03 4.3256000E-01
1.0284000E+03 4.3024999E-01
1.0289000E+03 4.2717001E-01
1.0294000E+03 4.2390999E-01
1.0299000E+03 4.2221999E-01
1.0303000E+03 4.1905999E-01
1.0308000E+03 4.1446999E-01
1.0313000E+03 4.1226000E-01
1.0318000E+03 4.1065001E-01
1.0323000E+03 4.0731001E-01
1.0328000E+03 4.0446001E-01
1.0332000E+03 4.0198001E-01
1.0337000E+03 3.9879000E-01
1.0342000E+03 3.9660001E-01
1.0347000E+03 3.9444000E-01
1.0352000E+03 3.9070001E-01
1.0356000E+03 3.8843000E-01
1.0361000E+03 3.8681000E-01
1.0366000E+03 3.8327000E-01
1.0371000E+03 3.8089001E-01
1.0376000E+03 3.7893000E-01
1.0381000E+03 3.7509000E-01
1.0385000E+03 3.7264001E-01
1.0390000E+03 3.7090001E-01
1.0395000E+03 3.6732000E-01
1.0400000E+03 3.6485001E-01
1.0405000E+03 3.6333001E-01
1.0410000E+03 3.6021000E-01
1.0414000E+03 3.5778999E-01
1.0419000E+03 3.5617000E-01
1.0424000E+03 3.5321999E-01
1.0429000E+03 3.5073000E-01
1.0434000E+03 3.4885001E-01
1.0438000E+03 3.4617001E-01
1.0443000E+03 3.4382999E-01
1.0448000E+03 3.4184000E-01
1.0453000E+03 3.3925000E-01
1.0458000E+03 3.3711001E-01
1.0463000E+03 3.3568999E-01
1.0467000E+03 3.3263999E-01
1.0472000E+03 3.2954001E-01
1.0477000E+03 3.2881001E-01
1.0482000E+03 3.2688999E-01
1.0487000E+03 3.2372999E-01
1.0491000E+03 3.2214001E-01
1.0496000E+03 3.2052001E-01
1.0501000E+03 3.1862000E-01
1.0506000E+03 3.1737000E-01
1.0511000E+03 3.1520000E-01
1.0516000E+03 3.1248999E-01
1.0520000E+03 3.1138000E-01
1.0525000E+03 3.1000000E-01
1.0530000E+03 3.0700999E-01
1.0535000E+03 3.0526999E-01
1.0540000E+03 3.0428001E-01
1.0545000E+03 3.0219999E-01
1.0549000E+03 3.0094999E-01
1.0554000E+03 3.0001000E-01
1.0848000E+03 2.0999999E-01
1.1109000E+03 1.7237000E-01
1.1113000E+03 1.7177001E-01
1.1118000E+03 1.7068000E-01
1.1123000E+03 1.6948000E-01
1.1128000E+03 1.6923000E-01
1.1133000E+03 1.6835000E-01
1.1138000E+03 1.6731000E-01
1.1142000E+03 1.6730000E-01
1.1147000E+03 1.6631000E-01
1.1152000E+03 1.6491000E-01
1.1157000E+03 1.6480000E-01
1.1162000E+03 1.6438000E-01
1.1166000E+03 1.6353001E-01
1.1171000E+03 1.6374999E-01
1.1176000E+03 1.6347000E-01
1.1181000E+03 1.6254000E-01
1.1186000E+03 1.6254000E-01
1.1301000E+03 1.4000000E-01
1.1514000E+03 1.1189000E-01
1.1518000E+03 1.1044000E-01
1.1523000E+03 1.1004000E-01
1.1528000E+03 1.0927000E-01
1.1533000E+03 1.0780000E-01
1.1538000E+03 1.0762000E-01
1.1543000E+03 1.0726000E-01
1.1547000E+03 1.0594000E-01
1.1552000E+03 1.0557000E-01
1.1557000E+03 1.0554000E-01
1.1562000E+03 1.0416000E-01
1.1567000E+03 1.0312000E-01
1.1571000E+03 1.0322000E-01
1.1576000E+03 1.0240000E-01
1.1581000E+03 1.0162000E-01
1.1586000E+03 1.0164000E-01
1.1591000E+03 1.0036000E-01
1.1596000E+03 9.9430002E-02
1.1600000E+03 9.9802002E-02
1.1605000E+03 9.8704003E-02
1.1610000E+03 9.7654000E-02
1.1615000E+03 9.8159999E-02
1.1620000E+03 9.7283997E-02
1.1625000E+03 9.6000001E-02
1.1629000E+03 9.6235000E-02
1.1634000E+03 9.5728002E-02
1.1639000E+03 9.4901003E-02
1.1644000E+03 9.4889000E-02
1.1649000E+03 9.4099000E-02
1.1653000E+03 9.3160003E-02
1.1658000E+03 9.3456998E-02
1.1663000E+03 9.3172997E-02
1.1668000E+03 9.2073999E-02
1.1673000E+03 9.2221998E-02
1.1678000E+03 9.2099003E-02
1.1682000E+03 9.0864003E-02
1.1687000E+03 9.0506002E-02
1.1692000E+03 9.0443999E-02
1.1697000E+03 8.9864001E-02
1.1702000E+03 8.9938000E-02
1.1706000E+03 8.9716002E-02
1.1711000E+03 8.8579997E-02
1.1716000E+03 8.8505998E-02
1.1721000E+03 8.8370003E-02
1.1726000E+03 8.6864002E-02
1.1731000E+03 8.6778000E-02
1.1735000E+03 8.7049000E-02
1.1740000E+03 8.6085998E-02
1.1745000E+03 8.6309001E-02
1.1750000E+03 8.6432002E-02
1.1755000E+03 8.5247003E-02
1.1760000E+03 8.5198000E-02
1.1764000E+03 8.5530996E-02
1.1769000E+03 8.4407002E-02
1.1774000E+03 8.3778001E-02
1.1779000E+03 8.4110998E-02
1.1784000E+03 8.3428003E-02
1.1788000E+03 8.3131999E-02
1.1793000E+03 8.3691001E-02
1.1798000E+03 8.2915999E-02
1.1803000E+03 8.2322001E-02
1.1808000E+03 8.2664996E-02
1.1813000E+03 8.1680998E-02
1.1817000E+03 8.0995999E-02
1.1822000E+03 8.1712000E-02
1.1827000E+03 8.0990002E-02
1.1832000E+03 8.0232002E-02
1.1837000E+03 8.0952004E-02
1.1841000E+03 8.0297999E-02
1.1846000E+03 7.9548001E-02
1.1851000E+03 8.0243997E-02
1.1856000E+03 7.9701997E-02
1.1861000E+03 7.8829996E-02
1.1866000E+03 7.9336002E-02
1.1870000E+03 7.9058997E-02
1.1875000E+03 7.8204997E-02
1.1880000E+03 7.8585997E-02
1.1885000E+03 7.8515999E-02
1.1890000E+03 7.7725999E-02
1.1895000E+03 7.8094997E-02
1.1899000E+03 7.7898003E-02
1.1904000E+03 7.6848999E-02
1.1909000E+03 7.7272996E-02
1.1914000E+03 7.7352002E-02
1.1919000E+03 7.6425999E-02
1.1923000E+03 7.6701000E-02
1.1928000E+03 7.6646999E-02
1.1933000E+03 7.5705998E-02
1.1938000E+03 7.6107003E-02
1.1943000E+03 7.6300003E-02
1.1948000E+03 7.5301997E-02
1.1952000E+03 7.5589001E-02
1.1957000E+03 7.5967997E-02
1.1962000E+03 7.5182997E-02
1.1967000E+03 7.5369000E-02
1.1972000E+03 7.5442001E-02
1.1976000E+03 7.4495003E-02
1.1981000E+03 7.4560001E-02
1.1986000E+03 7.5006001E-02
1.1991000E+03 7.4391000E-02
1.1996000E+03 7.4074998E-02
1.2001000E+03 7.4571997E-02
1.2005000E+03 7.4185997E-02
1.2555000E+03 5.6030001E-02
1.2560000E+03 5.6283999E-02
1.2565000E+03 5.6240998E-02
1.2570000E+03 5.5509999E-02
1.2574000E+03 5.5525001E-02
1.2579000E+03 5.5413999E-02
1.2584000E+03 5.4781001E-02
1.2589000E+03 5.4951999E-02
1.2594000E+03 5.4871999E-02
1.2598000E+03 5.4558001E-02
1.2603000E+03 5.5016000E-02
1.2608000E+03 5.4687999E-02
1.2613000E+03 5.3816002E-02
1.2618000E+03 5.3851001E-02
1.2623000E+03 5.3955998E-02
1.2627000E+03 5.3647000E-02
1.2632000E+03 5.3548999E-02
1.2637000E+03 5.3567000E-02
1.2642000E+03 5.3089000E-02
1.2647000E+03 5.2802000E-02
1.2652000E+03 5.3130001E-02
1.2656000E+03 5.2962001E-02
1.2661000E+03 5.2715000E-02
1.2666000E+03 5.2767001E-02
1.2671000E+03 5.2280001E-02
1.2676000E+03 5.2074000E-02
1.2680000E+03 5.2485000E-02
1.2685000E+03 5.2205000E-02
1.2690000E+03 5.1910002E-02
1.2695000E+03 5.2343000E-02
1.2700000E+03 5.2145999E-02
1.2705000E+03 5.1956002E-02
1.2709000E+03 5.2180000E-02
1.2714000E+03 5.1897999E-02
1.2719000E+03 5.2019998E-02
1.2724000E+03 5.2072000E-02
1.2729000E+03 5.1380999E-02
1.2733000E+03 5.1125001E-02
1.2738000E+03 5.1367000E-02
1.2743000E+03 5.1256999E-02
1.2748000E+03 5.0967000E-02
1.2753000E+03 5.1157001E-02
1.2758000E+03 5.1220000E-02
1.2762000E+03 5.1089000E-02
1.2767000E+03 5.1282998E-02
1.2772000E+03 5.1132001E-02
1.2777000E+03 5.0894000E-02
1.2782000E+03 5.1215000E-02
1.2787000E+03 5.1190000E-02
1.2791000E+03 5.0946001E-02
1.2796000E+03 5.1481001E-02
1.2801000E+03 5.1444001E-02
1.2806000E+03 5.0822001E-02
1.2811000E+03 5.1243000E-02
1.2815000E+03 5.1385000E-02
1.2820000E+03 5.1017001E-02
1.2825000E+03 5.1249001E-02
1.2830000E+03 5.1199000E-02
1.2835000E+03 5.1098000E-02
1.2840000E+03 5.1410001E-02
1.2844000E+03 5.1415000E-02
1.2849000E+03 5.1194999E-02
1.2854000E+03 5.1173002E-02
1.2859000E+03 5.1206000E-02
1.2864000E+03 5.1036999E-02
1.2868000E+03 5.1330000E-02
1.2873000E+03 5.1957998E-02
1.2878000E+03 5.1801998E-02
1.2883000E+03 5.1683001E-02
1.2888000E+03 5.1948000E-02
1.2893000E+03 5.1663999E-02
1.2897000E+03 5.1603999E-02
