9.6429001E+01 1.6163999E-02
9.6911003E+01 1.5802000E-02
9.7392998E+01 1.5763000E-02
9.7875999E+01 1.6263001E-02
9.8358002E+01 1.6549001E-02
9.8839996E+01 1.6480001E-02
9.9321999E+01 1.6316000E-02
9.9804001E+01 1.6237000E-02
1.0029000E+02 1.6897000E-02
1.0077000E+02 1.7382000E-02
1.0125000E+02 1.6783001E-02
1.0173000E+02 1.7106000E-02
1.0221000E+02 1.8040000E-02
1.0270000E+02 1.7991999E-02
1.0318000E+02 1.7664000E-02
1.0366000E+02 1.7597999E-02
1.0414000E+02 1.7289000E-02
1.0463000E+02 1.6519001E-02
1.0511000E+02 1.6408000E-02
1.0559000E+02 1.7139999E-02
1.0607000E+02 1.7333001E-02
1.0655000E+02 1.6748000E-02
1.0704000E+02 1.6377000E-02
1.0752000E+02 1.6187999E-02
1.0800000E+02 1.6011000E-02
1.0848000E+02 1.5829001E-02
1.0896000E+02 1.5469000E-02
1.0945000E+02 1.5187000E-02
1.0993000E+02 1.4479000E-02
1.1041000E+02 1.3843000E-02
1.1089000E+02 1.3733000E-02
1.1138000E+02 1.3273000E-02
1.1186000E+02 1.3265000E-02
1.1234000E+02 1.3710000E-02
1.1282000E+02 1.3844000E-02
1.1330000E+02 1.4334000E-02
1.1379000E+02 1.4392000E-02
1.1427000E+02 1.3993000E-02
1.1475000E+02 1.4347000E-02
1.1523000E+02 1.5070000E-02
1.1571000E+02 1.5346000E-02
1.1620000E+02 1.4800000E-02
1.1668000E+02 1.4634000E-02
1.1716000E+02 1.5082000E-02
1.1764000E+02 1.5446000E-02
1.1813000E+02 1.5903000E-02
1.1861000E+02 1.6233999E-02
1.1909000E+02 1.6487001E-02
1.1957000E+02 1.6198000E-02
1.2005000E+02 1.5537000E-02
1.2054000E+02 1.5450000E-02
1.2102000E+02 1.6094999E-02
1.2150000E+02 1.6991001E-02
1.2198000E+02 1.6946999E-02
1.2246000E+02 1.6274000E-02
1.2295000E+02 1.6154001E-02
1.2343000E+02 1.6271001E-02
1.2391000E+02 1.6256001E-02
1.2439000E+02 1.6148999E-02
1.2488000E+02 1.5622000E-02
1.2536000E+02 1.4988000E-02
1.2584000E+02 1.4753000E-02
1.2632000E+02 1.4940000E-02
1.2680000E+02 1.5442000E-02
1.2729000E+02 1.5574000E-02
1.2777000E+02 1.5368000E-02
1.2825000E+02 1.5224000E-02
1.2873000E+02 1.5046000E-02
1.2922000E+02 1.5064000E-02
1.2970000E+02 1.4971000E-02
1.3017999E+02 1.5006000E-02
1.3066000E+02 1.5849000E-02
1.3114000E+02 1.6336000E-02
1.3163000E+02 1.6305000E-02
1.3211000E+02 1.6713001E-02
1.3259000E+02 1.7062999E-02
1.3307001E+02 1.7158000E-02
1.3355000E+02 1.7011000E-02
1.3403999E+02 1.6940000E-02
1.3452000E+02 1.7321000E-02
1.3500000E+02 1.7716000E-02
1.3548000E+02 1.7852999E-02
1.3597000E+02 1.7743001E-02
1.3645000E+02 1.7751001E-02
1.3692999E+02 1.7903000E-02
1.3741000E+02 1.7883001E-02
1.3789000E+02 1.7348001E-02
1.3838000E+02 1.6574999E-02
1.3886000E+02 1.6239000E-02
1.3934000E+02 1.6198000E-02
1.3982001E+02 1.6092001E-02
1.4030000E+02 1.5895000E-02
1.4078999E+02 1.5904000E-02
1.4127000E+02 1.5939999E-02
1.4175000E+02 1.5799999E-02
1.4223000E+02 1.5672000E-02
1.4272000E+02 1.5683999E-02
1.4320000E+02 1.5788000E-02
1.4367999E+02 1.5867000E-02
1.4416000E+02 1.6102999E-02
1.4464000E+02 1.6130000E-02
1.4513000E+02 1.5811000E-02
1.4561000E+02 1.5517000E-02
1.4609000E+02 1.5398000E-02
1.4657001E+02 1.5744001E-02
1.4705000E+02 1.6068000E-02
1.4753999E+02 1.5969999E-02
1.4802000E+02 1.6116999E-02
1.4850000E+02 1.6179999E-02
1.4898000E+02 1.5905000E-02
1.4947000E+02 1.5893999E-02
1.4995000E+02 1.5705001E-02
1.5042999E+02 1.5363000E-02
1.5091000E+02 1.5303000E-02
1.5139000E+02 1.5378000E-02
1.5188000E+02 1.5557000E-02
1.5236000E+02 1.5750000E-02
1.5284000E+02 1.5935000E-02
1.5332001E+02 1.5995000E-02
1.5380000E+02 1.5817000E-02
1.5428999E+02 1.5659001E-02
1.5477000E+02 1.5668999E-02
1.5525000E+02 1.5811000E-02
1.5573000E+02 1.6016001E-02
1.5622000E+02 1.6229000E-02
1.5670000E+02 1.6604001E-02
1.5717999E+02 1.6849000E-02
1.5766000E+02 1.6876001E-02
1.5814000E+02 1.6876999E-02
1.5863000E+02 1.6682001E-02
1.5911000E+02 1.6652999E-02
1.5959000E+02 1.6779000E-02
1.6007001E+02 1.6935000E-02
1.6055000E+02 1.7058000E-02
1.6103999E+02 1.6914001E-02
1.6152000E+02 1.6913000E-02
1.6200000E+02 1.7013000E-02
1.6248000E+02 1.7027000E-02
1.6297000E+02 1.7243000E-02
1.6345000E+02 1.7751999E-02
1.6392999E+02 1.8283000E-02
1.6441000E+02 1.8708000E-02
1.6489000E+02 1.9216999E-02
1.6538000E+02 1.9816000E-02
1.6586000E+02 2.0458000E-02
1.6634000E+02 2.1012001E-02
1.6682001E+02 2.1624001E-02
1.6730000E+02 2.2808000E-02
1.6778999E+02 2.4338000E-02
1.6827000E+02 2.5922000E-02
1.6875000E+02 2.7690001E-02
1.6923000E+02 2.9565999E-02
1.6972000E+02 3.1683002E-02
1.7020000E+02 3.4254000E-02
1.7067999E+02 3.6989000E-02
1.7116000E+02 4.0119000E-02
1.7164000E+02 4.4022001E-02
1.7213000E+02 4.8035000E-02
1.7261000E+02 5.1500000E-02
1.7309000E+02 5.3530000E-02
1.7357001E+02 5.3934999E-02
1.7405000E+02 5.4226000E-02
1.7453999E+02 5.5539001E-02
1.7502000E+02 5.8304001E-02
1.7550000E+02 6.2013000E-02
1.7598000E+02 6.5073997E-02
1.7647000E+02 6.6051997E-02
1.7695000E+02 6.5895997E-02
1.7742999E+02 6.6500001E-02
1.7791000E+02 6.9329999E-02
1.7839000E+02 7.4326001E-02
1.7888000E+02 8.1270002E-02
1.7936000E+02 9.0526000E-02
1.7984000E+02 1.0085000E-01
1.8032001E+02 1.1213000E-01
1.8080000E+02 1.2453000E-01
1.8128999E+02 1.3657001E-01
1.8177000E+02 1.4613999E-01
1.8225000E+02 1.5222999E-01
1.8273000E+02 1.5309000E-01
1.8322000E+02 1.4653000E-01
1.8370000E+02 1.3655999E-01
1.8417999E+02 1.2729000E-01
1.8466000E+02 1.1686000E-01
1.8514000E+02 1.0445000E-01
1.8563000E+02 9.2708997E-02
1.8611000E+02 8.2235001E-02
1.8659000E+02 7.2564997E-02
1.8707001E+02 6.4887002E-02
1.8755000E+02 5.8143001E-02
1.8803999E+02 5.2182999E-02
1.8852000E+02 4.8400000E-02
1.8900000E+02 4.5251999E-02
1.8948000E+02 4.2741001E-02
1.8997000E+02 4.1138001E-02
1.9045000E+02 3.9730001E-02
1.9092999E+02 3.9294999E-02
1.9141000E+02 3.9221000E-02
1.9189000E+02 3.9306000E-02
1.9238000E+02 4.0468998E-02
1.9286000E+02 4.2447001E-02
1.9334000E+02 4.4973999E-02
1.9382001E+02 4.8303999E-02
1.9430000E+02 5.2809000E-02
1.9478999E+02 5.8178000E-02
1.9527000E+02 6.4421996E-02
1.9575000E+02 7.1648002E-02
1.9623000E+02 7.9200000E-02
1.9672000E+02 8.6438999E-02
1.9720000E+02 9.2534997E-02
1.9767999E+02 9.6743003E-02
1.9816000E+02 9.8300003E-02
1.9864000E+02 9.7130001E-02
1.9913000E+02 9.3313001E-02
1.9961000E+02 8.7309003E-02
2.0009000E+02 8.0399998E-02
2.0057001E+02 7.3004000E-02
2.0105000E+02 6.5903999E-02
2.0153999E+02 5.9273999E-02
2.0202000E+02 5.3413000E-02
2.0250000E+02 4.7660999E-02
2.0298000E+02 4.2397000E-02
2.0347000E+02 3.9138999E-02
2.0395000E+02 3.6293998E-02
2.0442999E+02 3.3672001E-02
2.0491000E+02 3.1670999E-02
2.0539000E+02 3.0058000E-02
2.0588000E+02 2.8687000E-02
2.0636000E+02 2.7396001E-02
2.0684000E+02 2.6342001E-02
2.0732001E+02 2.5498999E-02
2.0780000E+02 2.4777001E-02
2.0828999E+02 2.3999000E-02
2.0877000E+02 2.3290001E-02
2.0925000E+02 2.2767000E-02
2.0973000E+02 2.2273000E-02
2.1022000E+02 2.1795999E-02
2.1070000E+02 2.1444000E-02
2.1117999E+02 2.1109000E-02
2.1166000E+02 2.1013999E-02
2.1214000E+02 2.0961000E-02
2.1263000E+02 2.0632001E-02
2.1311000E+02 2.0700000E-02
2.1359000E+02 2.0857001E-02
2.1407001E+02 2.0880001E-02
2.1455000E+02 2.1044999E-02
2.1503999E+02 2.1118000E-02
2.1552000E+02 2.1297000E-02
2.1600000E+02 2.1600001E-02
2.1648000E+02 2.1885000E-02
2.1697000E+02 2.2267001E-02
2.1745000E+02 2.2759000E-02
2.1792999E+02 2.3464000E-02
2.1841000E+02 2.4452001E-02
2.1889000E+02 2.5454000E-02
2.1938000E+02 2.6597001E-02
2.1986000E+02 2.7671000E-02
2.2034000E+02 2.8059000E-02
2.2082001E+02 2.7903000E-02
2.2130000E+02 2.7055999E-02
2.2178999E+02 2.5668001E-02
2.2227000E+02 2.4590001E-02
2.2275000E+02 2.3829000E-02
2.2323000E+02 2.3107000E-02
2.2372000E+02 2.2514001E-02
2.2420000E+02 2.2232000E-02
2.2467999E+02 2.2112001E-02
2.2516000E+02 2.2097001E-02
2.2564000E+02 2.2080000E-02
2.2613000E+02 2.1814000E-02
2.2661000E+02 2.1753000E-02
2.2709000E+02 2.2124000E-02
2.2757001E+02 2.2437001E-02
2.2805000E+02 2.2352001E-02
2.2853999E+02 2.2273000E-02
2.2902000E+02 2.2553001E-02
2.2950000E+02 2.2840001E-02
2.2998000E+02 2.3064001E-02
2.3047000E+02 2.3267999E-02
2.3095000E+02 2.3522001E-02
2.3142999E+02 2.3926999E-02
2.3191000E+02 2.4264000E-02
2.3239000E+02 2.4664000E-02
2.3288000E+02 2.5039000E-02
2.3336000E+02 2.5364000E-02
2.3384000E+02 2.5837000E-02
2.3432001E+02 2.6224000E-02
2.3480000E+02 2.6621999E-02
2.3528999E+02 2.7119000E-02
2.3577000E+02 2.7704000E-02
2.3625000E+02 2.8458999E-02
2.3673000E+02 2.9113000E-02
2.3722000E+02 2.9633000E-02
2.3770000E+02 3.0245000E-02
2.3817999E+02 3.0777000E-02
2.3866000E+02 3.1273998E-02
2.3914000E+02 3.2005999E-02
2.3963000E+02 3.2829002E-02
2.4011000E+02 3.3617001E-02
2.4059000E+02 3.4357000E-02
2.4107001E+02 3.5179999E-02
2.4155000E+02 3.6192998E-02
2.4203999E+02 3.7372999E-02
2.4252000E+02 3.8671002E-02
2.4300000E+02 4.0034000E-02
2.4348000E+02 4.1457001E-02
2.4397000E+02 4.2543001E-02
2.4445000E+02 4.3708999E-02
2.4492999E+02 4.5770001E-02
2.4541000E+02 4.8186999E-02
2.4589000E+02 5.0365001E-02
2.4638000E+02 5.2356999E-02
2.4686000E+02 5.4586999E-02
2.4734000E+02 5.7117000E-02
2.4782001E+02 5.9852000E-02
2.4830000E+02 6.3138999E-02
2.4878999E+02 6.6522002E-02
2.4927000E+02 7.0257001E-02
2.4975000E+02 7.4429996E-02
2.5023000E+02 7.8317001E-02
2.5072000E+02 8.2382999E-02
2.5120000E+02 8.6438999E-02
2.5167999E+02 9.0057001E-02
2.5216000E+02 9.3391001E-02
2.5264000E+02 9.6330002E-02
2.5313000E+02 9.8808996E-02
2.5361000E+02 1.0084000E-01
2.5409000E+02 1.0283000E-01
2.5457001E+02 1.0533000E-01
2.5506000E+02 1.0802000E-01
2.5553999E+02 1.1057000E-01
2.5601999E+02 1.1302000E-01
2.5650000E+02 1.1498000E-01
2.5698001E+02 1.1607000E-01
2.5747000E+02 1.1575000E-01
2.5795001E+02 1.1372000E-01
2.5842999E+02 1.1018000E-01
2.5891000E+02 1.0517000E-01
2.5939001E+02 9.9270001E-02
2.5988000E+02 9.2964999E-02
2.6035999E+02 8.7082997E-02
2.6084000E+02 8.2121998E-02
2.6132001E+02 7.7951998E-02
2.6181000E+02 7.4965000E-02
2.6229001E+02 7.2995998E-02
2.6276999E+02 7.1704000E-02
2.6325000E+02 7.1148001E-02
2.6373001E+02 7.1286999E-02
2.6422000E+02 7.1891002E-02
2.6470001E+02 7.2809003E-02
2.6517999E+02 7.4417002E-02
2.6566000E+02 7.6435000E-02
2.6614001E+02 7.8739002E-02
2.6663000E+02 8.1583001E-02
2.6710999E+02 8.4638998E-02
2.6759000E+02 8.8096000E-02
2.6807001E+02 9.1839001E-02
2.6856000E+02 9.5817000E-02
2.6904001E+02 1.0033000E-01
2.6951999E+02 1.0531000E-01
2.7000000E+02 1.1061000E-01
2.7048001E+02 1.1633000E-01
2.7097000E+02 1.2240000E-01
2.7145001E+02 1.2860000E-01
2.7192999E+02 1.3519999E-01
2.7241000E+02 1.4181000E-01
2.7289001E+02 1.4827000E-01
2.7338000E+02 1.5502000E-01
2.7385999E+02 1.6187000E-01
2.7434000E+02 1.6867000E-01
2.7482001E+02 1.7562000E-01
2.7531000E+02 1.8261001E-01
2.7579001E+02 1.8935999E-01
2.7626999E+02 1.9620000E-01
2.7675000E+02 2.0282000E-01
2.7723001E+02 2.0942000E-01
2.7772000E+02 2.1568000E-01
2.7820001E+02 2.2146000E-01
2.7867999E+02 2.2815000E-01
2.7916000E+02 2.3503999E-01
2.7964001E+02 2.4140000E-01
2.8013000E+02 2.4738000E-01
2.8060999E+02 2.5349000E-01
2.8109000E+02 2.6040000E-01
2.8157001E+02 2.6708001E-01
2.8206000E+02 2.7307001E-01
2.8254001E+02 2.7923000E-01
2.8301999E+02 2.8560001E-01
2.8350000E+02 2.9210001E-01
2.8398001E+02 2.9903001E-01
2.8447000E+02 3.0605000E-01
2.8495001E+02 3.1273001E-01
2.8542999E+02 3.1927001E-01
2.8591000E+02 3.2602000E-01
2.8639001E+02 3.3269000E-01
2.8688000E+02 3.3952001E-01
2.8735999E+02 3.4670001E-01
2.8784000E+02 3.5385999E-01
2.8832001E+02 3.6125001E-01
2.8881000E+02 3.6840999E-01
2.8929001E+02 3.7502000E-01
2.8976999E+02 3.8220000E-01
2.9025000E+02 3.8938999E-01
2.9073001E+02 3.9579999E-01
2.9122000E+02 4.0255001E-01
2.9170001E+02 4.0948999E-01
2.9217999E+02 4.1610000E-01
2.9266000E+02 4.2236999E-01
2.9314001E+02 4.2890999E-01
2.9363000E+02 4.3535000E-01
2.9410999E+02 4.4051999E-01
2.9459000E+02 4.4595999E-01
2.9507001E+02 4.5096001E-01
2.9556000E+02 4.5486999E-01
2.9604001E+02 4.5947999E-01
2.9651999E+02 4.6399999E-01
2.9700000E+02 4.6812999E-01
2.9748001E+02 4.7261000E-01
2.9797000E+02 4.7595999E-01
2.9845001E+02 4.7861001E-01
2.9892999E+02 4.8170000E-01
2.9941000E+02 4.8469999E-01
2.9989001E+02 4.8857000E-01
3.0038000E+02 4.9222001E-01
3.0085999E+02 4.9408999E-01
3.0134000E+02 4.9621999E-01
3.0182001E+02 4.9908999E-01
3.0231000E+02 5.0129998E-01
3.0279001E+02 5.0339001E-01
3.0326999E+02 5.0603998E-01
3.0375000E+02 5.0835001E-01
3.0423001E+02 5.0996000E-01
3.0472000E+02 5.1196003E-01
3.0520001E+02 5.1348001E-01
3.0567999E+02 5.1425999E-01
3.0616000E+02 5.1713002E-01
3.0664001E+02 5.1973999E-01
3.0713000E+02 5.1822001E-01
3.0760999E+02 5.1626003E-01
3.0809000E+02 5.1678002E-01
3.0857001E+02 5.1765001E-01
3.0906000E+02 5.1726002E-01
3.0954001E+02 5.1538998E-01
3.1001999E+02 5.1429999E-01
3.1050000E+02 5.1477998E-01
3.1098001E+02 5.1383001E-01
3.1147000E+02 5.1191002E-01
3.1195001E+02 5.1077998E-01
3.1242999E+02 5.0951999E-01
3.1291000E+02 5.0739002E-01
3.1339001E+02 5.0490999E-01
3.1388000E+02 5.0278002E-01
3.1435999E+02 5.0060999E-01
3.1484000E+02 4.9812999E-01
3.1532001E+02 4.9552000E-01
3.1581000E+02 4.9304000E-01
3.1629001E+02 4.8969999E-01
3.1676999E+02 4.8583001E-01
3.1725000E+02 4.8313001E-01
3.1773001E+02 4.7973999E-01
3.1822000E+02 4.7547999E-01
3.1870001E+02 4.7200000E-01
3.1917999E+02 4.6865001E-01
3.1966000E+02 4.6491000E-01
3.2014001E+02 4.6129999E-01
3.2063000E+02 4.5835000E-01
3.2110999E+02 4.5478001E-01
3.2159000E+02 4.5034999E-01
3.2207001E+02 4.4622001E-01
3.2256000E+02 4.4261000E-01
3.2304001E+02 4.3948001E-01
3.2351999E+02 4.3612999E-01
3.2400000E+02 4.3302000E-01
3.2448001E+02 4.3030000E-01
3.2497000E+02 4.2732000E-01
3.2545001E+02 4.2486000E-01
3.2592999E+02 4.2241001E-01
3.2641000E+02 4.1966000E-01
3.2689001E+02 4.1681001E-01
3.2738000E+02 4.1380000E-01
3.2785999E+02 4.1165000E-01
3.2834000E+02 4.1016999E-01
3.2882001E+02 4.0798000E-01
3.2931000E+02 4.0533999E-01
3.2979001E+02 4.0298000E-01
3.3026999E+02 4.0020001E-01
3.3075000E+02 3.9706999E-01
3.3123001E+02 3.9416000E-01
3.3172000E+02 3.9131999E-01
3.3220001E+02 3.8833001E-01
3.3267999E+02 3.8536000E-01
3.3316000E+02 3.8249999E-01
3.3364001E+02 3.7854001E-01
3.3413000E+02 3.7388000E-01
3.3460999E+02 3.6961001E-01
3.3509000E+02 3.6511999E-01
3.3557001E+02 3.6028999E-01
3.3606000E+02 3.5549000E-01
3.3654001E+02 3.5084999E-01
3.3701999E+02 3.4608999E-01
3.3750000E+02 3.4088001E-01
3.3798001E+02 3.3546001E-01
3.3847000E+02 3.3017001E-01
3.3895001E+02 3.2462001E-01
3.3942999E+02 3.1880000E-01
3.3991000E+02 3.1382000E-01
3.4039001E+02 3.0914000E-01
3.4088000E+02 3.0346999E-01
3.4135999E+02 2.9789001E-01
3.4184000E+02 2.9321000E-01
3.4232001E+02 2.8871000E-01
3.4281000E+02 2.8422999E-01
3.4329001E+02 2.7991000E-01
3.4376999E+02 2.7551001E-01
3.4425000E+02 2.7107000E-01
3.4473001E+02 2.6710001E-01
3.4522000E+02 2.6361001E-01
3.4570001E+02 2.6007000E-01
3.4617999E+02 2.5658000E-01
3.4666000E+02 2.5347999E-01
3.4714001E+02 2.5064000E-01
3.4763000E+02 2.4781001E-01
3.4810999E+02 2.4519999E-01
3.4859000E+02 2.4298000E-01
3.4907001E+02 2.4089999E-01
3.4956000E+02 2.3920000E-01
3.5004001E+02 2.3834001E-01
3.5051999E+02 2.3801000E-01
3.5100000E+02 2.3770000E-01
3.5148001E+02 2.3734000E-01
3.5197000E+02 2.3737000E-01
3.5245001E+02 2.3829000E-01
3.5292999E+02 2.3983000E-01
3.5341000E+02 2.4156000E-01
3.5389001E+02 2.4367000E-01
3.5438000E+02 2.4609999E-01
3.5485999E+02 2.4885000E-01
3.5534000E+02 2.5171000E-01
3.5582001E+02 2.5440001E-01
3.5631000E+02 2.5712001E-01
3.5679001E+02 2.5990000E-01
3.5726999E+02 2.6337001E-01
3.5775000E+02 2.6697999E-01
3.5823001E+02 2.6969999E-01
3.5872000E+02 2.7223000E-01
3.5920001E+02 2.7502000E-01
3.5967999E+02 2.7778000E-01
3.6016000E+02 2.8009999E-01
3.6064001E+02 2.8204000E-01
3.6113000E+02 2.8391999E-01
3.6160999E+02 2.8567001E-01
3.6209000E+02 2.8749999E-01
3.6257001E+02 2.8933999E-01
3.6306000E+02 2.9082000E-01
3.6354001E+02 2.9188001E-01
3.6401999E+02 2.9207000E-01
3.6450000E+02 2.9209000E-01
3.6498001E+02 2.9352999E-01
3.6547000E+02 2.9471001E-01
3.6595001E+02 2.9486999E-01
3.6642999E+02 2.9613000E-01
3.6691000E+02 2.9692999E-01
3.6739001E+02 2.9572999E-01
3.6788000E+02 2.9490000E-01
3.6835999E+02 2.9574999E-01
3.6884000E+02 2.9679999E-01
3.6932001E+02 2.9686001E-01
3.6981000E+02 2.9671001E-01
3.7029001E+02 2.9657000E-01
3.7076999E+02 2.9629999E-01
3.7125000E+02 2.9626000E-01
3.7173001E+02 2.9543000E-01
3.7222000E+02 2.9451999E-01
3.7270001E+02 2.9458001E-01
3.7317999E+02 2.9413000E-01
3.7366000E+02 2.9367000E-01
3.7414001E+02 2.9317001E-01
3.7463000E+02 2.9130000E-01
3.7510999E+02 2.9020000E-01
3.7559000E+02 2.8948000E-01
3.7607001E+02 2.8775001E-01
3.7656000E+02 2.8659999E-01
3.7704001E+02 2.8457001E-01
3.7751999E+02 2.8205001E-01
3.7800000E+02 2.8049001E-01
3.7848001E+02 2.7798000E-01
3.7897000E+02 2.7583000E-01
3.7945001E+02 2.7428001E-01
3.7992999E+02 2.7182001E-01
3.8041000E+02 2.6993001E-01
3.8089001E+02 2.6789001E-01
3.8138000E+02 2.6512000E-01
3.8185999E+02 2.6221001E-01
3.8234000E+02 2.5896001E-01
3.8282001E+02 2.5630999E-01
3.8331000E+02 2.5325000E-01
3.8379001E+02 2.5012001E-01
3.8426999E+02 2.4743000E-01
3.8475000E+02 2.4409001E-01
3.8523001E+02 2.4097000E-01
3.8572000E+02 2.3748000E-01
3.8620001E+02 2.3409000E-01
3.8667999E+02 2.3116000E-01
3.8716000E+02 2.2733000E-01
3.8764999E+02 2.2348000E-01
3.8813000E+02 2.1997000E-01
3.8860999E+02 2.1623001E-01
3.8909000E+02 2.1199000E-01
3.8957001E+02 2.0784999E-01
3.9006000E+02 2.0427001E-01
3.9054001E+02 1.9999000E-01
3.9101999E+02 1.9530000E-01
3.9150000E+02 1.9110000E-01
3.9198001E+02 1.8695000E-01
3.9247000E+02 1.8272001E-01
3.9295001E+02 1.7854001E-01
3.9342999E+02 1.7456000E-01
3.9391000E+02 1.7042001E-01
3.9439999E+02 1.6627000E-01
3.9488000E+02 1.6249000E-01
3.9535999E+02 1.5872000E-01
3.9584000E+02 1.5492000E-01
3.9632001E+02 1.5114000E-01
3.9681000E+02 1.4762001E-01
3.9729001E+02 1.4413001E-01
3.9776999E+02 1.4071999E-01
3.9825000E+02 1.3776000E-01
3.9873001E+02 1.3476001E-01
3.9922000E+02 1.3154000E-01
3.9970001E+02 1.2838000E-01
4.0017999E+02 1.2558000E-01
4.0066000E+02 1.2297000E-01
4.0114999E+02 1.2030000E-01
4.0163000E+02 1.1781000E-01
4.0210999E+02 1.1544000E-01
4.0259000E+02 1.1298000E-01
4.0307001E+02 1.1057000E-01
4.0356000E+02 1.0839000E-01
4.0404001E+02 1.0637000E-01
4.0451999E+02 1.0442000E-01
4.0500000E+02 1.0251000E-01
4.0548001E+02 1.0070000E-01
4.0597000E+02 9.8886997E-02
4.0645001E+02 9.7070001E-02
4.0692999E+02 9.5191002E-02
4.0741000E+02 9.3300000E-02
4.0789999E+02 9.1683000E-02
4.0838000E+02 9.0342999E-02
4.0885999E+02 8.9125998E-02
4.0934000E+02 8.7738998E-02
4.0982001E+02 8.6313002E-02
4.1031000E+02 8.4977999E-02
4.1079001E+02 8.3622001E-02
4.1126999E+02 8.2429998E-02
4.1175000E+02 8.1196003E-02
4.1223001E+02 8.0073997E-02
4.1272000E+02 7.9099998E-02
4.1320001E+02 7.7904001E-02
4.1367999E+02 7.6821998E-02
4.1416000E+02 7.5974002E-02
4.1464999E+02 7.5083002E-02
4.1513000E+02 7.4212998E-02
4.1560999E+02 7.3330000E-02
4.1609000E+02 7.2287001E-02
4.1657001E+02 7.1351998E-02
4.1706000E+02 7.0570000E-02
4.1754001E+02 6.9808997E-02
4.1801999E+02 6.9122002E-02
4.1850000E+02 6.8365000E-02
4.1898001E+02 6.7565002E-02
4.1947000E+02 6.6813000E-02
4.1995001E+02 6.6069998E-02
4.2042999E+02 6.5383002E-02
4.2091000E+02 6.4686999E-02
4.2139999E+02 6.4043000E-02
4.2188000E+02 6.3478000E-02
4.2235999E+02 6.2895998E-02
4.2284000E+02 6.2343001E-02
4.2332001E+02 6.1726000E-02
4.2381000E+02 6.1174002E-02
4.2429001E+02 6.0835000E-02
4.2476999E+02 6.0373999E-02
4.2525000E+02 5.9670001E-02
4.2573001E+02 5.9177998E-02
4.2622000E+02 5.9060998E-02
4.2670001E+02 5.8908999E-02
4.2717999E+02 5.8639001E-02
4.2766000E+02 5.8552001E-02
4.2814999E+02 5.8490999E-02
4.2863000E+02 5.8161002E-02
4.2910999E+02 5.7865001E-02
4.2959000E+02 5.8052000E-02
4.3007001E+02 5.8409002E-02
4.3056000E+02 5.8538999E-02
4.3104001E+02 5.8635000E-02
4.3151999E+02 5.8896001E-02
4.3200000E+02 5.9370000E-02
4.3248001E+02 5.9796002E-02
4.3297000E+02 5.9996001E-02
4.3345001E+02 6.0364999E-02
4.3392999E+02 6.1048001E-02
4.3441000E+02 6.1643001E-02
4.3489999E+02 6.2199999E-02
4.3538000E+02 6.3069999E-02
4.3585999E+02 6.3978001E-02
4.3634000E+02 6.4586997E-02
4.3682001E+02 6.5256998E-02
4.3731000E+02 6.6399999E-02
4.3779001E+02 6.7708999E-02
4.3826999E+02 6.8796001E-02
4.3875000E+02 7.0051998E-02
4.3923001E+02 7.1652003E-02
4.3972000E+02 7.3183000E-02
4.4020001E+02 7.4739002E-02
4.4067999E+02 7.6408997E-02
4.4116000E+02 7.8112997E-02
4.4164999E+02 8.0017000E-02
4.4213000E+02 8.1978001E-02
4.4260999E+02 8.4135003E-02
4.4309000E+02 8.6561002E-02
4.4357001E+02 8.8835001E-02
4.4406000E+02 9.1017000E-02
4.4454001E+02 9.3199998E-02
4.4501999E+02 9.5370002E-02
4.4550000E+02 9.7496003E-02
4.4598001E+02 9.9435002E-02
4.4647000E+02 1.0147000E-01
4.4695001E+02 1.0359000E-01
4.4742999E+02 1.0534000E-01
4.4791000E+02 1.0667000E-01
4.4839999E+02 1.0806000E-01
4.4888000E+02 1.0983000E-01
4.4935999E+02 1.1132000E-01
4.4984000E+02 1.1244000E-01
4.5032001E+02 1.1368000E-01
4.5081000E+02 1.1501000E-01
4.5129001E+02 1.1647000E-01
4.5176999E+02 1.1826000E-01
4.5225000E+02 1.2028000E-01
4.5273001E+02 1.2223000E-01
4.5322000E+02 1.2442000E-01
4.5370001E+02 1.2716000E-01
4.5417999E+02 1.3004000E-01
4.5466000E+02 1.3311000E-01
4.5514999E+02 1.3668001E-01
4.5563000E+02 1.4058000E-01
4.5610999E+02 1.4465000E-01
4.5659000E+02 1.4906000E-01
4.5707001E+02 1.5380999E-01
4.5756000E+02 1.5891001E-01
4.5804001E+02 1.6463000E-01
4.5851999E+02 1.7053001E-01
4.5900000E+02 1.7669000E-01
4.5948001E+02 1.8359999E-01
4.5997000E+02 1.9080000E-01
4.6045001E+02 1.9852000E-01
4.6092999E+02 2.0693000E-01
4.6141000E+02 2.1523000E-01
4.6189999E+02 2.2371000E-01
4.6238000E+02 2.3299000E-01
4.6285999E+02 2.4214999E-01
4.6334000E+02 2.5147000E-01
4.6382001E+02 2.6153001E-01
4.6431000E+02 2.7133000E-01
4.6479001E+02 2.8099000E-01
4.6526999E+02 2.9082000E-01
4.6575000E+02 3.0116999E-01
4.6623001E+02 3.1167001E-01
4.6672000E+02 3.2056001E-01
4.6720001E+02 3.2914999E-01
4.6767999E+02 3.3890000E-01
4.6816000E+02 3.4729001E-01
4.6864999E+02 3.5433000E-01
4.6913000E+02 3.6175999E-01
4.6960999E+02 3.6792001E-01
4.7009000E+02 3.7382001E-01
4.7057001E+02 3.8060001E-01
4.7106000E+02 3.8565999E-01
4.7154001E+02 3.8916999E-01
4.7201999E+02 3.9276001E-01
4.7250000E+02 3.9706999E-01
4.7298001E+02 4.0130001E-01
4.7347000E+02 4.0355000E-01
4.7395001E+02 4.0527001E-01
4.7442999E+02 4.0707999E-01
4.7491000E+02 4.0768999E-01
4.7539999E+02 4.0801001E-01
4.7588000E+02 4.0854001E-01
4.7635999E+02 4.0930000E-01
4.7684000E+02 4.0965000E-01
4.7732001E+02 4.0933001E-01
4.7781000E+02 4.0939000E-01
4.7829001E+02 4.0856999E-01
4.7876999E+02 4.0706000E-01
4.7925000E+02 4.0637001E-01
4.7973001E+02 4.0538001E-01
4.8022000E+02 4.0391001E-01
4.8070001E+02 4.0283000E-01
4.8117999E+02 4.0241000E-01
4.8166000E+02 4.0189001E-01
4.8214999E+02 4.0029001E-01
4.8263000E+02 3.9850000E-01
4.8310999E+02 3.9704001E-01
4.8359000E+02 3.9669001E-01
4.8407001E+02 3.9653999E-01
4.8456000E+02 3.9458001E-01
4.8504001E+02 3.9287999E-01
4.8551999E+02 3.9168999E-01
4.8600000E+02 3.9001000E-01
4.8648001E+02 3.8991001E-01
4.8697000E+02 3.9069000E-01
4.8745001E+02 3.9006999E-01
4.8792999E+02 3.8850001E-01
4.8841000E+02 3.8727000E-01
4.8889999E+02 3.8631999E-01
4.8938000E+02 3.8602999E-01
4.8985999E+02 3.8821000E-01
4.9034000E+02 3.9034000E-01
4.9082001E+02 3.8942999E-01
4.9131000E+02 3.8809001E-01
4.9179001E+02 3.8839000E-01
4.9226999E+02 3.8978001E-01
4.9275000E+02 3.9136001E-01
4.9323001E+02 3.9278999E-01
4.9372000E+02 3.9368001E-01
4.9420001E+02 3.9568999E-01
4.9467999E+02 3.9936000E-01
4.9516000E+02 4.0099001E-01
4.9564999E+02 4.0127999E-01
4.9613000E+02 4.0277001E-01
4.9660999E+02 4.0458000E-01
4.9709000E+02 4.0656999E-01
4.9757001E+02 4.0909001E-01
4.9806000E+02 4.1205999E-01
4.9854001E+02 4.1521999E-01
4.9901999E+02 4.1808999E-01
4.9950000E+02 4.2096001E-01
4.9998001E+02 4.2460999E-01
5.0047000E+02 4.2691001E-01
5.0095001E+02 4.2813000E-01
5.0142999E+02 4.3130001E-01
5.0191000E+02 4.3347001E-01
5.0239999E+02 4.3539000E-01
5.0288000E+02 4.3878001E-01
5.0335999E+02 4.4047999E-01
5.0384000E+02 4.4299999E-01
5.0432001E+02 4.4560999E-01
5.0481000E+02 4.4804001E-01
5.0529001E+02 4.5142999E-01
5.0576999E+02 4.5142999E-01
5.0625000E+02 4.5152000E-01
5.0673001E+02 4.5473999E-01
5.0722000E+02 4.5609000E-01
5.0770001E+02 4.5412999E-01
5.0817999E+02 4.5304000E-01
5.0866000E+02 4.5473999E-01
5.0914999E+02 4.5526001E-01
5.0963000E+02 4.5416999E-01
5.1010999E+02 4.5322001E-01
5.1059000E+02 4.5291001E-01
5.1107001E+02 4.5378000E-01
5.1156000E+02 4.5230001E-01
5.1203998E+02 4.4970000E-01
5.1252002E+02 4.4970000E-01
5.1300000E+02 4.4791001E-01
5.1348999E+02 4.4582999E-01
5.1396997E+02 4.4543001E-01
5.1445001E+02 4.4270000E-01
5.1492999E+02 4.3922001E-01
5.1540997E+02 4.3608999E-01
5.1590002E+02 4.3342999E-01
5.1638000E+02 4.3143001E-01
5.1685999E+02 4.2840999E-01
5.1734003E+02 4.2394000E-01
5.1782001E+02 4.1896001E-01
5.1831000E+02 4.1475001E-01
5.1878998E+02 4.1147000E-01
5.1927002E+02 4.0737000E-01
5.1975000E+02 4.0191999E-01
5.2023999E+02 3.9710000E-01
5.2071997E+02 3.9291000E-01
5.2120001E+02 3.8845000E-01
5.2167999E+02 3.8315001E-01
5.2215997E+02 3.7748000E-01
5.2265002E+02 3.7259999E-01
5.2313000E+02 3.6748999E-01
5.2360999E+02 3.6250001E-01
5.2409003E+02 3.5773000E-01
5.2457001E+02 3.5205999E-01
5.2506000E+02 3.4689999E-01
5.2553998E+02 3.4272999E-01
5.2602002E+02 3.3739001E-01
5.2650000E+02 3.3094001E-01
5.2698999E+02 3.2573000E-01
5.2746997E+02 3.2144001E-01
5.2795001E+02 3.1636000E-01
5.2842999E+02 3.1119999E-01
5.2890997E+02 3.0678999E-01
5.2940002E+02 3.0195999E-01
5.2988000E+02 2.9694000E-01
5.3035999E+02 2.9240000E-01
5.3084003E+02 2.8790000E-01
5.3132001E+02 2.8406000E-01
5.3181000E+02 2.8061000E-01
5.3228998E+02 2.7630001E-01
5.3277002E+02 2.7177000E-01
5.3325000E+02 2.6835001E-01
5.3373999E+02 2.6563001E-01
5.3421997E+02 2.6288000E-01
5.3470001E+02 2.6012999E-01
5.3517999E+02 2.5768000E-01
5.3565997E+02 2.5582999E-01
5.3615002E+02 2.5374001E-01
5.3663000E+02 2.5161999E-01
5.3710999E+02 2.4988000E-01
5.3759003E+02 2.4841000E-01
5.3807001E+02 2.4788000E-01
5.3856000E+02 2.4721000E-01
5.3903998E+02 2.4593000E-01
5.3952002E+02 2.4544001E-01
5.4000000E+02 2.4540000E-01
5.4048999E+02 2.4537000E-01
5.4096997E+02 2.4552999E-01
5.4145001E+02 2.4590001E-01
5.4192999E+02 2.4700999E-01
5.4240997E+02 2.4800000E-01
5.4290002E+02 2.4866000E-01
5.4338000E+02 2.5018999E-01
5.4385999E+02 2.5160000E-01
5.4434003E+02 2.5272000E-01
5.4482001E+02 2.5465000E-01
5.4531000E+02 2.5667000E-01
5.4578998E+02 2.5861001E-01
5.4627002E+02 2.6093000E-01
5.4675000E+02 2.6293001E-01
5.4723999E+02 2.6482999E-01
5.4771997E+02 2.6725999E-01
5.4820001E+02 2.6953000E-01
5.4867999E+02 2.7171001E-01
5.4915997E+02 2.7405000E-01
5.4965002E+02 2.7663001E-01
5.5013000E+02 2.7978000E-01
5.5060999E+02 2.8215000E-01
5.5109003E+02 2.8347000E-01
5.5157001E+02 2.8547999E-01
5.5206000E+02 2.8764001E-01
5.5253998E+02 2.8929999E-01
5.5302002E+02 2.9111999E-01
5.5350000E+02 2.9256001E-01
5.5398999E+02 2.9433000E-01
5.5446997E+02 2.9646000E-01
5.5495001E+02 2.9771000E-01
5.5542999E+02 2.9916000E-01
5.5590997E+02 3.0088001E-01
5.5640002E+02 3.0265999E-01
5.5688000E+02 3.0447999E-01
5.5735999E+02 3.0526000E-01
5.5784003E+02 3.0537999E-01
5.5832001E+02 3.0614001E-01
5.5881000E+02 3.0759999E-01
5.5928998E+02 3.0877000E-01
5.5977002E+02 3.0982000E-01
5.6025000E+02 3.1090999E-01
5.6073999E+02 3.1167999E-01
5.6121997E+02 3.1268001E-01
5.6170001E+02 3.1325001E-01
5.6217999E+02 3.1344000E-01
5.6265997E+02 3.1408000E-01
5.6315002E+02 3.1445000E-01
5.6363000E+02 3.1481001E-01
5.6410999E+02 3.1546000E-01
5.6459003E+02 3.1579000E-01
5.6507001E+02 3.1626999E-01
5.6556000E+02 3.1718999E-01
5.6603998E+02 3.1736001E-01
5.6652002E+02 3.1700000E-01
5.6700000E+02 3.1690001E-01
5.6748999E+02 3.1659999E-01
5.6796997E+02 3.1669000E-01
5.6845001E+02 3.1693000E-01
5.6892999E+02 3.1679001E-01
5.6940997E+02 3.1637001E-01
5.6990002E+02 3.1498000E-01
5.7038000E+02 3.1340000E-01
5.7085999E+02 3.1235000E-01
5.7134003E+02 3.1112999E-01
5.7182001E+02 3.0881000E-01
5.7231000E+02 3.0710000E-01
5.7278998E+02 3.0689999E-01
5.7327002E+02 3.0537000E-01
5.7375000E+02 3.0298001E-01
5.7423999E+02 3.0100000E-01
5.7471997E+02 2.9831001E-01
5.7520001E+02 2.9593000E-01
5.7567999E+02 2.9447001E-01
5.7615997E+02 2.9286999E-01
5.7665002E+02 2.9036999E-01
5.7713000E+02 2.8692999E-01
5.7760999E+02 2.8439000E-01
5.7809003E+02 2.8261000E-01
5.7857001E+02 2.7937001E-01
5.7906000E+02 2.7618000E-01
5.7953998E+02 2.7432999E-01
5.8002002E+02 2.7239999E-01
5.8050000E+02 2.6956999E-01
5.8098999E+02 2.6559001E-01
5.8146997E+02 2.6227999E-01
5.8195001E+02 2.5909001E-01
5.8242999E+02 2.5503999E-01
5.8290997E+02 2.5080001E-01
5.8339001E+02 2.4619000E-01
5.8387000E+02 2.4189000E-01
5.8435999E+02 2.3745000E-01
5.8484003E+02 2.3300999E-01
5.8532001E+02 2.2968000E-01
5.8579999E+02 2.2470000E-01
5.8628003E+02 2.1929000E-01
5.8677002E+02 2.1549000E-01
5.8725000E+02 2.1002001E-01
5.8772998E+02 2.0478000E-01
5.8821002E+02 2.0118999E-01
5.8870001E+02 1.9604000E-01
5.8917999E+02 1.9114000E-01
5.8965997E+02 1.8679000E-01
5.9014001E+02 1.8115000E-01
5.9062000E+02 1.7659000E-01
5.9110999E+02 1.7236000E-01
5.9159003E+02 1.6717000E-01
5.9207001E+02 1.6276000E-01
5.9254999E+02 1.5823001E-01
5.9303003E+02 1.5317000E-01
5.9352002E+02 1.4848000E-01
5.9400000E+02 1.4399000E-01
5.9447998E+02 1.3950001E-01
5.9496002E+02 1.3490000E-01
5.9545001E+02 1.3093001E-01
5.9592999E+02 1.2699001E-01
5.9640997E+02 1.2269000E-01
5.9689001E+02 1.1955000E-01
5.9737000E+02 1.1602000E-01
5.9785999E+02 1.1180000E-01
5.9834003E+02 1.0916000E-01
5.9882001E+02 1.0559000E-01
5.9929999E+02 1.0149000E-01
5.9978003E+02 9.9469997E-02
6.0027002E+02 9.6419998E-02
6.0075000E+02 9.3160003E-02
6.0122998E+02 9.1380000E-02
6.0171002E+02 8.8090003E-02
6.0220001E+02 8.4980004E-02
6.0267999E+02 8.3190002E-02
6.0315997E+02 8.0449998E-02
6.0364001E+02 7.8100003E-02
6.0412000E+02 7.6269999E-02
6.0460999E+02 7.3810004E-02
6.0509003E+02 7.1630001E-02
6.0557001E+02 6.9650002E-02
6.0604999E+02 6.7720003E-02
6.0653003E+02 6.5800004E-02
6.0702002E+02 6.4089999E-02
6.0750000E+02 6.2619999E-02
6.0797998E+02 6.0649998E-02
6.0846002E+02 5.9459999E-02
6.0895001E+02 5.8440000E-02
6.0942999E+02 5.6010000E-02
6.0990997E+02 5.4749999E-02
6.1039001E+02 5.3860001E-02
6.1087000E+02 5.1649999E-02
6.1135999E+02 5.0949998E-02
6.1184003E+02 5.0179999E-02
6.1232001E+02 4.8200000E-02
6.1279999E+02 4.7720000E-02
6.1328998E+02 4.6580002E-02
6.1377002E+02 4.4399999E-02
6.1425000E+02 4.3740001E-02
6.1472998E+02 4.2909998E-02
6.1521002E+02 4.1499998E-02
6.1570001E+02 4.0770002E-02
6.1617999E+02 4.0040001E-02
6.1665997E+02 3.9046999E-02
6.1714001E+02 3.7912000E-02
6.1762000E+02 3.6690000E-02
6.1810999E+02 3.5252001E-02
6.1859003E+02 3.4232002E-02
6.1907001E+02 3.3941001E-02
6.1954999E+02 3.2779999E-02
6.2003998E+02 3.1652998E-02
6.2052002E+02 3.1601999E-02
6.2100000E+02 3.0509001E-02
6.2147998E+02 2.9239999E-02
6.2196002E+02 2.8472001E-02
6.2245001E+02 2.6982000E-02
6.2292999E+02 2.6976001E-02
6.2340997E+02 2.7581001E-02
6.2389001E+02 2.6343999E-02
6.2437000E+02 2.5627000E-02
6.2485999E+02 2.5279000E-02
6.2534003E+02 2.3987001E-02
6.2582001E+02 2.3426000E-02
6.2629999E+02 2.3164000E-02
6.2678998E+02 2.2678001E-02
6.2727002E+02 2.2763999E-02
6.2775000E+02 2.2177000E-02
6.2822998E+02 2.0664999E-02
6.2871002E+02 1.9828999E-02
6.2920001E+02 1.9701000E-02
6.2967999E+02 1.9230001E-02
6.3015997E+02 1.8456001E-02
6.3064001E+02 1.8375000E-02
6.3112000E+02 1.8265000E-02
6.3160999E+02 1.7341999E-02
6.3209003E+02 1.6837001E-02
6.3257001E+02 1.6142000E-02
6.3304999E+02 1.5531000E-02
6.3353998E+02 1.6105000E-02
6.3402002E+02 1.5517000E-02
6.3450000E+02 1.4562000E-02
6.3497998E+02 1.4904000E-02
6.3546002E+02 1.4418000E-02
6.3595001E+02 1.3942000E-02
6.3642999E+02 1.3991000E-02
6.3690997E+02 1.3085000E-02
6.3739001E+02 1.2926000E-02
6.3787000E+02 1.3269000E-02
6.3835999E+02 1.2396000E-02
6.3884003E+02 1.2026000E-02
6.3932001E+02 1.2387000E-02
6.3979999E+02 1.2068000E-02
6.4028998E+02 1.1523000E-02
6.4077002E+02 1.1316000E-02
6.4125000E+02 1.1302000E-02
6.4172998E+02 1.1143000E-02
6.4221002E+02 1.1047000E-02
6.4270001E+02 1.0763000E-02
6.4317999E+02 1.0161000E-02
6.4365997E+02 1.0514000E-02
6.4414001E+02 1.0605000E-02
6.4462000E+02 9.6290000E-03
6.4510999E+02 9.8559996E-03
6.4559003E+02 1.0160000E-02
6.4607001E+02 9.5859999E-03
6.4654999E+02 9.7719999E-03
6.4703998E+02 9.3900003E-03
6.4752002E+02 8.8689998E-03
6.4800000E+02 9.6049998E-03
6.4847998E+02 9.3189999E-03
6.4896002E+02 8.7310001E-03
6.4945001E+02 9.3040001E-03
6.4992999E+02 9.1009997E-03
6.5040997E+02 8.5610002E-03
6.5089001E+02 8.5800001E-03
6.5137000E+02 8.3419997E-03
6.5185999E+02 8.4520001E-03
6.5234003E+02 9.0290001E-03
6.5282001E+02 9.1770003E-03
6.5329999E+02 8.8790003E-03
6.5378998E+02 8.8600004E-03
6.5427002E+02 9.0469997E-03
6.5475000E+02 8.7649999E-03
6.5522998E+02 9.2019998E-03
6.5571002E+02 1.0096000E-02
6.5620001E+02 9.7840000E-03
6.5667999E+02 9.5410002E-03
6.5715997E+02 9.2650000E-03
6.5764001E+02 8.5119996E-03
6.5812000E+02 9.4250003E-03
6.5860999E+02 1.0424000E-02
6.5909003E+02 9.9109998E-03
6.5957001E+02 1.0176000E-02
6.6004999E+02 1.0411000E-02
6.6053998E+02 9.5149996E-03
6.6102002E+02 9.3830004E-03
6.6150000E+02 9.6910000E-03
6.6197998E+02 1.0049000E-02
6.6246002E+02 1.1082000E-02
6.6295001E+02 1.1273000E-02
6.6342999E+02 1.0507000E-02
6.6390997E+02 1.0419000E-02
6.6439001E+02 1.0657000E-02
6.6487000E+02 1.0362000E-02
6.6535999E+02 1.0386000E-02
6.6584003E+02 1.1291000E-02
6.6632001E+02 1.1790000E-02
6.6679999E+02 1.1923000E-02
6.6728998E+02 1.2425000E-02
6.6777002E+02 1.2061000E-02
6.6825000E+02 1.1638000E-02
6.6872998E+02 1.2208000E-02
6.6921002E+02 1.2020000E-02
6.6970001E+02 1.2072000E-02
6.7017999E+02 1.3242000E-02
6.7065997E+02 1.3259000E-02
6.7114001E+02 1.2829000E-02
6.7162000E+02 1.2898000E-02
6.7210999E+02 1.2354000E-02
6.7259003E+02 1.2499000E-02
6.7307001E+02 1.3428000E-02
6.7354999E+02 1.3342000E-02
6.7403998E+02 1.3324000E-02
6.7452002E+02 1.3959000E-02
6.7500000E+02 1.3752000E-02
6.7547998E+02 1.3125000E-02
6.7596002E+02 1.3289000E-02
6.7645001E+02 1.3556000E-02
6.7692999E+02 1.3644000E-02
6.7740997E+02 1.4216000E-02
6.7789001E+02 1.4399000E-02
6.7837000E+02 1.4297000E-02
6.7885999E+02 1.5248000E-02
6.7934003E+02 1.5623000E-02
6.7982001E+02 1.4841000E-02
6.8029999E+02 1.5193000E-02
6.8078998E+02 1.5717000E-02
6.8127002E+02 1.5557000E-02
6.8175000E+02 1.6422000E-02
6.8222998E+02 1.7000999E-02
6.8271002E+02 1.6826000E-02
6.8320001E+02 1.7441001E-02
6.8367999E+02 1.7362000E-02
6.8415997E+02 1.6725000E-02
6.8464001E+02 1.7418999E-02
6.8512000E+02 1.8263999E-02
6.8560999E+02 1.8579001E-02
6.8609003E+02 1.9127000E-02
6.8657001E+02 1.9476000E-02
6.8704999E+02 1.9361001E-02
6.8753998E+02 1.9436000E-02
6.8802002E+02 1.9568000E-02
6.8850000E+02 1.9481000E-02
6.8897998E+02 2.0305000E-02
6.8946002E+02 2.1508001E-02
6.8995001E+02 2.1499000E-02
6.9042999E+02 2.1712000E-02
6.9090997E+02 2.2352001E-02
6.9139001E+02 2.1872001E-02
6.9187000E+02 2.1879001E-02
6.9235999E+02 2.2660000E-02
6.9284003E+02 2.2797000E-02
6.9332001E+02 2.3701999E-02
6.9379999E+02 2.4790000E-02
6.9428998E+02 2.4364000E-02
6.9477002E+02 2.4370000E-02
6.9525000E+02 2.4862001E-02
6.9572998E+02 2.4389001E-02
6.9621002E+02 2.4581000E-02
6.9670001E+02 2.5589000E-02
6.9717999E+02 2.5943000E-02
6.9765997E+02 2.6317000E-02
6.9814001E+02 2.6854999E-02
6.9862000E+02 2.6567999E-02
6.9910999E+02 2.6277000E-02
6.9959003E+02 2.6841000E-02
7.0007001E+02 2.7075000E-02
7.0054999E+02 2.7210001E-02
7.0103998E+02 2.8306000E-02
7.0152002E+02 2.8802000E-02
7.0200000E+02 2.8578000E-02
7.0247998E+02 2.9011000E-02
7.0296002E+02 2.8858000E-02
7.0345001E+02 2.8527999E-02
7.0392999E+02 2.9417001E-02
7.0440997E+02 2.9792000E-02
7.0489001E+02 3.0036001E-02
7.0537000E+02 3.1213000E-02
7.0585999E+02 3.1328999E-02
7.0634003E+02 3.0903000E-02
7.0682001E+02 3.1266000E-02
7.0729999E+02 3.1199001E-02
7.0778998E+02 3.1307001E-02
7.0827002E+02 3.2271001E-02
7.0875000E+02 3.2680999E-02
7.0922998E+02 3.2949999E-02
7.0971002E+02 3.3716999E-02
7.1020001E+02 3.3808000E-02
7.1067999E+02 3.3355001E-02
7.1115997E+02 3.3599000E-02
7.1164001E+02 3.4060001E-02
7.1212000E+02 3.4215000E-02
7.1260999E+02 3.5018999E-02
7.1309003E+02 3.5737000E-02
7.1357001E+02 3.5709001E-02
7.1404999E+02 3.6107000E-02
7.1453998E+02 3.6076002E-02
7.1502002E+02 3.5567999E-02
7.1550000E+02 3.6348000E-02
7.1597998E+02 3.7099998E-02
7.1646002E+02 3.7183002E-02
7.1695001E+02 3.8127001E-02
7.1742999E+02 3.8633000E-02
7.1790997E+02 3.8254999E-02
7.1839001E+02 3.8570002E-02
7.1887000E+02 3.8704000E-02
7.1935999E+02 3.8717002E-02
7.1984003E+02 3.9645001E-02
7.2032001E+02 4.0380001E-02
7.2079999E+02 4.0660001E-02
7.2128998E+02 4.0970001E-02
7.2177002E+02 4.1019998E-02
7.2225000E+02 4.0989999E-02
7.2272998E+02 4.1299999E-02
7.2321002E+02 4.1630000E-02
7.2370001E+02 4.1760001E-02
7.2417999E+02 4.2360000E-02
7.2465997E+02 4.3159999E-02
7.2514001E+02 4.3090001E-02
7.2562000E+02 4.3090001E-02
7.2610999E+02 4.3439999E-02
7.2659003E+02 4.3060001E-02
7.2707001E+02 4.3280002E-02
7.2754999E+02 4.4170000E-02
7.2803998E+02 4.4390000E-02
7.2852002E+02 4.4950001E-02
7.2900000E+02 4.5510001E-02
7.2947998E+02 4.5189999E-02
7.2996002E+02 4.5410000E-02
7.3045001E+02 4.5779999E-02
7.3092999E+02 4.5520000E-02
7.3140997E+02 4.5970000E-02
7.3189001E+02 4.6879999E-02
7.3238000E+02 4.7219999E-02
7.3285999E+02 4.7589999E-02
7.3334003E+02 4.7910001E-02
7.3382001E+02 4.7699999E-02
7.3429999E+02 4.7690000E-02
7.3478998E+02 4.8080001E-02
7.3527002E+02 4.8129998E-02
7.3575000E+02 4.8360001E-02
7.3622998E+02 4.9199998E-02
7.3671002E+02 4.9449999E-02
7.3720001E+02 4.9339999E-02
7.3767999E+02 4.9750000E-02
7.3815997E+02 4.9699999E-02
7.3864001E+02 4.9630001E-02
7.3913000E+02 5.0370000E-02
7.3960999E+02 5.0650001E-02
7.4009003E+02 5.1040001E-02
7.4057001E+02 5.2069999E-02
7.4104999E+02 5.2010000E-02
7.4153998E+02 5.1679999E-02
7.4202002E+02 5.2180000E-02
7.4250000E+02 5.2269999E-02
7.4297998E+02 5.2269999E-02
7.4346002E+02 5.3020000E-02
7.4395001E+02 5.3459998E-02
7.4442999E+02 5.3640001E-02
7.4490997E+02 5.4129999E-02
7.4539001E+02 5.4049999E-02
7.4588000E+02 5.3760000E-02
7.4635999E+02 5.4380000E-02
7.4684003E+02 5.4790001E-02
7.4732001E+02 5.4609999E-02
7.4779999E+02 5.5289999E-02
7.4828998E+02 5.5920001E-02
7.4877002E+02 5.5700000E-02
7.4925000E+02 5.6079999E-02
7.4972998E+02 5.6230001E-02
7.5021002E+02 5.5819999E-02
7.5070001E+02 5.6580000E-02
7.5117999E+02 5.7080001E-02
7.5165997E+02 5.6790002E-02
7.5214001E+02 5.7620000E-02
7.5263000E+02 5.8270000E-02
7.5310999E+02 5.7980001E-02
7.5359003E+02 5.8279999E-02
7.5407001E+02 5.8449998E-02
7.5454999E+02 5.8270000E-02
7.5503998E+02 5.9009999E-02
7.5552002E+02 5.9599999E-02
7.5600000E+02 5.9480000E-02
7.5647998E+02 6.0059998E-02
7.5696002E+02 6.0839999E-02
7.5745001E+02 6.0610000E-02
7.5792999E+02 6.0679998E-02
7.5840997E+02 6.1450001E-02
7.5889001E+02 6.1650001E-02
7.5938000E+02 6.2139999E-02
7.5985999E+02 6.2980004E-02
7.6034003E+02 6.2799998E-02
7.6082001E+02 6.3069999E-02
7.6129999E+02 6.4010002E-02
7.6178998E+02 6.3759997E-02
7.6227002E+02 6.3900001E-02
7.6275000E+02 6.5080002E-02
7.6322998E+02 6.5250002E-02
7.6371002E+02 6.5449998E-02
7.6420001E+02 6.6339999E-02
7.6467999E+02 6.6390000E-02
7.6515997E+02 6.6660002E-02
7.6564001E+02 6.7469999E-02
7.6613000E+02 6.7189999E-02
7.6660999E+02 6.7280002E-02
7.6709003E+02 6.8640001E-02
7.6757001E+02 6.9030002E-02
7.6804999E+02 6.8930000E-02
7.6853998E+02 6.9880001E-02
7.6902002E+02 7.0450000E-02
7.6950000E+02 7.0529997E-02
7.6997998E+02 7.1139999E-02
7.7046002E+02 7.1410000E-02
7.7095001E+02 7.1829997E-02
7.7142999E+02 7.3140003E-02
7.7190997E+02 7.3550001E-02
7.7239001E+02 7.3540002E-02
7.7288000E+02 7.4749999E-02
7.7335999E+02 7.5340003E-02
7.7384003E+02 7.5110003E-02
7.7432001E+02 7.5970002E-02
7.7479999E+02 7.6660000E-02
7.7528998E+02 7.6970004E-02
7.7577002E+02 7.8149997E-02
7.7625000E+02 7.8699999E-02
7.7672998E+02 7.8759998E-02
7.7721002E+02 7.9930000E-02
7.7770001E+02 8.0640003E-02
7.7817999E+02 8.0509998E-02
7.7865997E+02 8.1419997E-02
7.7914001E+02 8.2570001E-02
7.7963000E+02 8.3049998E-02
7.8010999E+02 8.4050000E-02
7.8059003E+02 8.5000001E-02
7.8107001E+02 8.5280001E-02
7.8154999E+02 8.6269997E-02
7.8203998E+02 8.7200001E-02
7.8252002E+02 8.7109998E-02
7.8300000E+02 8.8019997E-02
7.8347998E+02 8.9589998E-02
7.8396002E+02 9.0149999E-02
7.8445001E+02 9.1150001E-02
7.8492999E+02 9.2430003E-02
7.8540997E+02 9.2739999E-02
7.8589001E+02 9.3599997E-02
7.8638000E+02 9.4870001E-02
7.8685999E+02 9.5270000E-02
7.8734003E+02 9.6400000E-02
7.8782001E+02 9.8140001E-02
7.8829999E+02 9.8710001E-02
7.8878998E+02 9.9420004E-02
7.8927002E+02 1.0091000E-01
7.8975000E+02 1.0170000E-01
7.9022998E+02 1.0252000E-01
7.9071002E+02 1.0402000E-01
7.9120001E+02 1.0508000E-01
7.9167999E+02 1.0629000E-01
7.9215997E+02 1.0797000E-01
7.9264001E+02 1.0874000E-01
7.9313000E+02 1.0937000E-01
7.9360999E+02 1.1104000E-01
7.9409003E+02 1.1228000E-01
7.9457001E+02 1.1314000E-01
7.9504999E+02 1.1486000E-01
7.9553998E+02 1.1634000E-01
7.9602002E+02 1.1751000E-01
7.9650000E+02 1.1921000E-01
7.9697998E+02 1.2018000E-01
7.9746002E+02 1.2096000E-01
7.9795001E+02 1.2290000E-01
7.9842999E+02 1.2430000E-01
7.9890997E+02 1.2510000E-01
7.9939001E+02 1.2706999E-01
7.9988000E+02 1.2894000E-01
8.0035999E+02 1.2991001E-01
8.0084003E+02 1.3135999E-01
8.0132001E+02 1.3279000E-01
8.0179999E+02 1.3398001E-01
8.0228998E+02 1.3617000E-01
8.0277002E+02 1.3806000E-01
8.0325000E+02 1.3919000E-01
8.0372998E+02 1.4145000E-01
8.0421002E+02 1.4375000E-01
8.0470001E+02 1.4490999E-01
8.0517999E+02 1.4659999E-01
8.0565997E+02 1.4890000E-01
8.0614001E+02 1.5073000E-01
8.0663000E+02 1.5301999E-01
8.0710999E+02 1.5557000E-01
8.0759003E+02 1.5736000E-01
8.0807001E+02 1.5987000E-01
8.0854999E+02 1.6267000E-01
8.0903998E+02 1.6436000E-01
8.0952002E+02 1.6682000E-01
8.1000000E+02 1.7011000E-01
8.1047998E+02 1.7262000E-01
8.1096002E+02 1.7546000E-01
8.1145001E+02 1.7887001E-01
8.1192999E+02 1.8170001E-01
8.1240997E+02 1.8493000E-01
8.1289001E+02 1.8859001E-01
8.1338000E+02 1.9145000E-01
8.1385999E+02 1.9499999E-01
8.1434003E+02 1.9963001E-01
8.1482001E+02 2.0332000E-01
8.1529999E+02 2.0705000E-01
8.1578998E+02 2.1184000E-01
8.1627002E+02 2.1612000E-01
8.1675000E+02 2.2047000E-01
8.1722998E+02 2.2572000E-01
8.1771002E+02 2.3052999E-01
8.1820001E+02 2.3574001E-01
8.1867999E+02 2.4236999E-01
8.1915997E+02 2.4857000E-01
8.1964001E+02 2.5472000E-01
8.2013000E+02 2.6223001E-01
8.2060999E+02 2.6962000E-01
8.2109003E+02 2.7704000E-01
8.2157001E+02 2.8595001E-01
8.2204999E+02 2.9506001E-01
8.2253998E+02 3.0449000E-01
8.2302002E+02 3.1536999E-01
8.2350000E+02 3.2618999E-01
8.2397998E+02 3.3726999E-01
8.2446002E+02 3.5016000E-01
8.2495001E+02 3.6340001E-01
8.2542999E+02 3.7632000E-01
8.2590997E+02 3.9008000E-01
8.2639001E+02 4.0391999E-01
8.2688000E+02 4.1690999E-01
8.2735999E+02 4.2932001E-01
8.2784003E+02 4.4018999E-01
8.2832001E+02 4.4914001E-01
8.2879999E+02 4.5686999E-01
8.2928998E+02 4.6195999E-01
8.2977002E+02 4.6281999E-01
8.3025000E+02 4.6077001E-01
8.3072998E+02 4.5565999E-01
8.3121002E+02 4.4578999E-01
8.3170001E+02 4.3303999E-01
8.3217999E+02 4.1844001E-01
8.3265997E+02 4.0145001E-01
8.3314001E+02 3.8411000E-01
8.3363000E+02 3.6736000E-01
8.3410999E+02 3.5112000E-01
8.3459003E+02 3.3724999E-01
8.3507001E+02 3.2587999E-01
8.3554999E+02 3.1606999E-01
8.3603998E+02 3.0870000E-01
8.3652002E+02 3.0346999E-01
8.3700000E+02 2.9942000E-01
8.3747998E+02 2.9723999E-01
8.3796002E+02 2.9622999E-01
8.3845001E+02 2.9554000E-01
8.3892999E+02 2.9650000E-01
8.3940997E+02 2.9864001E-01
8.3989001E+02 3.0039001E-01
8.4038000E+02 3.0307001E-01
8.4085999E+02 3.0713999E-01
8.4134003E+02 3.1092000E-01
8.4182001E+02 3.1505999E-01
8.4229999E+02 3.2003999E-01
8.4278998E+02 3.2470000E-01
8.4327002E+02 3.3004999E-01
8.4375000E+02 3.3634001E-01
8.4422998E+02 3.4191999E-01
8.4471002E+02 3.4790999E-01
8.4520001E+02 3.5505000E-01
8.4567999E+02 3.6186999E-01
8.4615997E+02 3.6897001E-01
8.4664001E+02 3.7682000E-01
8.4713000E+02 3.8426000E-01
8.4760999E+02 3.9184999E-01
8.4809003E+02 4.0042999E-01
8.4857001E+02 4.0878999E-01
8.4904999E+02 4.1718000E-01
8.4953998E+02 4.2668000E-01
8.5002002E+02 4.3557000E-01
8.5050000E+02 4.4385001E-01
8.5097998E+02 4.5350000E-01
8.5146002E+02 4.6338999E-01
8.5195001E+02 4.7262999E-01
8.5242999E+02 4.8249999E-01
8.5290997E+02 4.9233001E-01
8.5339001E+02 5.0147003E-01
8.5388000E+02 5.1138002E-01
8.5435999E+02 5.2130002E-01
8.5484003E+02 5.3005999E-01
8.5532001E+02 5.3921002E-01
8.5579999E+02 5.4878998E-01
8.5628998E+02 5.5765998E-01
8.5677002E+02 5.6663001E-01
8.5725000E+02 5.7556999E-01
8.5772998E+02 5.8375001E-01
8.5821997E+02 5.9236997E-01
8.5870001E+02 6.0088003E-01
8.5917999E+02 6.0819000E-01
8.5965997E+02 6.1616999E-01
8.6014001E+02 6.2447000E-01
8.6063000E+02 6.3121998E-01
8.6110999E+02 6.3805002E-01
8.6159003E+02 6.4559001E-01
8.6207001E+02 6.5186000E-01
8.6254999E+02 6.5726000E-01
8.6303998E+02 6.6280001E-01
8.6352002E+02 6.6801000E-01
8.6400000E+02 6.7311001E-01
8.6447998E+02 6.7790997E-01
8.6496997E+02 6.8207997E-01
8.6545001E+02 6.8640000E-01
8.6592999E+02 6.9055003E-01
8.6640997E+02 6.9335997E-01
8.6689001E+02 6.9585001E-01
8.6738000E+02 6.9888997E-01
8.6785999E+02 7.0121002E-01
8.6834003E+02 7.0362002E-01
8.6882001E+02 7.0700002E-01
8.6929999E+02 7.0927000E-01
8.6978998E+02 7.1012998E-01
8.7027002E+02 7.1125001E-01
8.7075000E+02 7.1223998E-01
8.7122998E+02 7.1306998E-01
8.7171997E+02 7.1469003E-01
8.7220001E+02 7.1591002E-01
8.7267999E+02 7.1638000E-01
8.7315997E+02 7.1688002E-01
8.7364001E+02 7.1686000E-01
8.7413000E+02 7.1705002E-01
8.7460999E+02 7.1767002E-01
8.7509003E+02 7.1708000E-01
8.7557001E+02 7.1614999E-01
8.7604999E+02 7.1649998E-01
8.7653998E+02 7.1635002E-01
8.7702002E+02 7.1552002E-01
8.7750000E+02 7.1546000E-01
8.7797998E+02 7.1477997E-01
8.7846997E+02 7.1357000E-01
8.7895001E+02 7.1292001E-01
8.7942999E+02 7.1192998E-01
8.7990997E+02 7.1095997E-01
8.8039001E+02 7.1065003E-01
8.8088000E+02 7.0995998E-01
8.8135999E+02 7.0855999E-01
8.8184003E+02 7.0739001E-01
8.8232001E+02 7.0642000E-01
8.8279999E+02 7.0507997E-01
8.8328998E+02 7.0418000E-01
8.8377002E+02 7.0339000E-01
8.8425000E+02 7.0177001E-01
8.8472998E+02 7.0102000E-01
8.8521997E+02 7.0077002E-01
8.8570001E+02 6.9926000E-01
8.8617999E+02 6.9804001E-01
8.8665997E+02 6.9731998E-01
8.8714001E+02 6.9569999E-01
8.8763000E+02 6.9405001E-01
8.8810999E+02 6.9294000E-01
8.8859003E+02 6.9155997E-01
8.8907001E+02 6.9019997E-01
8.8954999E+02 6.8891001E-01
8.9003998E+02 6.8704998E-01
8.9052002E+02 6.8540001E-01
8.9100000E+02 6.8378001E-01
8.9147998E+02 6.8153000E-01
8.9196997E+02 6.7991000E-01
8.9245001E+02 6.7900997E-01
8.9292999E+02 6.7738003E-01
8.9340997E+02 6.7541999E-01
8.9389001E+02 6.7435998E-01
8.9438000E+02 6.7300999E-01
8.9485999E+02 6.7071003E-01
8.9534003E+02 6.6872001E-01
8.9582001E+02 6.6679001E-01
8.9629999E+02 6.6499001E-01
8.9678998E+02 6.6390002E-01
8.9727002E+02 6.6207999E-01
8.9775000E+02 6.6000998E-01
8.9822998E+02 6.5889001E-01
8.9871997E+02 6.5675998E-01
8.9920001E+02 6.5399998E-01
8.9967999E+02 6.5240997E-01
9.0015997E+02 6.5082002E-01
9.0064001E+02 6.4929003E-01
9.0113000E+02 6.4820999E-01
9.0160999E+02 6.4626998E-01
9.0209003E+02 6.4407998E-01
9.0257001E+02 6.4288002E-01
9.0304999E+02 6.4139003E-01
9.0353998E+02 6.3928998E-01
9.0402002E+02 6.3786000E-01
9.0450000E+02 6.3626999E-01
9.0497998E+02 6.3401997E-01
9.0546997E+02 6.3261002E-01
9.0595001E+02 6.3134998E-01
9.0642999E+02 6.2933999E-01
9.0690997E+02 6.2801999E-01
9.0739001E+02 6.2668997E-01
9.0788000E+02 6.2448001E-01
9.0835999E+02 6.2312001E-01
9.0884003E+02 6.2211001E-01
9.0932001E+02 6.2048000E-01
9.0979999E+02 6.1949998E-01
9.1028998E+02 6.1864001E-01
9.1077002E+02 6.1695999E-01
9.1125000E+02 6.1574000E-01
9.1172998E+02 6.1461997E-01
9.1221997E+02 6.1263001E-01
9.1270001E+02 6.1141998E-01
9.1317999E+02 6.1079001E-01
9.1365997E+02 6.0929000E-01
9.1414001E+02 6.0790998E-01
9.1463000E+02 6.0689998E-01
9.1510999E+02 6.0517001E-01
9.1559003E+02 6.0299999E-01
9.1607001E+02 6.0102999E-01
9.1654999E+02 5.9913999E-01
9.1703998E+02 5.9719002E-01
9.1752002E+02 5.9476000E-01
9.1800000E+02 5.9157997E-01
9.1847998E+02 5.8841002E-01
9.1896997E+02 5.8537000E-01
9.1945001E+02 5.8139002E-01
9.1992999E+02 5.7675999E-01
9.2040997E+02 5.7198000E-01
9.2089001E+02 5.6623000E-01
9.2138000E+02 5.5979002E-01
9.2185999E+02 5.5306000E-01
9.2234003E+02 5.4517001E-01
9.2282001E+02 5.3659999E-01
9.2329999E+02 5.2758998E-01
9.2378998E+02 5.1683998E-01
9.2427002E+02 5.0568998E-01
9.2475000E+02 4.9528000E-01
9.2522998E+02 4.8438999E-01
9.2571997E+02 4.7389999E-01
9.2620001E+02 4.6469000E-01
9.2667999E+02 4.5611000E-01
9.2715997E+02 4.4900000E-01
9.2764001E+02 4.4380999E-01
9.2813000E+02 4.3926999E-01
9.2860999E+02 4.3577999E-01
9.2909003E+02 4.3419999E-01
9.2957001E+02 4.3279001E-01
9.3004999E+02 4.3158999E-01
9.3053998E+02 4.3221000E-01
9.3102002E+02 4.3311000E-01
9.3150000E+02 4.3362999E-01
9.3197998E+02 4.3544999E-01
9.3246997E+02 4.3772000E-01
9.3295001E+02 4.3990001E-01
9.3342999E+02 4.4347000E-01
9.3390997E+02 4.4740000E-01
9.3439001E+02 4.5104000E-01
9.3488000E+02 4.5620000E-01
9.3535999E+02 4.6201000E-01
9.3584003E+02 4.6748999E-01
9.3632001E+02 4.7444999E-01
9.3679999E+02 4.8234001E-01
9.3728998E+02 4.9022999E-01
9.3777002E+02 4.9959999E-01
9.3825000E+02 5.0966001E-01
9.3872998E+02 5.1920003E-01
9.3921997E+02 5.2986002E-01
9.3970001E+02 5.4136997E-01
9.4017999E+02 5.5202001E-01
9.4065997E+02 5.6304997E-01
9.4114001E+02 5.7416999E-01
9.4163000E+02 5.8319998E-01
9.4210999E+02 5.9135002E-01
9.4259003E+02 5.9902000E-01
9.4307001E+02 6.0422999E-01
9.4354999E+02 6.0811001E-01
9.4403998E+02 6.1119002E-01
9.4452002E+02 6.1153001E-01
9.4500000E+02 6.1062998E-01
9.4547998E+02 6.1003000E-01
9.4596997E+02 6.0755002E-01
9.4645001E+02 6.0371000E-01
9.4692999E+02 6.0029000E-01
9.4740997E+02 5.9588999E-01
9.4789001E+02 5.9087002E-01
9.4838000E+02 5.8623999E-01
9.4885999E+02 5.8065999E-01
9.4934003E+02 5.7485998E-01
9.4982001E+02 5.6963998E-01
9.5029999E+02 5.6380999E-01
9.5078998E+02 5.5791003E-01
9.5127002E+02 5.5265999E-01
9.5175000E+02 5.4710001E-01
9.5222998E+02 5.4136997E-01
9.5271997E+02 5.3648001E-01
9.5320001E+02 5.3170002E-01
9.5367999E+02 5.2684999E-01
9.5415997E+02 5.2302998E-01
9.5464001E+02 5.1932001E-01
9.5513000E+02 5.1543999E-01
9.5560999E+02 5.1270998E-01
9.5609003E+02 5.1007998E-01
9.5657001E+02 5.0700998E-01
9.5704999E+02 5.0515002E-01
9.5753998E+02 5.0340998E-01
9.5802002E+02 5.0097001E-01
9.5850000E+02 4.9948999E-01
9.5897998E+02 4.9812001E-01
9.5946997E+02 4.9606001E-01
9.5995001E+02 4.9467000E-01
9.6042999E+02 4.9329001E-01
9.6090997E+02 4.9127999E-01
9.6139001E+02 4.8991999E-01
9.6188000E+02 4.8899999E-01
9.6235999E+02 4.8752001E-01
9.6284003E+02 4.8603001E-01
9.6332001E+02 4.8480999E-01
9.6379999E+02 4.8324999E-01
9.6428998E+02 4.8170000E-01
9.6477002E+02 4.8040000E-01
9.6525000E+02 4.7854999E-01
9.6572998E+02 4.7688001E-01
9.6621997E+02 4.7582999E-01
9.6670001E+02 4.7404999E-01
9.6717999E+02 4.7238001E-01
9.6765997E+02 4.7139999E-01
9.6814001E+02 4.6946999E-01
9.6863000E+02 4.6735999E-01
9.6910999E+02 4.6608001E-01
9.6959003E+02 4.6447000E-01
9.7007001E+02 4.6269000E-01
9.7054999E+02 4.6112001E-01
9.7103998E+02 4.5912001E-01
9.7152002E+02 4.5701000E-01
9.7200000E+02 4.5521000E-01
9.7247998E+02 4.5326000E-01
9.7296997E+02 4.5120999E-01
9.7345001E+02 4.4947001E-01
9.7392999E+02 4.4751000E-01
9.7440997E+02 4.4503999E-01
9.7489001E+02 4.4295001E-01
9.7538000E+02 4.4093999E-01
9.7585999E+02 4.3845001E-01
9.7634003E+02 4.3636000E-01
9.7682001E+02 4.3410999E-01
9.7729999E+02 4.3142000E-01
9.7778998E+02 4.2952999E-01
9.7827002E+02 4.2739999E-01
9.7875000E+02 4.2445001E-01
9.7922998E+02 4.2228001E-01
9.7971997E+02 4.2021000E-01
9.8020001E+02 4.1731000E-01
9.8067999E+02 4.1473001E-01
9.8115997E+02 4.1222000E-01
9.8164001E+02 4.0920001E-01
9.8213000E+02 4.0640000E-01
9.8260999E+02 4.0373999E-01
9.8309003E+02 4.0109000E-01
9.8357001E+02 3.9855999E-01
9.8404999E+02 3.9570001E-01
9.8453998E+02 3.9258000E-01
9.8502002E+02 3.8971001E-01
9.8550000E+02 3.8670999E-01
9.8597998E+02 3.8345000E-01
9.8646997E+02 3.8056001E-01
9.8695001E+02 3.7760001E-01
9.8742999E+02 3.7415999E-01
9.8790997E+02 3.7117001E-01
9.8839001E+02 3.6812001E-01
9.8888000E+02 3.6441001E-01
9.8935999E+02 3.6133000E-01
9.8984003E+02 3.5817000E-01
9.9032001E+02 3.5431999E-01
9.9079999E+02 3.5135001E-01
9.9128998E+02 3.4829000E-01
9.9177002E+02 3.4430000E-01
9.9225000E+02 3.4090999E-01
9.9272998E+02 3.3768001E-01
9.9321997E+02 3.3383000E-01
9.9370001E+02 3.3039001E-01
9.9417999E+02 3.2708001E-01
9.9465997E+02 3.2310000E-01
9.9514001E+02 3.1924999E-01
9.9563000E+02 3.1582999E-01
9.9610999E+02 3.1215000E-01
9.9659003E+02 3.0814999E-01
9.9707001E+02 3.0428001E-01
9.9756000E+02 3.0046001E-01
9.9803998E+02 2.9659000E-01
9.9852002E+02 2.9282001E-01
9.9900000E+02 2.8885001E-01
9.9947998E+02 2.8489000E-01
9.9996997E+02 2.8103000E-01
1.0004000E+03 2.7674001E-01
1.0009000E+03 2.7270001E-01
1.0014000E+03 2.6903999E-01
1.0018000E+03 2.6480001E-01
1.0023000E+03 2.6060000E-01
1.0028000E+03 2.5670001E-01
1.0033000E+03 2.5226000E-01
1.0038000E+03 2.4801999E-01
1.0043000E+03 2.4435000E-01
1.0047000E+03 2.4017000E-01
1.0052000E+03 2.3576000E-01
1.0057000E+03 2.3167001E-01
1.0062000E+03 2.2748999E-01
1.0067000E+03 2.2342999E-01
1.0072000E+03 2.1946000E-01
1.0076000E+03 2.1528000E-01
1.0081000E+03 2.1134999E-01
1.0086000E+03 2.0759000E-01
1.0091000E+03 2.0341000E-01
1.0096000E+03 1.9927000E-01
1.0100000E+03 1.9559000E-01
1.0105000E+03 1.9171999E-01
1.0110000E+03 1.8776000E-01
1.0115000E+03 1.8441001E-01
1.0120000E+03 1.8100999E-01
1.0125000E+03 1.7711000E-01
1.0129000E+03 1.7372000E-01
1.0134000E+03 1.7038000E-01
1.0139000E+03 1.6677999E-01
1.0144000E+03 1.6384999E-01
1.0149000E+03 1.6084000E-01
1.0153000E+03 1.5752999E-01
1.0158000E+03 1.5466000E-01
1.0163000E+03 1.5158001E-01
1.0168000E+03 1.4855000E-01
1.0173000E+03 1.4594001E-01
1.0178000E+03 1.4305000E-01
1.0182000E+03 1.4031000E-01
1.0187000E+03 1.3808000E-01
1.0192000E+03 1.3553999E-01
1.0197000E+03 1.3270999E-01
1.0202000E+03 1.3041000E-01
1.0207000E+03 1.2839000E-01
1.0211000E+03 1.2589000E-01
1.0216000E+03 1.2337000E-01
1.0221000E+03 1.2138000E-01
1.0226000E+03 1.1936000E-01
1.0231000E+03 1.1727000E-01
1.0235000E+03 1.1522000E-01
1.0240000E+03 1.1314000E-01
1.0245000E+03 1.1167000E-01
1.0250000E+03 1.1013000E-01
1.0255000E+03 1.0765000E-01
1.0260000E+03 1.0572000E-01
1.0264000E+03 1.0463000E-01
1.0269000E+03 1.0304000E-01
1.0274000E+03 1.0132000E-01
1.0279000E+03 9.9749997E-02
1.0284000E+03 9.8099999E-02
1.0289000E+03 9.6900001E-02
1.0293000E+03 9.5650002E-02
1.0298000E+03 9.3970001E-02
1.0303000E+03 9.2710003E-02
1.0308000E+03 9.1710001E-02
1.0313000E+03 9.0269998E-02
1.0317000E+03 8.8820003E-02
1.0322000E+03 8.7750003E-02
1.0327000E+03 8.6539999E-02
1.0332000E+03 8.5249998E-02
1.0337000E+03 8.4469996E-02
1.0342000E+03 8.3499998E-02
1.0346000E+03 8.2089998E-02
1.0351000E+03 8.1050001E-02
1.0356000E+03 8.0040000E-02
1.0361000E+03 7.9039998E-02
1.0366000E+03 7.8369997E-02
1.0370000E+03 7.7079996E-02
1.0375000E+03 7.5750001E-02
1.0380000E+03 7.5209998E-02
1.0385000E+03 7.4280001E-02
1.0390000E+03 7.3100001E-02
1.0395000E+03 7.2319999E-02
1.0399000E+03 7.1330003E-02
1.0404000E+03 7.0540003E-02
1.0409000E+03 7.0090003E-02
1.0414000E+03 6.9130003E-02
1.0419000E+03 6.7860000E-02
1.0424000E+03 6.6900000E-02
1.0428000E+03 6.6289999E-02
1.0433000E+03 6.5660000E-02
1.0438000E+03 6.5009996E-02
1.0443000E+03 6.4340003E-02
1.0448000E+03 6.3270003E-02
1.0452000E+03 6.2300000E-02
1.0457000E+03 6.1710000E-02
1.0462000E+03 6.1069999E-02
1.0467000E+03 6.0649998E-02
1.0472000E+03 6.0100000E-02
1.0477000E+03 5.9000000E-02
1.0481000E+03 5.8359999E-02
1.0486000E+03 5.8030002E-02
1.0491000E+03 5.7399999E-02
1.0496000E+03 5.7089999E-02
1.0501000E+03 5.6589998E-02
1.0505000E+03 5.5709999E-02
1.0510000E+03 5.5259999E-02
1.0515000E+03 5.4770000E-02
1.0520000E+03 5.3989999E-02
1.0525000E+03 5.3500000E-02
1.0530000E+03 5.3059999E-02
1.0534000E+03 5.2430000E-02
1.0539000E+03 5.1920000E-02
1.0544000E+03 5.1560000E-02
1.0549000E+03 5.1109999E-02
1.0554000E+03 5.0730001E-02
1.0559000E+03 5.0500002E-02
1.0563000E+03 4.9929999E-02
1.0568000E+03 4.9249999E-02
1.0573000E+03 4.8889998E-02
1.0578000E+03 4.8239999E-02
1.0583000E+03 4.7740001E-02
1.0587000E+03 4.7860000E-02
1.0592000E+03 4.7540002E-02
1.0597000E+03 4.7090001E-02
1.0602000E+03 4.6840001E-02
1.0607000E+03 4.6080001E-02
1.0612000E+03 4.5550000E-02
1.0616000E+03 4.5350000E-02
1.0621000E+03 4.4799998E-02
1.0626000E+03 4.4580001E-02
1.0631000E+03 4.4580001E-02
1.0636000E+03 4.4199999E-02
1.0640000E+03 4.3770000E-02
1.0645000E+03 4.3389998E-02
1.0650000E+03 4.2989999E-02
1.0655000E+03 4.2640001E-02
1.0660000E+03 4.2390000E-02
1.0665000E+03 4.2140000E-02
1.0669000E+03 4.1809998E-02
1.0674000E+03 4.1710000E-02
1.0679000E+03 4.1409999E-02
1.0684000E+03 4.0770002E-02
1.0689000E+03 4.0619999E-02
1.0694000E+03 4.0460002E-02
1.0698000E+03 3.9971001E-02
1.0703000E+03 3.9999999E-02
1.0708000E+03 3.9870001E-02
1.0713000E+03 3.9414000E-02
1.0718000E+03 3.9430000E-02
1.0722000E+03 3.9101001E-02
1.0727000E+03 3.8596999E-02
1.0732000E+03 3.8748000E-02
1.0737000E+03 3.8607001E-02
1.0742000E+03 3.8210001E-02
1.0747000E+03 3.8226999E-02
1.0751000E+03 3.8075000E-02
1.0756000E+03 3.7799999E-02
1.0761000E+03 3.7753999E-02
1.0766000E+03 3.7625000E-02
1.0771000E+03 3.7370998E-02
1.0775000E+03 3.7262000E-02
1.0780000E+03 3.7168000E-02
1.0785000E+03 3.6720999E-02
1.0790000E+03 3.6497999E-02
1.0795000E+03 3.6671001E-02
1.0800000E+03 3.6311001E-02
1.0804000E+03 3.6102999E-02
1.0809000E+03 3.6424000E-02
1.0814000E+03 3.6102999E-02
1.0819000E+03 3.5852000E-02
1.0824000E+03 3.5941999E-02
1.0829000E+03 3.5464000E-02
1.0833000E+03 3.5434999E-02
1.0838000E+03 3.5709001E-02
1.0843000E+03 3.5312001E-02
1.0848000E+03 3.5243999E-02
1.0853000E+03 3.5326000E-02
1.0857000E+03 3.4903999E-02
1.0862000E+03 3.4784999E-02
1.0867000E+03 3.4864999E-02
1.0872000E+03 3.4701999E-02
1.0877000E+03 3.4641001E-02
1.0882000E+03 3.4713000E-02
1.0886000E+03 3.4557998E-02
1.0891000E+03 3.4271002E-02
1.0896000E+03 3.4400001E-02
1.0901000E+03 3.4426000E-02
1.0906000E+03 3.4085002E-02
1.0910000E+03 3.4329999E-02
1.0915000E+03 3.4389999E-02
1.0920000E+03 3.3961002E-02
1.0925000E+03 3.4247000E-02
1.0930000E+03 3.4272999E-02
1.0935000E+03 3.3932999E-02
1.0939000E+03 3.4295999E-02
1.0944000E+03 3.4203000E-02
1.0949000E+03 3.3865999E-02
1.0954000E+03 3.4247000E-02
1.0959000E+03 3.4256998E-02
1.0964000E+03 3.3964999E-02
1.0968000E+03 3.4035999E-02
1.0973000E+03 3.4026999E-02
1.0978000E+03 3.4017999E-02
1.0983000E+03 3.4125000E-02
1.0988000E+03 3.4109998E-02
1.0992000E+03 3.3941001E-02
1.0997000E+03 3.3957001E-02
1.1002000E+03 3.4228999E-02
1.1007000E+03 3.4054998E-02
1.1012000E+03 3.4017999E-02
1.1017000E+03 3.4456000E-02
1.1021000E+03 3.4180000E-02
1.1026000E+03 3.4054000E-02
1.1031000E+03 3.4485001E-02
1.1036000E+03 3.4221999E-02
1.1041000E+03 3.4249999E-02
