9.4015999E+01 1.9153999E-02
9.4498001E+01 1.9099999E-02
9.4980003E+01 1.9391000E-02
9.5461998E+01 1.9989001E-02
9.5944000E+01 2.0407001E-02
9.6426003E+01 1.9960999E-02
9.6907997E+01 1.9065000E-02
9.7389999E+01 1.8516000E-02
9.7873001E+01 1.8432001E-02
9.8355003E+01 1.8825000E-02
9.8836998E+01 1.9495999E-02
9.9319000E+01 1.9560000E-02
9.9801003E+01 1.9817000E-02
1.0028000E+02 2.0633001E-02
1.0077000E+02 2.0087000E-02
1.0125000E+02 1.9098001E-02
1.0173000E+02 1.8712999E-02
1.0221000E+02 1.8137001E-02
1.0269000E+02 1.7682999E-02
1.0318000E+02 1.7850000E-02
1.0366000E+02 1.8539000E-02
1.0414000E+02 1.9144000E-02
1.0462000E+02 1.8999999E-02
1.0510000E+02 1.8900000E-02
1.0559000E+02 1.9732000E-02
1.0607000E+02 2.0041000E-02
1.0655000E+02 1.9388000E-02
1.0703000E+02 1.9216999E-02
1.0752000E+02 1.9290000E-02
1.0800000E+02 1.8858001E-02
1.0848000E+02 1.8593000E-02
1.0896000E+02 1.8742001E-02
1.0944000E+02 1.8975999E-02
1.0993000E+02 1.9224999E-02
1.1041000E+02 1.9665999E-02
1.1089000E+02 2.0251000E-02
1.1137000E+02 1.9774999E-02
1.1185000E+02 1.8815000E-02
1.1234000E+02 1.8576000E-02
1.1282000E+02 1.8515000E-02
1.1330000E+02 1.8585000E-02
1.1378000E+02 1.8618001E-02
1.1427000E+02 1.8164000E-02
1.1475000E+02 1.7716000E-02
1.1523000E+02 1.7631000E-02
1.1571000E+02 1.7253000E-02
1.1619000E+02 1.6979000E-02
1.1668000E+02 1.7299000E-02
1.1716000E+02 1.7035000E-02
1.1764000E+02 1.6474999E-02
1.1812000E+02 1.7514000E-02
1.1860000E+02 1.8794000E-02
1.1909000E+02 1.7963000E-02
1.1957000E+02 1.7498000E-02
1.2005000E+02 1.8874999E-02
1.2053000E+02 1.6864000E-02
1.2101000E+02 1.0496000E-02
1.2150000E+02 1.0275000E-02
1.2198000E+02 1.8081000E-02
1.2246000E+02 2.1318000E-02
1.2294000E+02 1.9029999E-02
1.2343000E+02 1.8344000E-02
1.2391000E+02 1.8066000E-02
1.2439000E+02 1.6657000E-02
1.2487000E+02 1.7927000E-02
1.2535000E+02 1.8068001E-02
1.2584000E+02 1.6260000E-02
1.2632000E+02 1.8122001E-02
1.2680000E+02 1.8807000E-02
1.2728000E+02 1.7533001E-02
1.2776000E+02 1.7360000E-02
1.2825000E+02 1.6992999E-02
1.2873000E+02 1.7300000E-02
1.2921001E+02 1.6874000E-02
1.2969000E+02 1.6914999E-02
1.3017999E+02 1.7735001E-02
1.3066000E+02 1.7922999E-02
1.3114000E+02 1.8487001E-02
1.3162000E+02 1.8777000E-02
1.3210001E+02 1.9097000E-02
1.3259000E+02 1.9013001E-02
1.3307001E+02 1.8158000E-02
1.3355000E+02 1.7658001E-02
1.3403000E+02 1.7502001E-02
1.3450999E+02 1.7384000E-02
1.3500000E+02 1.7193001E-02
1.3548000E+02 1.6977999E-02
1.3596001E+02 1.6832000E-02
1.3644000E+02 1.6981000E-02
1.3692999E+02 1.7193001E-02
1.3741000E+02 1.7168000E-02
1.3789000E+02 1.6785000E-02
1.3837000E+02 1.7038999E-02
1.3885001E+02 1.8207001E-02
1.3934000E+02 1.8261001E-02
1.3982001E+02 1.7608000E-02
1.4030000E+02 1.7619001E-02
1.4078000E+02 1.7739000E-02
1.4125999E+02 1.7710000E-02
1.4175000E+02 1.7813999E-02
1.4223000E+02 1.8228000E-02
1.4271001E+02 1.9050000E-02
1.4319000E+02 2.0094000E-02
1.4367999E+02 2.0556999E-02
1.4416000E+02 2.0052001E-02
1.4464000E+02 1.9067001E-02
1.4512000E+02 1.8022001E-02
1.4560001E+02 1.7075000E-02
1.4609000E+02 1.6573999E-02
1.4657001E+02 1.6417000E-02
1.4705000E+02 1.6225999E-02
1.4753000E+02 1.6125999E-02
1.4800999E+02 1.6083000E-02
1.4850000E+02 1.6657000E-02
1.4898000E+02 1.7158000E-02
1.4946001E+02 1.6528999E-02
1.4994000E+02 1.6697001E-02
1.5042000E+02 1.7565999E-02
1.5091000E+02 1.7308000E-02
1.5139000E+02 1.6586000E-02
1.5187000E+02 1.6116001E-02
1.5235001E+02 1.5924999E-02
1.5284000E+02 1.6441001E-02
1.5332001E+02 1.7193001E-02
1.5380000E+02 1.6744001E-02
1.5428000E+02 1.5877999E-02
1.5475999E+02 1.5904000E-02
1.5525000E+02 1.5972000E-02
1.5573000E+02 1.6119000E-02
1.5621001E+02 1.6665000E-02
1.5669000E+02 1.6588001E-02
1.5717000E+02 1.6844001E-02
1.5766000E+02 1.7834000E-02
1.5814000E+02 1.7315000E-02
1.5862000E+02 1.6238000E-02
1.5910001E+02 1.6225001E-02
1.5959000E+02 1.6412999E-02
1.6007001E+02 1.6487001E-02
1.6055000E+02 1.6240999E-02
1.6103000E+02 1.6020000E-02
1.6150999E+02 1.6279001E-02
1.6200000E+02 1.6403001E-02
1.6248000E+02 1.6270000E-02
1.6296001E+02 1.6170001E-02
1.6344000E+02 1.6184000E-02
1.6392000E+02 1.6282000E-02
1.6441000E+02 1.6362000E-02
1.6489000E+02 1.6334999E-02
1.6537000E+02 1.6262000E-02
1.6585001E+02 1.6414000E-02
1.6634000E+02 1.6747000E-02
1.6682001E+02 1.6612999E-02
1.6730000E+02 1.6363000E-02
1.6778000E+02 1.6573999E-02
1.6825999E+02 1.6700000E-02
1.6875000E+02 1.6793000E-02
1.6923000E+02 1.6799999E-02
1.6971001E+02 1.7344000E-02
1.7019000E+02 1.8409001E-02
1.7067000E+02 1.7827000E-02
1.7116000E+02 1.6768999E-02
1.7164000E+02 1.6875001E-02
1.7212000E+02 1.7059000E-02
1.7260001E+02 1.7182000E-02
1.7309000E+02 1.7636999E-02
1.7357001E+02 1.7493000E-02
1.7405000E+02 1.6735001E-02
1.7453000E+02 1.6626000E-02
1.7500999E+02 1.6687000E-02
1.7550000E+02 1.7175000E-02
1.7598000E+02 1.8009000E-02
1.7646001E+02 1.7398000E-02
1.7694000E+02 1.7012000E-02
1.7742000E+02 1.7610000E-02
1.7791000E+02 1.7375000E-02
1.7839000E+02 1.6891001E-02
1.7887000E+02 1.6709000E-02
1.7935001E+02 1.6681001E-02
1.7983000E+02 1.6983001E-02
1.8032001E+02 1.6935000E-02
1.8080000E+02 1.7344000E-02
1.8128000E+02 1.8728999E-02
1.8175999E+02 1.8440999E-02
1.8225000E+02 1.5992001E-02
1.8273000E+02 1.4782000E-02
1.8321001E+02 1.6019000E-02
1.8369000E+02 1.7041000E-02
1.8417000E+02 1.7057000E-02
1.8466000E+02 1.7284000E-02
1.8514000E+02 1.7308000E-02
1.8562000E+02 1.7171999E-02
1.8610001E+02 1.7622000E-02
1.8658000E+02 1.7687000E-02
1.8707001E+02 1.7201999E-02
1.8755000E+02 1.7797001E-02
1.8803000E+02 1.8115999E-02
1.8850999E+02 1.7270001E-02
1.8900000E+02 1.7193001E-02
1.8948000E+02 1.6922001E-02
1.8996001E+02 1.6547000E-02
1.9044000E+02 1.6654000E-02
1.9092000E+02 1.6415000E-02
1.9141000E+02 1.6659999E-02
1.9189000E+02 1.6655000E-02
1.9237000E+02 1.6484000E-02
1.9285001E+02 1.6971000E-02
1.9333000E+02 1.7245000E-02
1.9382001E+02 1.7615000E-02
1.9430000E+02 1.7834000E-02
1.9478000E+02 1.7330000E-02
1.9525999E+02 1.6981000E-02
1.9575000E+02 1.7168000E-02
1.9623000E+02 1.7215000E-02
1.9671001E+02 1.7251000E-02
1.9719000E+02 1.7676000E-02
1.9767000E+02 1.7813999E-02
1.9816000E+02 1.7751001E-02
1.9864000E+02 1.8096000E-02
1.9912000E+02 1.8526001E-02
1.9960001E+02 1.9022999E-02
2.0008000E+02 1.9827999E-02
2.0057001E+02 2.0568000E-02
2.0105000E+02 2.1036001E-02
2.0153000E+02 2.0668000E-02
2.0200999E+02 2.1098001E-02
2.0250000E+02 2.2893000E-02
2.0298000E+02 2.1260001E-02
2.0346001E+02 1.8096000E-02
2.0394000E+02 1.7393000E-02
2.0442000E+02 1.7263999E-02
2.0491000E+02 1.7065000E-02
2.0539000E+02 1.7019000E-02
2.0587000E+02 1.7000001E-02
2.0635001E+02 1.7085999E-02
2.0683000E+02 1.7144000E-02
2.0732001E+02 1.7023001E-02
2.0780000E+02 1.7348999E-02
2.0828000E+02 1.8273000E-02
2.0875999E+02 1.7786000E-02
2.0924001E+02 1.6655000E-02
2.0973000E+02 1.6594000E-02
2.1021001E+02 1.6664000E-02
2.1069000E+02 1.6679000E-02
2.1117000E+02 1.6690999E-02
2.1166000E+02 1.6517000E-02
2.1214000E+02 1.6785000E-02
2.1262000E+02 1.7062999E-02
2.1310001E+02 1.6876999E-02
2.1358000E+02 1.6972000E-02
2.1407001E+02 1.7209999E-02
2.1455000E+02 1.7130001E-02
2.1503000E+02 1.6821001E-02
2.1550999E+02 1.6435999E-02
2.1599001E+02 1.6263001E-02
2.1648000E+02 1.6306000E-02
2.1696001E+02 1.6380999E-02
2.1744000E+02 1.6452000E-02
2.1792000E+02 1.6543999E-02
2.1841000E+02 1.6597001E-02
2.1889000E+02 1.6674999E-02
2.1937000E+02 1.6782001E-02
2.1985001E+02 1.6860999E-02
2.2033000E+02 1.6959000E-02
2.2082001E+02 1.7261000E-02
2.2130000E+02 1.7978000E-02
2.2178000E+02 1.8229000E-02
2.2225999E+02 1.7646000E-02
2.2274001E+02 1.7387001E-02
2.2323000E+02 1.7752999E-02
2.2371001E+02 1.8007001E-02
2.2419000E+02 1.7694000E-02
2.2467000E+02 1.7430000E-02
2.2516000E+02 1.7503999E-02
2.2564000E+02 1.7860999E-02
2.2612000E+02 1.8523000E-02
2.2660001E+02 1.8271999E-02
2.2708000E+02 1.8057000E-02
2.2757001E+02 1.9112000E-02
2.2805000E+02 1.8914999E-02
2.2853000E+02 1.7596999E-02
2.2900999E+02 1.7304000E-02
2.2949001E+02 1.7333999E-02
2.2998000E+02 1.7335000E-02
2.3046001E+02 1.7631000E-02
2.3094000E+02 1.7756000E-02
2.3142000E+02 1.7603001E-02
2.3191000E+02 1.7522000E-02
2.3239000E+02 1.7455000E-02
2.3287000E+02 1.7444000E-02
2.3335001E+02 1.7472001E-02
2.3383000E+02 1.7340001E-02
2.3432001E+02 1.7321000E-02
2.3480000E+02 1.7433001E-02
2.3528000E+02 1.7658001E-02
2.3575999E+02 1.7817000E-02
2.3624001E+02 1.7673999E-02
2.3673000E+02 1.7738000E-02
2.3721001E+02 1.8027000E-02
2.3769000E+02 1.8116999E-02
2.3817000E+02 1.8212000E-02
2.3864999E+02 1.8451000E-02
2.3914000E+02 1.8354001E-02
2.3962000E+02 1.7961999E-02
2.4010001E+02 1.8217999E-02
2.4058000E+02 1.8844999E-02
2.4107001E+02 1.8758001E-02
2.4155000E+02 1.8781999E-02
2.4203000E+02 1.9768000E-02
2.4250999E+02 2.0144001E-02
2.4299001E+02 1.8719001E-02
2.4348000E+02 1.7726000E-02
2.4396001E+02 1.8843999E-02
2.4444000E+02 1.9871000E-02
2.4492000E+02 2.0163000E-02
2.4539999E+02 2.0514000E-02
2.4589000E+02 1.9931000E-02
2.4637000E+02 1.9324001E-02
2.4685001E+02 1.9850001E-02
2.4733000E+02 2.0608000E-02
2.4782001E+02 2.0767000E-02
2.4830000E+02 2.0310000E-02
2.4878000E+02 1.9637000E-02
2.4925999E+02 1.8972000E-02
2.4974001E+02 1.8950000E-02
2.5023000E+02 1.8944001E-02
2.5071001E+02 1.8525001E-02
2.5119000E+02 1.8894000E-02
2.5167000E+02 1.8874001E-02
2.5214999E+02 1.8766001E-02
2.5264000E+02 1.9390000E-02
2.5312000E+02 1.9757001E-02
2.5360001E+02 2.1500001E-02
2.5408000E+02 2.1857999E-02
2.5457001E+02 1.9752000E-02
2.5505000E+02 1.9671001E-02
2.5553000E+02 2.0058000E-02
2.5601001E+02 2.0200999E-02
2.5648999E+02 2.0592000E-02
2.5698001E+02 2.0556999E-02
2.5745999E+02 2.0750999E-02
2.5794000E+02 2.0765999E-02
2.5842001E+02 2.1029999E-02
2.5889999E+02 2.1362999E-02
2.5939001E+02 2.1480000E-02
2.5987000E+02 2.1767000E-02
2.6035001E+02 2.1976000E-02
2.6082999E+02 2.2186000E-02
2.6132001E+02 2.2295000E-02
2.6179999E+02 2.2508999E-02
2.6228000E+02 2.2813000E-02
2.6276001E+02 2.3138000E-02
2.6323999E+02 2.3541000E-02
2.6373001E+02 2.3822000E-02
2.6420999E+02 2.4085000E-02
2.6469000E+02 2.4433000E-02
2.6517001E+02 2.4900001E-02
2.6564999E+02 2.5622001E-02
2.6614001E+02 2.6345000E-02
2.6662000E+02 2.6519001E-02
2.6710001E+02 2.6732000E-02
2.6757999E+02 2.7323000E-02
2.6806000E+02 2.7833000E-02
2.6854999E+02 2.8414000E-02
2.6903000E+02 2.9180000E-02
2.6951001E+02 3.0027000E-02
2.6998999E+02 3.1004000E-02
2.7048001E+02 3.2214999E-02
2.7095999E+02 3.3599999E-02
2.7144000E+02 3.5096999E-02
2.7192001E+02 3.6770001E-02
2.7239999E+02 3.8842998E-02
2.7289001E+02 4.1437000E-02
2.7337000E+02 4.4443000E-02
2.7385001E+02 4.7807001E-02
2.7432999E+02 5.1220000E-02
2.7481000E+02 5.3847000E-02
2.7529999E+02 5.5206999E-02
2.7578000E+02 5.5503000E-02
2.7626001E+02 5.4529998E-02
2.7673999E+02 5.2457001E-02
2.7723001E+02 4.9950000E-02
2.7770999E+02 4.8156999E-02
2.7819000E+02 4.7162998E-02
2.7867001E+02 4.5366999E-02
2.7914999E+02 4.3756999E-02
2.7964001E+02 4.3853000E-02
2.8012000E+02 4.4730000E-02
2.8060001E+02 4.5389999E-02
2.8107999E+02 4.6110000E-02
2.8156000E+02 4.7959998E-02
2.8204999E+02 5.0386999E-02
2.8253000E+02 5.1826999E-02
2.8301001E+02 5.3293001E-02
2.8348999E+02 5.5890001E-02
2.8398001E+02 5.9050001E-02
2.8445999E+02 6.2546998E-02
2.8494000E+02 6.6409998E-02
2.8542001E+02 7.0707001E-02
2.8589999E+02 7.5510003E-02
2.8639001E+02 8.0766998E-02
2.8687000E+02 8.6599998E-02
2.8735001E+02 9.2973001E-02
2.8782999E+02 9.9853002E-02
2.8831000E+02 1.0704000E-01
2.8879999E+02 1.1455000E-01
2.8928000E+02 1.2246000E-01
2.8976001E+02 1.2993000E-01
2.9023999E+02 1.3731000E-01
2.9073001E+02 1.4533000E-01
2.9120999E+02 1.5354000E-01
2.9169000E+02 1.6192000E-01
2.9217001E+02 1.7026000E-01
2.9264999E+02 1.7865001E-01
2.9314001E+02 1.8716000E-01
2.9362000E+02 1.9479001E-01
2.9410001E+02 2.0101000E-01
2.9457999E+02 2.0591000E-01
2.9506000E+02 2.0918000E-01
2.9554999E+02 2.1015000E-01
2.9603000E+02 2.0903000E-01
2.9651001E+02 2.0603000E-01
2.9698999E+02 2.0155001E-01
2.9747000E+02 1.9641000E-01
2.9795999E+02 1.9087000E-01
2.9844000E+02 1.8492000E-01
2.9892001E+02 1.7916000E-01
2.9939999E+02 1.7399999E-01
2.9989001E+02 1.6899000E-01
3.0037000E+02 1.6417000E-01
3.0085001E+02 1.5984000E-01
3.0132999E+02 1.5590000E-01
3.0181000E+02 1.5151000E-01
3.0229999E+02 1.4760999E-01
3.0278000E+02 1.4477000E-01
3.0326001E+02 1.4033000E-01
3.0373999E+02 1.3537000E-01
3.0422000E+02 1.3248999E-01
3.0470999E+02 1.3040000E-01
3.0519000E+02 1.2796000E-01
3.0567001E+02 1.2517001E-01
3.0614999E+02 1.2200000E-01
3.0664001E+02 1.1873000E-01
3.0712000E+02 1.1556000E-01
3.0760001E+02 1.1230000E-01
3.0807999E+02 1.0871000E-01
3.0856000E+02 1.0505000E-01
3.0904999E+02 1.0161000E-01
3.0953000E+02 9.7856998E-02
3.1001001E+02 9.3897000E-02
3.1048999E+02 9.0080000E-02
3.1097000E+02 8.5896999E-02
3.1145999E+02 8.1660002E-02
3.1194000E+02 7.7803001E-02
3.1242001E+02 7.3840000E-02
3.1289999E+02 7.0032999E-02
3.1339001E+02 6.6710003E-02
3.1387000E+02 6.3423000E-02
3.1435001E+02 6.0547002E-02
3.1482999E+02 5.8137000E-02
3.1531000E+02 5.5562999E-02
3.1579999E+02 5.3553000E-02
3.1628000E+02 5.2363001E-02
3.1676001E+02 5.1709998E-02
3.1723999E+02 5.1890001E-02
3.1772000E+02 5.2742999E-02
3.1820999E+02 5.4450002E-02
3.1869000E+02 5.6963000E-02
3.1917001E+02 5.9696998E-02
3.1964999E+02 6.1763000E-02
3.2014001E+02 6.1760001E-02
3.2062000E+02 5.9643000E-02
3.2110001E+02 5.6230001E-02
3.2157999E+02 5.2327000E-02
3.2206000E+02 4.8953000E-02
3.2254999E+02 4.6287000E-02
3.2303000E+02 4.4367000E-02
3.2351001E+02 4.3157000E-02
3.2398999E+02 4.1492999E-02
3.2447000E+02 3.9423000E-02
3.2495999E+02 3.8160000E-02
3.2544000E+02 3.7430000E-02
3.2592001E+02 3.6782999E-02
3.2639999E+02 3.6113001E-02
3.2688000E+02 3.5769999E-02
3.2737000E+02 3.5987001E-02
3.2785001E+02 3.5480000E-02
3.2832999E+02 3.4357000E-02
3.2881000E+02 3.3797000E-02
3.2929999E+02 3.3546999E-02
3.2978000E+02 3.3250999E-02
3.3026001E+02 3.3043999E-02
3.3073999E+02 3.3009000E-02
3.3122000E+02 3.2981999E-02
3.3170999E+02 3.2873001E-02
3.3219000E+02 3.2791000E-02
3.3267001E+02 3.2802999E-02
3.3314999E+02 3.2868002E-02
3.3363000E+02 3.2876000E-02
3.3412000E+02 3.3000000E-02
3.3460001E+02 3.3507001E-02
3.3507999E+02 3.3883002E-02
3.3556000E+02 3.3769999E-02
3.3604999E+02 3.3767000E-02
3.3653000E+02 3.4023002E-02
3.3701001E+02 3.4380000E-02
3.3748999E+02 3.4862999E-02
3.3797000E+02 3.5319999E-02
3.3845999E+02 3.5806999E-02
3.3894000E+02 3.6426999E-02
3.3942001E+02 3.7043002E-02
3.3989999E+02 3.7810002E-02
3.4038000E+02 3.8720001E-02
3.4087000E+02 3.9427001E-02
3.4135001E+02 4.0169999E-02
3.4182999E+02 4.1087002E-02
3.4231000E+02 4.2160001E-02
3.4279999E+02 4.3673001E-02
3.4328000E+02 4.5166999E-02
3.4376001E+02 4.6393000E-02
3.4423999E+02 4.7940001E-02
3.4472000E+02 4.9789999E-02
3.4520999E+02 5.1743001E-02
3.4569000E+02 5.3909998E-02
3.4617001E+02 5.6152999E-02
3.4664999E+02 5.8522999E-02
3.4713000E+02 6.1177000E-02
3.4762000E+02 6.4107001E-02
3.4810001E+02 6.7263000E-02
3.4857999E+02 7.0432998E-02
3.4906000E+02 7.3859997E-02
3.4954001E+02 7.7662997E-02
3.5003000E+02 8.0922998E-02
3.5051001E+02 8.3812997E-02
3.5098999E+02 8.7323003E-02
3.5147000E+02 9.1337003E-02
3.5195999E+02 9.4967000E-02
3.5244000E+02 9.7972997E-02
3.5292001E+02 1.0133000E-01
3.5339999E+02 1.0497000E-01
3.5388000E+02 1.0850000E-01
3.5437000E+02 1.1191000E-01
3.5485001E+02 1.1478000E-01
3.5532999E+02 1.1761000E-01
3.5581000E+02 1.2067000E-01
3.5629001E+02 1.2374000E-01
3.5678000E+02 1.2695999E-01
3.5726001E+02 1.2977000E-01
3.5773999E+02 1.3212000E-01
3.5822000E+02 1.3456000E-01
3.5870999E+02 1.3671000E-01
3.5919000E+02 1.3861001E-01
3.5967001E+02 1.4074001E-01
3.6014999E+02 1.4273000E-01
3.6063000E+02 1.4409000E-01
3.6112000E+02 1.4517000E-01
3.6160001E+02 1.4676000E-01
3.6207999E+02 1.4805999E-01
3.6256000E+02 1.4850999E-01
3.6304001E+02 1.4939000E-01
3.6353000E+02 1.5035000E-01
3.6401001E+02 1.4964999E-01
3.6448999E+02 1.4789000E-01
3.6497000E+02 1.4696001E-01
3.6545999E+02 1.4657000E-01
3.6594000E+02 1.4565000E-01
3.6642001E+02 1.4410000E-01
3.6689999E+02 1.4201000E-01
3.6738000E+02 1.3959000E-01
3.6787000E+02 1.3713001E-01
3.6835001E+02 1.3450000E-01
3.6882999E+02 1.3106000E-01
3.6931000E+02 1.2721001E-01
3.6979001E+02 1.2325000E-01
3.7028000E+02 1.1859000E-01
3.7076001E+02 1.1394000E-01
3.7123999E+02 1.0955000E-01
3.7172000E+02 1.0476000E-01
3.7220999E+02 1.0038000E-01
3.7269000E+02 9.6796997E-02
3.7317001E+02 9.3356997E-02
3.7364999E+02 9.1059998E-02
3.7413000E+02 9.0230003E-02
3.7462000E+02 8.9243002E-02
3.7510001E+02 8.8812999E-02
3.7557999E+02 8.9782998E-02
3.7606000E+02 9.0850003E-02
3.7654001E+02 9.2092998E-02
3.7703000E+02 9.3947001E-02
3.7751001E+02 9.6270002E-02
3.7798999E+02 9.9316999E-02
3.7847000E+02 1.0229000E-01
3.7895001E+02 1.0494000E-01
3.7944000E+02 1.0795000E-01
3.7992001E+02 1.1090000E-01
3.8039999E+02 1.1401000E-01
3.8088000E+02 1.1691000E-01
3.8137000E+02 1.1912000E-01
3.8185001E+02 1.2151000E-01
3.8232999E+02 1.2306000E-01
3.8281000E+02 1.2403000E-01
3.8329001E+02 1.2465000E-01
3.8378000E+02 1.2439000E-01
3.8426001E+02 1.2364000E-01
3.8473999E+02 1.2118000E-01
3.8522000E+02 1.1791000E-01
3.8570001E+02 1.1434000E-01
3.8619000E+02 1.0992000E-01
3.8667001E+02 1.0553000E-01
3.8714999E+02 1.0115000E-01
3.8763000E+02 9.6933000E-02
3.8812000E+02 9.3157001E-02
3.8860001E+02 9.0373002E-02
3.8907999E+02 8.8500001E-02
3.8956000E+02 8.7269999E-02
3.9004001E+02 8.6960003E-02
3.9053000E+02 8.7366998E-02
3.9101001E+02 8.8809997E-02
3.9148999E+02 9.1100000E-02
3.9197000E+02 9.4157003E-02
3.9245001E+02 9.8356999E-02
3.9294000E+02 1.0351000E-01
3.9342001E+02 1.0965000E-01
3.9389999E+02 1.1682000E-01
3.9438000E+02 1.2486000E-01
3.9487000E+02 1.3335000E-01
3.9535001E+02 1.4236000E-01
3.9582999E+02 1.5194000E-01
3.9631000E+02 1.6146000E-01
3.9679001E+02 1.7078000E-01
3.9728000E+02 1.7991000E-01
3.9776001E+02 1.8875000E-01
3.9823999E+02 1.9721000E-01
3.9872000E+02 2.0513000E-01
3.9920001E+02 2.1294001E-01
3.9969000E+02 2.2082999E-01
4.0017001E+02 2.2766000E-01
4.0064999E+02 2.3351000E-01
4.0113000E+02 2.3941000E-01
4.0162000E+02 2.4442001E-01
4.0210001E+02 2.4812999E-01
4.0257999E+02 2.5150999E-01
4.0306000E+02 2.5419000E-01
4.0354001E+02 2.5569001E-01
4.0403000E+02 2.5716001E-01
4.0451001E+02 2.5876001E-01
4.0498999E+02 2.5893000E-01
4.0547000E+02 2.5797999E-01
4.0595001E+02 2.5737000E-01
4.0644000E+02 2.5705999E-01
4.0692001E+02 2.5655001E-01
4.0739999E+02 2.5598001E-01
4.0788000E+02 2.5600001E-01
4.0835999E+02 2.5654000E-01
4.0885001E+02 2.5683001E-01
4.0932999E+02 2.5751001E-01
4.0981000E+02 2.5898001E-01
4.1029001E+02 2.6069000E-01
4.1078000E+02 2.6255000E-01
4.1126001E+02 2.6495001E-01
4.1173999E+02 2.6826999E-01
4.1222000E+02 2.7217999E-01
4.1270001E+02 2.7671999E-01
4.1319000E+02 2.8226000E-01
4.1367001E+02 2.8838000E-01
4.1414999E+02 2.9448000E-01
4.1463000E+02 3.0092999E-01
4.1510999E+02 3.0792999E-01
4.1560001E+02 3.1393000E-01
4.1607999E+02 3.1964999E-01
4.1656000E+02 3.2629001E-01
4.1704001E+02 3.3208001E-01
4.1753000E+02 3.3682999E-01
4.1801001E+02 3.4110001E-01
4.1848999E+02 3.4500000E-01
4.1897000E+02 3.4836999E-01
4.1945001E+02 3.5120001E-01
4.1994000E+02 3.5339999E-01
4.2042001E+02 3.5447001E-01
4.2089999E+02 3.5543001E-01
4.2138000E+02 3.5633001E-01
4.2185999E+02 3.5587001E-01
4.2235001E+02 3.5473001E-01
4.2282999E+02 3.5453001E-01
4.2331000E+02 3.5403001E-01
4.2379001E+02 3.5216999E-01
4.2428000E+02 3.5120001E-01
4.2476001E+02 3.5080001E-01
4.2523999E+02 3.4889999E-01
4.2572000E+02 3.4533000E-01
4.2620001E+02 3.4187001E-01
4.2669000E+02 3.4009999E-01
4.2717001E+02 3.3866999E-01
4.2764999E+02 3.3557001E-01
4.2813000E+02 3.3175999E-01
4.2860999E+02 3.2879001E-01
4.2910001E+02 3.2580999E-01
4.2957999E+02 3.2247001E-01
4.3006000E+02 3.1939000E-01
4.3054001E+02 3.1602001E-01
4.3103000E+02 3.1239000E-01
4.3151001E+02 3.0831000E-01
4.3198999E+02 3.0425999E-01
4.3247000E+02 3.0091000E-01
4.3295001E+02 2.9675999E-01
4.3344000E+02 2.9231000E-01
4.3392001E+02 2.8880000E-01
4.3439999E+02 2.8485999E-01
4.3488000E+02 2.8082001E-01
4.3535999E+02 2.7737999E-01
4.3585001E+02 2.7355000E-01
4.3632999E+02 2.6955000E-01
4.3681000E+02 2.6546001E-01
4.3729001E+02 2.6141000E-01
4.3776999E+02 2.5744000E-01
4.3826001E+02 2.5314000E-01
4.3873999E+02 2.4910000E-01
4.3922000E+02 2.4525000E-01
4.3970001E+02 2.4124999E-01
4.4019000E+02 2.3767000E-01
4.4067001E+02 2.3475000E-01
4.4114999E+02 2.3195000E-01
4.4163000E+02 2.2900000E-01
4.4210999E+02 2.2586000E-01
4.4260001E+02 2.2256000E-01
4.4307999E+02 2.2015999E-01
4.4356000E+02 2.1817000E-01
4.4404001E+02 2.1549000E-01
4.4451999E+02 2.1290000E-01
4.4501001E+02 2.1066999E-01
4.4548999E+02 2.0873000E-01
4.4597000E+02 2.0691000E-01
4.4645001E+02 2.0487000E-01
4.4694000E+02 2.0271000E-01
4.4742001E+02 2.0054001E-01
4.4789999E+02 1.9876000E-01
4.4838000E+02 1.9710000E-01
4.4885999E+02 1.9536000E-01
4.4935001E+02 1.9340999E-01
4.4982999E+02 1.9112000E-01
4.5031000E+02 1.8907000E-01
4.5079001E+02 1.8728000E-01
4.5126999E+02 1.8539000E-01
4.5176001E+02 1.8341000E-01
4.5223999E+02 1.8159001E-01
4.5272000E+02 1.7982000E-01
4.5320001E+02 1.7788000E-01
4.5369000E+02 1.7598000E-01
4.5417001E+02 1.7417000E-01
4.5464999E+02 1.7249000E-01
4.5513000E+02 1.7098001E-01
4.5560999E+02 1.6940001E-01
4.5610001E+02 1.6784000E-01
4.5657999E+02 1.6654000E-01
4.5706000E+02 1.6558000E-01
4.5754001E+02 1.6464999E-01
4.5801999E+02 1.6353001E-01
4.5851001E+02 1.6255000E-01
4.5898999E+02 1.6185001E-01
4.5947000E+02 1.6135000E-01
4.5995001E+02 1.6084000E-01
4.6044000E+02 1.6027001E-01
4.6092001E+02 1.5987000E-01
4.6139999E+02 1.5939000E-01
4.6188000E+02 1.5881000E-01
4.6235999E+02 1.5845001E-01
4.6285001E+02 1.5825000E-01
4.6332999E+02 1.5800001E-01
4.6381000E+02 1.5778001E-01
4.6429001E+02 1.5765999E-01
4.6476999E+02 1.5730999E-01
4.6526001E+02 1.5676001E-01
4.6573999E+02 1.5670000E-01
4.6622000E+02 1.5697999E-01
4.6670001E+02 1.5694000E-01
4.6717999E+02 1.5681000E-01
4.6767001E+02 1.5673000E-01
4.6814999E+02 1.5689000E-01
4.6863000E+02 1.5710001E-01
4.6910999E+02 1.5690000E-01
4.6960001E+02 1.5707000E-01
4.7007999E+02 1.5746000E-01
4.7056000E+02 1.5744001E-01
4.7104001E+02 1.5764999E-01
4.7151999E+02 1.5834001E-01
4.7201001E+02 1.5911999E-01
4.7248999E+02 1.5943000E-01
4.7297000E+02 1.5945999E-01
4.7345001E+02 1.5979999E-01
4.7392999E+02 1.6039000E-01
4.7442001E+02 1.6091999E-01
4.7489999E+02 1.6114999E-01
4.7538000E+02 1.6122000E-01
4.7585999E+02 1.6125999E-01
4.7635001E+02 1.6087000E-01
4.7682999E+02 1.6026001E-01
4.7731000E+02 1.5971000E-01
4.7779001E+02 1.5889999E-01
4.7826999E+02 1.5808000E-01
4.7876001E+02 1.5730000E-01
4.7923999E+02 1.5606999E-01
4.7972000E+02 1.5457000E-01
4.8020001E+02 1.5320000E-01
4.8067999E+02 1.5123001E-01
4.8117001E+02 1.4851999E-01
4.8164999E+02 1.4590000E-01
4.8213000E+02 1.4359000E-01
4.8260999E+02 1.4112000E-01
4.8310001E+02 1.3813999E-01
4.8357999E+02 1.3531999E-01
4.8406000E+02 1.3252001E-01
4.8454001E+02 1.2898999E-01
4.8501999E+02 1.2565000E-01
4.8551001E+02 1.2303000E-01
4.8598999E+02 1.2056000E-01
4.8647000E+02 1.1790000E-01
4.8695001E+02 1.1532000E-01
4.8742999E+02 1.1305000E-01
4.8792001E+02 1.1077000E-01
4.8839999E+02 1.0871000E-01
4.8888000E+02 1.0713000E-01
4.8935999E+02 1.0563000E-01
4.8985001E+02 1.0426000E-01
4.9032999E+02 1.0324000E-01
4.9081000E+02 1.0239000E-01
4.9129001E+02 1.0191000E-01
4.9176999E+02 1.0196000E-01
4.9226001E+02 1.0191000E-01
4.9273999E+02 1.0199000E-01
4.9322000E+02 1.0284000E-01
4.9370001E+02 1.0410000E-01
4.9417999E+02 1.0549000E-01
4.9467001E+02 1.0737000E-01
4.9514999E+02 1.0983000E-01
4.9563000E+02 1.1281000E-01
4.9610999E+02 1.1617000E-01
4.9659000E+02 1.1996000E-01
4.9707999E+02 1.2468000E-01
4.9756000E+02 1.3019000E-01
4.9804001E+02 1.3596000E-01
4.9851999E+02 1.4241999E-01
4.9901001E+02 1.4986999E-01
4.9948999E+02 1.5798999E-01
4.9997000E+02 1.6655000E-01
5.0045001E+02 1.7576000E-01
5.0092999E+02 1.8566000E-01
5.0142001E+02 2.1407001E-01
5.0189999E+02 2.2421999E-01
5.0238000E+02 2.3520000E-01
5.0285999E+02 2.4674000E-01
5.0334000E+02 2.5725999E-01
5.0382999E+02 2.6765999E-01
5.0431000E+02 2.7862999E-01
5.0479001E+02 2.8816000E-01
5.0526999E+02 2.9644001E-01
5.0576001E+02 3.0335000E-01
5.0623999E+02 3.0798000E-01
5.0672000E+02 3.1071001E-01
5.0720001E+02 3.1070000E-01
5.0767999E+02 3.0996999E-01
5.0817001E+02 3.0992001E-01
5.0864999E+02 3.0976000E-01
5.0913000E+02 3.0992001E-01
5.0960999E+02 3.0994001E-01
5.1009000E+02 3.1009999E-01
5.1057999E+02 3.0945000E-01
5.1106000E+02 3.0820000E-01
5.1154001E+02 3.0774999E-01
5.1202002E+02 3.0695000E-01
5.1251001E+02 3.0612999E-01
5.1298999E+02 3.0513000E-01
5.1346997E+02 3.0419999E-01
5.1395001E+02 3.0371001E-01
5.1442999E+02 3.0249000E-01
5.1491998E+02 3.0140999E-01
5.1540002E+02 3.0041999E-01
5.1588000E+02 2.9954001E-01
5.1635999E+02 2.9892999E-01
5.1684003E+02 2.9791999E-01
5.1733002E+02 2.9723001E-01
5.1781000E+02 2.9655999E-01
5.1828998E+02 2.9538000E-01
5.1877002E+02 2.9431000E-01
5.1926001E+02 2.9374000E-01
5.1973999E+02 2.9284000E-01
5.2021997E+02 2.9150000E-01
5.2070001E+02 2.9058000E-01
5.2117999E+02 2.8990999E-01
5.2166998E+02 2.8948000E-01
5.2215002E+02 2.8898999E-01
5.2263000E+02 2.8781000E-01
5.2310999E+02 2.8630000E-01
5.2359003E+02 2.8520000E-01
5.2408002E+02 2.8446001E-01
5.2456000E+02 2.8338999E-01
5.2503998E+02 2.8264001E-01
5.2552002E+02 2.8211001E-01
5.2600000E+02 2.8093001E-01
5.2648999E+02 2.7950999E-01
5.2696997E+02 2.7812999E-01
5.2745001E+02 2.7711001E-01
5.2792999E+02 2.7586001E-01
5.2841998E+02 2.7392000E-01
5.2890002E+02 2.7210000E-01
5.2938000E+02 2.7045000E-01
5.2985999E+02 2.6831001E-01
5.3034003E+02 2.6585999E-01
5.3083002E+02 2.6378000E-01
5.3131000E+02 2.6161000E-01
5.3178998E+02 2.5898001E-01
5.3227002E+02 2.5615001E-01
5.3275000E+02 2.5363001E-01
5.3323999E+02 2.5178999E-01
5.3371997E+02 2.4976000E-01
5.3420001E+02 2.4718000E-01
5.3467999E+02 2.4469000E-01
5.3516998E+02 2.4234000E-01
5.3565002E+02 2.4000999E-01
5.3613000E+02 2.3747000E-01
5.3660999E+02 2.3450001E-01
5.3709003E+02 2.3220000E-01
5.3758002E+02 2.3052999E-01
5.3806000E+02 2.2824000E-01
5.3853998E+02 2.2569001E-01
5.3902002E+02 2.2323000E-01
5.3950000E+02 2.2109000E-01
5.3998999E+02 2.1913999E-01
5.4046997E+02 2.1668001E-01
5.4095001E+02 2.1438000E-01
5.4142999E+02 2.1266000E-01
5.4191998E+02 2.1053000E-01
5.4240002E+02 2.0818000E-01
5.4288000E+02 2.0643000E-01
5.4335999E+02 2.0468000E-01
5.4384003E+02 2.0236000E-01
5.4433002E+02 1.9992000E-01
5.4481000E+02 1.9831000E-01
5.4528998E+02 1.9722000E-01
5.4577002E+02 1.9559000E-01
5.4625000E+02 1.9340999E-01
5.4673999E+02 1.9153000E-01
5.4721997E+02 1.9023000E-01
5.4770001E+02 1.8866999E-01
5.4817999E+02 1.8690000E-01
5.4866998E+02 1.8515000E-01
5.4915002E+02 1.8365000E-01
5.4963000E+02 1.8263000E-01
5.5010999E+02 1.8085000E-01
5.5059003E+02 1.7849000E-01
5.5108002E+02 1.7685001E-01
5.5156000E+02 1.7567000E-01
5.5203998E+02 1.7396000E-01
5.5252002E+02 1.7195000E-01
5.5300000E+02 1.7050999E-01
5.5348999E+02 1.6934000E-01
5.5396997E+02 1.6791999E-01
5.5445001E+02 1.6641000E-01
5.5492999E+02 1.6512001E-01
5.5540997E+02 1.6383000E-01
5.5590002E+02 1.6237000E-01
5.5638000E+02 1.6106001E-01
5.5685999E+02 1.6041000E-01
5.5734003E+02 1.5984000E-01
5.5783002E+02 1.5843999E-01
5.5831000E+02 1.5750000E-01
5.5878998E+02 1.5719000E-01
5.5927002E+02 1.5617000E-01
5.5975000E+02 1.5521000E-01
5.6023999E+02 1.5459000E-01
5.6071997E+02 1.5358000E-01
5.6120001E+02 1.5237001E-01
5.6167999E+02 1.5132999E-01
5.6215997E+02 1.5045001E-01
5.6265002E+02 1.4948000E-01
5.6313000E+02 1.4839000E-01
5.6360999E+02 1.4725000E-01
5.6409003E+02 1.4591999E-01
5.6458002E+02 1.4419000E-01
5.6506000E+02 1.4241000E-01
5.6553998E+02 1.4122000E-01
5.6602002E+02 1.4043000E-01
5.6650000E+02 1.3947999E-01
5.6698999E+02 1.3820000E-01
5.6746997E+02 1.3646001E-01
5.6795001E+02 1.3478000E-01
5.6842999E+02 1.3378000E-01
5.6890997E+02 1.3290000E-01
5.6940002E+02 1.3180999E-01
5.6988000E+02 1.3049001E-01
5.7035999E+02 1.2906000E-01
5.7084003E+02 1.2823001E-01
5.7133002E+02 1.2705000E-01
5.7181000E+02 1.2527999E-01
5.7228998E+02 1.2394000E-01
5.7277002E+02 1.2278000E-01
5.7325000E+02 1.2184000E-01
5.7373999E+02 1.2079000E-01
5.7421997E+02 1.2019000E-01
5.7470001E+02 1.1984000E-01
5.7517999E+02 1.1856000E-01
5.7565997E+02 1.1743000E-01
5.7615002E+02 1.1661000E-01
5.7663000E+02 1.1629000E-01
5.7710999E+02 1.1586000E-01
5.7759003E+02 1.1459000E-01
5.7808002E+02 1.1363000E-01
5.7856000E+02 1.1266000E-01
5.7903998E+02 1.1197000E-01
5.7952002E+02 1.1120000E-01
5.8000000E+02 1.1017000E-01
5.8048999E+02 1.1013000E-01
5.8096997E+02 1.1006000E-01
5.8145001E+02 1.0921000E-01
5.8192999E+02 1.0811000E-01
5.8240997E+02 1.0711000E-01
5.8290002E+02 1.0662000E-01
5.8338000E+02 1.0605000E-01
5.8385999E+02 1.0551000E-01
5.8434003E+02 1.0550000E-01
5.8482001E+02 1.0462000E-01
5.8531000E+02 1.0346000E-01
5.8578998E+02 1.0314000E-01
5.8627002E+02 1.0256000E-01
5.8675000E+02 1.0193000E-01
5.8723999E+02 1.0151000E-01
5.8771997E+02 1.0152000E-01
5.8820001E+02 1.0156000E-01
5.8867999E+02 1.0097000E-01
5.8915997E+02 1.0035000E-01
5.8965002E+02 9.9641003E-02
5.9013000E+02 9.9105999E-02
5.9060999E+02 9.8700002E-02
5.9109003E+02 9.8465003E-02
5.9157001E+02 9.8362997E-02
5.9206000E+02 9.7441003E-02
5.9253998E+02 9.6802004E-02
5.9302002E+02 9.7439997E-02
5.9350000E+02 9.7580001E-02
5.9398999E+02 9.6474998E-02
5.9446997E+02 9.6504003E-02
5.9495001E+02 9.7043000E-02
5.9542999E+02 9.6313998E-02
5.9590997E+02 9.6674003E-02
5.9640002E+02 9.7739004E-02
5.9688000E+02 9.7891003E-02
5.9735999E+02 9.8212004E-02
5.9784003E+02 9.9041998E-02
5.9832001E+02 9.9535003E-02
5.9881000E+02 9.9138997E-02
5.9928998E+02 1.0030000E-01
5.9977002E+02 1.0307000E-01
6.0025000E+02 1.0380000E-01
6.0073999E+02 1.0345000E-01
6.0121997E+02 1.0460000E-01
6.0170001E+02 1.0718000E-01
6.0217999E+02 1.1002000E-01
6.0265997E+02 1.1339000E-01
6.0315002E+02 1.1829000E-01
6.0363000E+02 1.2150000E-01
6.0410999E+02 1.2210000E-01
6.0459003E+02 1.2466000E-01
6.0509003E+02 1.3341001E-01
6.0557001E+02 1.3854000E-01
6.0606000E+02 1.4308000E-01
6.0653998E+02 1.4860000E-01
6.0702002E+02 1.5299000E-01
6.0750000E+02 1.5697999E-01
6.0798999E+02 1.6164000E-01
6.0846997E+02 1.6584000E-01
6.0895001E+02 1.7130999E-01
6.0942999E+02 1.7655000E-01
6.0990997E+02 1.7956001E-01
6.1040002E+02 1.8262000E-01
6.1088000E+02 1.8483999E-01
6.1135999E+02 1.8649000E-01
6.1184003E+02 1.8968999E-01
6.1232001E+02 1.9187000E-01
6.1281000E+02 1.9295999E-01
6.1328998E+02 1.9433001E-01
6.1377002E+02 1.9504000E-01
6.1425000E+02 1.9633000E-01
6.1473999E+02 1.9758999E-01
6.1521997E+02 1.9724000E-01
6.1570001E+02 1.9671001E-01
6.1617999E+02 1.9643000E-01
6.1665997E+02 1.9615000E-01
6.1715002E+02 1.9597000E-01
6.1763000E+02 1.9574000E-01
6.1810999E+02 1.9549000E-01
6.1859003E+02 1.9453000E-01
6.1907001E+02 1.9327000E-01
6.1956000E+02 1.9244000E-01
6.2003998E+02 1.9087000E-01
6.2052002E+02 1.8971001E-01
6.2100000E+02 1.8923000E-01
6.2148999E+02 1.8745001E-01
6.2196997E+02 1.8613000E-01
6.2245001E+02 1.8539999E-01
6.2292999E+02 1.8378000E-01
6.2340997E+02 1.8260001E-01
6.2390002E+02 1.8149000E-01
6.2438000E+02 1.7985000E-01
6.2485999E+02 1.7842001E-01
6.2534003E+02 1.7665000E-01
6.2582001E+02 1.7521000E-01
6.2631000E+02 1.7505001E-01
6.2678998E+02 1.7402001E-01
6.2727002E+02 1.7213000E-01
6.2775000E+02 1.7081000E-01
6.2823999E+02 1.6903000E-01
6.2871997E+02 1.6771001E-01
6.2920001E+02 1.6678999E-01
6.2967999E+02 1.6573000E-01
6.3015997E+02 1.6466001E-01
6.3065002E+02 1.6267000E-01
6.3113000E+02 1.6146000E-01
6.3160999E+02 1.6063000E-01
6.3209003E+02 1.5881000E-01
6.3258002E+02 1.5738000E-01
6.3306000E+02 1.5635000E-01
6.3353998E+02 1.5553001E-01
6.3402002E+02 1.5460999E-01
6.3450000E+02 1.5254000E-01
6.3498999E+02 1.5071000E-01
6.3546997E+02 1.5023001E-01
6.3595001E+02 1.4888000E-01
6.3642999E+02 1.4762001E-01
6.3690997E+02 1.4714000E-01
6.3740002E+02 1.4579999E-01
6.3788000E+02 1.4461000E-01
6.3835999E+02 1.4323001E-01
6.3884003E+02 1.4215000E-01
6.3933002E+02 1.4157000E-01
6.3981000E+02 1.4023000E-01
6.4028998E+02 1.3923000E-01
6.4077002E+02 1.3827001E-01
6.4125000E+02 1.3703001E-01
6.4173999E+02 1.3598999E-01
6.4221997E+02 1.3481000E-01
6.4270001E+02 1.3413000E-01
6.4317999E+02 1.3361000E-01
6.4365997E+02 1.3236000E-01
6.4415002E+02 1.3131000E-01
6.4463000E+02 1.3067000E-01
6.4510999E+02 1.2978999E-01
6.4559003E+02 1.2917000E-01
6.4608002E+02 1.2848000E-01
6.4656000E+02 1.2783000E-01
6.4703998E+02 1.2807000E-01
6.4752002E+02 1.2733001E-01
6.4800000E+02 1.2575001E-01
6.4848999E+02 1.2542000E-01
6.4896997E+02 1.2483000E-01
6.4945001E+02 1.2423000E-01
6.4992999E+02 1.2397000E-01
6.5040997E+02 1.2302000E-01
6.5090002E+02 1.2274000E-01
6.5138000E+02 1.2245000E-01
6.5185999E+02 1.2173000E-01
6.5234003E+02 1.2144000E-01
6.5283002E+02 1.2066000E-01
6.5331000E+02 1.1981000E-01
6.5378998E+02 1.1931000E-01
6.5427002E+02 1.1899000E-01
6.5475000E+02 1.1879000E-01
6.5523999E+02 1.1822000E-01
6.5571997E+02 1.1782000E-01
6.5620001E+02 1.1765000E-01
6.5667999E+02 1.1687000E-01
6.5715997E+02 1.1663000E-01
6.5765002E+02 1.1659000E-01
6.5813000E+02 1.1518000E-01
6.5860999E+02 1.1476000E-01
6.5909003E+02 1.1521000E-01
6.5958002E+02 1.1410000E-01
6.6006000E+02 1.1349000E-01
6.6053998E+02 1.1391000E-01
6.6102002E+02 1.1377000E-01
6.6150000E+02 1.1337000E-01
6.6198999E+02 1.1308000E-01
6.6246997E+02 1.1344000E-01
6.6295001E+02 1.1296000E-01
6.6342999E+02 1.1094000E-01
6.6390997E+02 1.1128000E-01
6.6440002E+02 1.1273000E-01
6.6488000E+02 1.1128000E-01
6.6535999E+02 1.1026000E-01
6.6584003E+02 1.1134000E-01
6.6633002E+02 1.1063000E-01
6.6681000E+02 1.0824000E-01
6.6728998E+02 1.0912000E-01
6.6777002E+02 1.1188000E-01
6.6825000E+02 1.0976000E-01
6.6873999E+02 1.0719000E-01
6.6921997E+02 1.0970000E-01
6.6970001E+02 1.1013000E-01
6.7017999E+02 1.0685000E-01
6.7065997E+02 1.0577000E-01
6.7115002E+02 1.0698000E-01
6.7163000E+02 1.0894000E-01
6.7210999E+02 1.0982000E-01
6.7259003E+02 1.0752000E-01
6.7308002E+02 1.0567000E-01
6.7356000E+02 1.0703000E-01
6.7403998E+02 1.0833000E-01
6.7452002E+02 1.0743000E-01
6.7500000E+02 1.0554000E-01
6.7548999E+02 1.0470000E-01
6.7596997E+02 1.0481000E-01
6.7645001E+02 1.0479000E-01
6.7692999E+02 1.0519000E-01
6.7740997E+02 1.0479000E-01
6.7790002E+02 1.0361000E-01
6.7838000E+02 1.0375000E-01
6.7885999E+02 1.0424000E-01
6.7934003E+02 1.0411000E-01
6.7983002E+02 1.0394000E-01
6.8031000E+02 1.0377000E-01
6.8078998E+02 1.0325000E-01
6.8127002E+02 1.0254000E-01
6.8175000E+02 1.0272000E-01
6.8223999E+02 1.0265000E-01
6.8271997E+02 1.0168000E-01
6.8320001E+02 1.0158000E-01
6.8367999E+02 1.0098000E-01
6.8415997E+02 1.0003000E-01
6.8465002E+02 1.0101000E-01
6.8513000E+02 1.0066000E-01
6.8560999E+02 9.9399999E-02
6.8609003E+02 1.0055000E-01
6.8658002E+02 1.0022000E-01
6.8706000E+02 9.9166997E-02
6.8753998E+02 1.0039000E-01
6.8802002E+02 1.0002000E-01
6.8850000E+02 9.9073000E-02
6.8898999E+02 9.9260002E-02
6.8946997E+02 9.8113000E-02
6.8995001E+02 9.7626999E-02
6.9042999E+02 9.7746998E-02
6.9090997E+02 9.6380003E-02
6.9140002E+02 9.6247002E-02
6.9188000E+02 9.6487001E-02
6.9235999E+02 9.5647000E-02
6.9284003E+02 9.6467003E-02
6.9333002E+02 9.6626997E-02
6.9381000E+02 9.5532998E-02
6.9428998E+02 9.5619999E-02
6.9477002E+02 9.4700001E-02
6.9525000E+02 9.4673000E-02
6.9573999E+02 9.5766999E-02
6.9621997E+02 9.4907001E-02
6.9670001E+02 9.5092997E-02
6.9717999E+02 9.5152996E-02
6.9765997E+02 9.3933001E-02
6.9815002E+02 9.4232999E-02
6.9863000E+02 9.3493000E-02
6.9910999E+02 9.2900001E-02
6.9959003E+02 9.3753003E-02
7.0008002E+02 9.2780001E-02
7.0056000E+02 9.2000000E-02
7.0103998E+02 9.1807000E-02
7.0152002E+02 9.1219999E-02
7.0200000E+02 9.1426998E-02
7.0248999E+02 9.0553001E-02
7.0296997E+02 9.0012997E-02
7.0345001E+02 8.9819998E-02
7.0392999E+02 8.8992998E-02
7.0440997E+02 8.9547001E-02
7.0490002E+02 8.8652998E-02
7.0538000E+02 8.7733001E-02
7.0585999E+02 8.8260002E-02
7.0634003E+02 8.7733001E-02
7.0683002E+02 8.7312996E-02
7.0731000E+02 8.6659998E-02
7.0778998E+02 8.6313002E-02
7.0827002E+02 8.6033002E-02
7.0875000E+02 8.5419998E-02
7.0923999E+02 8.4987000E-02
7.0971997E+02 8.4399998E-02
7.1020001E+02 8.4399998E-02
7.1067999E+02 8.3893001E-02
7.1115997E+02 8.3360001E-02
7.1165002E+02 8.3012998E-02
7.1213000E+02 8.2620002E-02
7.1260999E+02 8.2560003E-02
7.1309003E+02 8.2307003E-02
7.1358002E+02 8.2186997E-02
7.1406000E+02 8.1853002E-02
7.1453998E+02 8.1880003E-02
7.1502002E+02 8.1799999E-02
7.1550000E+02 8.1160001E-02
7.1598999E+02 8.1046999E-02
7.1646997E+02 8.0712996E-02
7.1695001E+02 8.0187000E-02
7.1742999E+02 8.0067001E-02
7.1790997E+02 7.9533003E-02
7.1840002E+02 7.8919999E-02
7.1888000E+02 7.8873001E-02
7.1935999E+02 7.8440003E-02
7.1984003E+02 7.8013003E-02
7.2033002E+02 7.8066997E-02
7.2081000E+02 7.7699997E-02
7.2128998E+02 7.7220000E-02
7.2177002E+02 7.6972999E-02
7.2225000E+02 7.6793000E-02
7.2273999E+02 7.6706998E-02
7.2321997E+02 7.6352999E-02
7.2370001E+02 7.6072998E-02
7.2417999E+02 7.6067001E-02
7.2465997E+02 7.5792998E-02
7.2515002E+02 7.5572997E-02
7.2563000E+02 7.5159997E-02
7.2610999E+02 7.4506998E-02
7.2659003E+02 7.4353002E-02
7.2708002E+02 7.4033000E-02
7.2756000E+02 7.3507003E-02
7.2803998E+02 7.3459998E-02
7.2852002E+02 7.3380001E-02
7.2900000E+02 7.3213004E-02
7.2948999E+02 7.3067002E-02
7.2996997E+02 7.2453000E-02
7.3045001E+02 7.2373003E-02
7.3092999E+02 7.2740003E-02
7.3140997E+02 7.2267003E-02
7.3190002E+02 7.1759999E-02
7.3238000E+02 7.1493000E-02
7.3285999E+02 7.1280003E-02
7.3334003E+02 7.1292996E-02
7.3383002E+02 7.0952997E-02
7.3431000E+02 7.0566997E-02
7.3478998E+02 7.0533000E-02
7.3527002E+02 7.0320003E-02
7.3575000E+02 6.9959998E-02
7.3623999E+02 6.9760002E-02
7.3671997E+02 6.9673002E-02
7.3720001E+02 6.9453001E-02
7.3767999E+02 6.8960004E-02
7.3815997E+02 6.8640001E-02
7.3865002E+02 6.8493001E-02
7.3913000E+02 6.8340003E-02
7.3960999E+02 6.8180002E-02
7.4009003E+02 6.7713000E-02
7.4058002E+02 6.7500003E-02
7.4106000E+02 6.7767002E-02
7.4153998E+02 6.7319997E-02
7.4202002E+02 6.6471003E-02
7.4250000E+02 6.6293001E-02
7.4298999E+02 6.6371001E-02
7.4346997E+02 6.6524997E-02
7.4395001E+02 6.6400997E-02
7.4442999E+02 6.5687999E-02
7.4490997E+02 6.5696999E-02
7.4540002E+02 6.5925002E-02
7.4588000E+02 6.5560997E-02
7.4635999E+02 6.5734997E-02
7.4684003E+02 6.5713003E-02
7.4733002E+02 6.5113001E-02
7.4781000E+02 6.4870998E-02
7.4828998E+02 6.4709000E-02
7.4877002E+02 6.4489000E-02
7.4925000E+02 6.4242996E-02
7.4973999E+02 6.4108998E-02
7.5021997E+02 6.3947000E-02
7.5070001E+02 6.3615002E-02
7.5117999E+02 6.3855998E-02
7.5165997E+02 6.3867003E-02
7.5215002E+02 6.3167997E-02
7.5263000E+02 6.3170001E-02
7.5310999E+02 6.3272998E-02
7.5359003E+02 6.3138999E-02
7.5408002E+02 6.3598000E-02
7.5456000E+02 6.3405998E-02
7.5503998E+02 6.2910996E-02
7.5552002E+02 6.3334003E-02
7.5600000E+02 6.3147001E-02
7.5648999E+02 6.2407002E-02
7.5696997E+02 6.2453002E-02
7.5745001E+02 6.2602997E-02
7.5792999E+02 6.2629998E-02
7.5840997E+02 6.2648997E-02
7.5890002E+02 6.2311001E-02
7.5938000E+02 6.2095001E-02
7.5985999E+02 6.2217001E-02
7.6034003E+02 6.2075000E-02
7.6083002E+02 6.1538000E-02
7.6131000E+02 6.1643001E-02
7.6178998E+02 6.2236998E-02
7.6227002E+02 6.1925001E-02
7.6275000E+02 6.1457999E-02
7.6323999E+02 6.1381999E-02
7.6371997E+02 6.0952999E-02
7.6420001E+02 6.1140999E-02
7.6467999E+02 6.1565001E-02
7.6516998E+02 6.0862999E-02
7.6565002E+02 6.0702000E-02
7.6613000E+02 6.1048999E-02
7.6660999E+02 6.0501002E-02
7.6709003E+02 6.0412001E-02
7.6758002E+02 6.0695000E-02
7.6806000E+02 6.0497001E-02
7.6853998E+02 6.0536999E-02
7.6902002E+02 6.0447998E-02
7.6950000E+02 6.0102999E-02
7.6998999E+02 6.0105000E-02
7.7046997E+02 6.0013000E-02
7.7095001E+02 5.9574999E-02
7.7142999E+02 5.9299000E-02
7.7191998E+02 5.9363998E-02
7.7240002E+02 5.9227999E-02
7.7288000E+02 5.9039999E-02
7.7335999E+02 5.9262000E-02
7.7384003E+02 5.9147999E-02
7.7433002E+02 5.8761001E-02
7.7481000E+02 5.8814999E-02
7.7528998E+02 5.8674999E-02
7.7577002E+02 5.8421001E-02
7.7625000E+02 5.8600999E-02
7.7673999E+02 5.8196999E-02
7.7721997E+02 5.7712998E-02
7.7770001E+02 5.8123000E-02
7.7817999E+02 5.8086999E-02
7.7866998E+02 5.7827000E-02
7.7915002E+02 5.7909001E-02
7.7963000E+02 5.7484999E-02
7.8010999E+02 5.7147998E-02
7.8059003E+02 5.7287000E-02
7.8108002E+02 5.7386000E-02
7.8156000E+02 5.7471000E-02
7.8203998E+02 5.7452001E-02
7.8252002E+02 5.7386000E-02
7.8300000E+02 5.7170998E-02
7.8348999E+02 5.6666002E-02
7.8396997E+02 5.6632999E-02
7.8445001E+02 5.6747001E-02
7.8492999E+02 5.6520998E-02
7.8541998E+02 5.6605000E-02
7.8590002E+02 5.6600001E-02
7.8638000E+02 5.6460999E-02
7.8685999E+02 5.6579001E-02
7.8734003E+02 5.6371000E-02
7.8783002E+02 5.5987000E-02
7.8831000E+02 5.5695999E-02
7.8878998E+02 5.5481002E-02
7.8927002E+02 5.5982001E-02
7.8975000E+02 5.6343000E-02
7.9023999E+02 5.5911999E-02
7.9071997E+02 5.5925999E-02
7.9120001E+02 5.5845000E-02
7.9167999E+02 5.5263001E-02
7.9216998E+02 5.4921001E-02
7.9265002E+02 5.4710001E-02
7.9313000E+02 5.4883000E-02
7.9360999E+02 5.5241000E-02
7.9409003E+02 5.5323001E-02
7.9458002E+02 5.5117000E-02
7.9506000E+02 5.4871999E-02
7.9553998E+02 5.4738998E-02
7.9602002E+02 5.4368999E-02
7.9650000E+02 5.4118998E-02
7.9698999E+02 5.4141998E-02
7.9746997E+02 5.3638000E-02
7.9795001E+02 5.3095002E-02
7.9842999E+02 5.3415000E-02
7.9891998E+02 5.3715002E-02
7.9940002E+02 5.3854000E-02
7.9988000E+02 5.4019000E-02
8.0035999E+02 5.3412002E-02
8.0084003E+02 5.3027000E-02
8.0133002E+02 5.3335000E-02
8.0181000E+02 5.3073000E-02
8.0228998E+02 5.2645002E-02
8.0277002E+02 5.2485999E-02
8.0325000E+02 5.2140001E-02
8.0373999E+02 5.2164000E-02
8.0421997E+02 5.2382998E-02
8.0470001E+02 5.2281000E-02
8.0517999E+02 5.2184999E-02
8.0566998E+02 5.1785000E-02
8.0615002E+02 5.1344998E-02
8.0663000E+02 5.1614001E-02
8.0710999E+02 5.2182000E-02
8.0759003E+02 5.2136999E-02
8.0808002E+02 5.1575001E-02
8.0856000E+02 5.1599000E-02
8.0903998E+02 5.1725000E-02
8.0952002E+02 5.1187001E-02
8.1000000E+02 5.0960999E-02
8.1048999E+02 5.0880000E-02
8.1096997E+02 5.0657000E-02
8.1145001E+02 5.0907001E-02
8.1192999E+02 5.0822999E-02
8.1241998E+02 5.0581001E-02
8.1290002E+02 5.0951999E-02
8.1338000E+02 5.0827000E-02
8.1385999E+02 5.0400998E-02
8.1434003E+02 5.0616998E-02
8.1483002E+02 5.0585002E-02
8.1531000E+02 5.0496001E-02
8.1578998E+02 5.0985001E-02
8.1627002E+02 5.0825000E-02
8.1675000E+02 5.0363000E-02
8.1723999E+02 5.0623000E-02
8.1771997E+02 5.0632998E-02
8.1820001E+02 5.0319001E-02
8.1867999E+02 5.0427999E-02
8.1916998E+02 5.0517000E-02
8.1965002E+02 5.0349999E-02
8.2013000E+02 5.0572000E-02
8.2060999E+02 5.0868999E-02
8.2109003E+02 5.0669000E-02
8.2158002E+02 5.0788000E-02
8.2206000E+02 5.1335000E-02
8.2253998E+02 5.1607002E-02
8.2302002E+02 5.2007001E-02
8.2350000E+02 5.2513000E-02
8.2398999E+02 5.2637000E-02
8.2446997E+02 5.3240001E-02
8.2495001E+02 5.3923000E-02
8.2542999E+02 5.3872999E-02
8.2591998E+02 5.4614998E-02
8.2640002E+02 5.5787001E-02
8.2688000E+02 5.6221001E-02
8.2735999E+02 5.7043001E-02
8.2784003E+02 5.8053002E-02
8.2833002E+02 5.8699001E-02
8.2881000E+02 6.0047001E-02
8.2928998E+02 6.1907001E-02
8.2977002E+02 6.3406996E-02
8.3025000E+02 6.4769000E-02
8.3073999E+02 6.6427000E-02
8.3121997E+02 6.8347000E-02
8.3170001E+02 7.0459999E-02
8.3217999E+02 7.3200002E-02
8.3266998E+02 7.5852998E-02
8.3315002E+02 7.8487001E-02
8.3363000E+02 8.2186997E-02
8.3410999E+02 8.5707001E-02
8.3459003E+02 8.9560002E-02
8.3508002E+02 9.4486997E-02
8.3556000E+02 9.8807000E-02
8.3603998E+02 1.0329000E-01
8.3652002E+02 1.0871000E-01
8.3700000E+02 1.1369000E-01
8.3748999E+02 1.1853000E-01
8.3796997E+02 1.2401000E-01
8.3845001E+02 1.2895000E-01
8.3892999E+02 1.3312000E-01
8.3941998E+02 1.3748001E-01
8.3990002E+02 1.4103000E-01
8.4038000E+02 1.4317000E-01
8.4085999E+02 1.4511999E-01
8.4134003E+02 1.4666000E-01
8.4183002E+02 1.4681000E-01
8.4231000E+02 1.4618000E-01
8.4278998E+02 1.4485000E-01
8.4327002E+02 1.4246000E-01
8.4375000E+02 1.3974001E-01
8.4423999E+02 1.3647000E-01
8.4471997E+02 1.3226999E-01
8.4520001E+02 1.2863000E-01
8.4567999E+02 1.2501000E-01
8.4616998E+02 1.2013000E-01
8.4665002E+02 1.1607000E-01
8.4713000E+02 1.1249000E-01
8.4760999E+02 1.0809000E-01
8.4809003E+02 1.0450000E-01
8.4858002E+02 1.0139000E-01
8.4906000E+02 9.8059997E-02
8.4953998E+02 9.5347002E-02
8.5002002E+02 9.2827000E-02
8.5050000E+02 9.0180002E-02
8.5098999E+02 8.8187002E-02
8.5146997E+02 8.6659998E-02
8.5195001E+02 8.5100003E-02
8.5242999E+02 8.4080003E-02
8.5291998E+02 8.3480000E-02
8.5340002E+02 8.2626998E-02
8.5388000E+02 8.1979997E-02
8.5435999E+02 8.2073003E-02
8.5484003E+02 8.2207002E-02
8.5533002E+02 8.2313001E-02
8.5581000E+02 8.2787000E-02
8.5628998E+02 8.3053000E-02
8.5677002E+02 8.3826996E-02
8.5725000E+02 8.5467003E-02
8.5773999E+02 8.6707003E-02
8.5821997E+02 8.8179998E-02
8.5870001E+02 9.0373002E-02
8.5917999E+02 9.2179999E-02
8.5966998E+02 9.4227001E-02
8.6015002E+02 9.7199999E-02
8.6063000E+02 1.0003000E-01
8.6110999E+02 1.0303000E-01
8.6159003E+02 1.0681000E-01
8.6208002E+02 1.1073000E-01
8.6256000E+02 1.1511000E-01
8.6303998E+02 1.1991000E-01
8.6352002E+02 1.2473000E-01
8.6400000E+02 1.3036001E-01
8.6448999E+02 1.3707000E-01
8.6496997E+02 1.4403000E-01
8.6545001E+02 1.5126000E-01
8.6592999E+02 1.5952000E-01
8.6641998E+02 1.6857000E-01
8.6690002E+02 1.7802000E-01
8.6738000E+02 1.8827000E-01
8.6785999E+02 1.9932000E-01
8.6834003E+02 2.1042000E-01
8.6883002E+02 2.2209001E-01
8.6931000E+02 2.3423000E-01
8.6978998E+02 2.4600001E-01
8.7027002E+02 2.5856999E-01
8.7075000E+02 2.7125999E-01
8.7123999E+02 2.8314999E-01
8.7171997E+02 2.9508001E-01
8.7220001E+02 3.0669999E-01
8.7267999E+02 3.1839001E-01
8.7316998E+02 3.3043000E-01
8.7365002E+02 2.9337001E-01
8.7413000E+02 3.0373999E-01
8.7460999E+02 3.1437999E-01
8.7509003E+02 3.2521001E-01
8.7558002E+02 3.3607000E-01
8.7606000E+02 3.4652999E-01
8.7653998E+02 3.5696000E-01
8.7702002E+02 3.6770999E-01
8.7750000E+02 3.7781000E-01
8.7798999E+02 3.8648999E-01
8.7846997E+02 3.9464000E-01
8.7895001E+02 4.0263000E-01
8.7942999E+02 4.1025999E-01
8.7991998E+02 4.1802999E-01
8.8040002E+02 4.2528999E-01
8.8088000E+02 4.3169999E-01
8.8135999E+02 4.3819001E-01
8.8184003E+02 4.4422001E-01
8.8233002E+02 4.4911999E-01
8.8281000E+02 4.5414999E-01
8.8328998E+02 4.5943999E-01
8.8377002E+02 4.6340001E-01
8.8426001E+02 4.6588999E-01
8.8473999E+02 4.6877000E-01
8.8521997E+02 4.7270000E-01
8.8570001E+02 4.7560000E-01
8.8617999E+02 4.7744000E-01
8.8666998E+02 4.7918999E-01
8.8715002E+02 4.8074999E-01
8.8763000E+02 4.8190001E-01
8.8810999E+02 4.8210999E-01
8.8859003E+02 4.8304999E-01
8.8908002E+02 4.8449001E-01
8.8956000E+02 4.8421001E-01
8.9003998E+02 4.8366001E-01
8.9052002E+02 4.8383999E-01
8.9101001E+02 4.8352000E-01
8.9148999E+02 4.8263001E-01
8.9196997E+02 4.8152000E-01
8.9245001E+02 4.8003000E-01
8.9292999E+02 4.7878000E-01
8.9341998E+02 4.7738001E-01
8.9390002E+02 4.7488999E-01
8.9438000E+02 4.7240999E-01
8.9485999E+02 4.7047001E-01
8.9534003E+02 4.6884999E-01
8.9583002E+02 4.6735999E-01
8.9631000E+02 4.6500000E-01
8.9678998E+02 4.6226999E-01
8.9727002E+02 4.6026000E-01
8.9776001E+02 4.5831999E-01
8.9823999E+02 4.5594999E-01
8.9871997E+02 4.5342001E-01
8.9920001E+02 4.5052001E-01
8.9967999E+02 4.4764000E-01
9.0016998E+02 4.4547999E-01
9.0065002E+02 4.4323000E-01
9.0113000E+02 4.4045001E-01
9.0160999E+02 4.3832001E-01
9.0209003E+02 4.3682000E-01
9.0258002E+02 4.3449000E-01
9.0306000E+02 4.3197000E-01
9.0353998E+02 4.2995000E-01
9.0402002E+02 4.2732000E-01
9.0451001E+02 4.2433000E-01
9.0498999E+02 4.2186001E-01
9.0546997E+02 4.1999000E-01
9.0595001E+02 4.1756001E-01
9.0642999E+02 4.1501001E-01
9.0691998E+02 4.1292000E-01
9.0740002E+02 4.0996999E-01
9.0788000E+02 4.0766999E-01
9.0835999E+02 4.0652999E-01
9.0884003E+02 4.0470001E-01
9.0933002E+02 4.0233999E-01
9.0981000E+02 4.0031999E-01
9.1028998E+02 3.9815000E-01
9.1077002E+02 3.9592999E-01
9.1126001E+02 3.9482000E-01
9.1173999E+02 3.9329001E-01
9.1221997E+02 3.9060000E-01
9.1270001E+02 3.8852000E-01
9.1317999E+02 3.8670000E-01
9.1366998E+02 3.8493001E-01
9.1415002E+02 3.8363001E-01
9.1463000E+02 3.8200000E-01
9.1510999E+02 3.7988001E-01
9.1559003E+02 3.7814000E-01
9.1608002E+02 3.7628999E-01
9.1656000E+02 3.7388000E-01
9.1703998E+02 3.7222001E-01
9.1752002E+02 3.7136999E-01
9.1801001E+02 3.7022001E-01
9.1848999E+02 3.6895001E-01
9.1896997E+02 3.6736000E-01
9.1945001E+02 3.6541000E-01
9.1992999E+02 3.6430001E-01
9.2041998E+02 3.6338001E-01
9.2090002E+02 3.6184999E-01
9.2138000E+02 3.6047000E-01
9.2185999E+02 3.5905001E-01
9.2234003E+02 3.5716000E-01
9.2283002E+02 3.5574001E-01
9.2331000E+02 3.5508001E-01
9.2378998E+02 3.5389999E-01
9.2427002E+02 3.5240000E-01
9.2476001E+02 3.5139999E-01
9.2523999E+02 3.5067001E-01
9.2571997E+02 3.4986001E-01
9.2620001E+02 3.4836000E-01
9.2667999E+02 3.4659001E-01
9.2716998E+02 3.4584999E-01
9.2765002E+02 3.4553000E-01
9.2813000E+02 3.4441999E-01
9.2860999E+02 3.4332001E-01
9.2909003E+02 3.4242001E-01
9.2958002E+02 3.4105000E-01
9.3006000E+02 3.3989999E-01
9.3053998E+02 3.3899000E-01
9.3102002E+02 3.3766001E-01
9.3151001E+02 3.3673999E-01
9.3198999E+02 3.3658001E-01
9.3246997E+02 3.3585000E-01
9.3295001E+02 3.3430001E-01
9.3342999E+02 3.3289000E-01
9.3391998E+02 3.3171001E-01
9.3440002E+02 3.3065999E-01
9.3488000E+02 3.2993001E-01
9.3535999E+02 3.2896999E-01
9.3584003E+02 3.2804000E-01
9.3633002E+02 3.2723001E-01
9.3681000E+02 3.2591999E-01
9.3728998E+02 3.2525000E-01
9.3777002E+02 3.2493001E-01
9.3826001E+02 3.2315001E-01
9.3873999E+02 3.2150999E-01
9.3921997E+02 3.2139999E-01
9.3970001E+02 3.2102999E-01
9.4017999E+02 3.1992000E-01
9.4066998E+02 3.1900001E-01
9.4115002E+02 3.1814000E-01
9.4163000E+02 3.1711000E-01
9.4210999E+02 3.1615001E-01
9.4259003E+02 3.1523001E-01
9.4308002E+02 3.1397000E-01
9.4356000E+02 3.1285000E-01
9.4403998E+02 3.1189999E-01
9.4452002E+02 3.1026000E-01
9.4501001E+02 3.0910000E-01
9.4548999E+02 3.0862999E-01
9.4596997E+02 3.0774999E-01
9.4645001E+02 3.0706999E-01
9.4692999E+02 3.0666000E-01
9.4741998E+02 3.0500001E-01
9.4790002E+02 3.0298999E-01
9.4838000E+02 3.0261999E-01
9.4885999E+02 3.0214000E-01
9.4934003E+02 3.0127001E-01
9.4983002E+02 3.0078000E-01
9.5031000E+02 2.9945001E-01
9.5078998E+02 2.9821000E-01
9.5127002E+02 2.9775000E-01
9.5176001E+02 2.9696000E-01
9.5223999E+02 2.9609999E-01
9.5271997E+02 2.9578000E-01
9.5320001E+02 2.9521999E-01
9.5367999E+02 2.9486001E-01
9.5416998E+02 2.9516000E-01
9.5465002E+02 2.9521000E-01
9.5513000E+02 2.9567000E-01
9.5560999E+02 2.9649001E-01
9.5609003E+02 2.9679000E-01
9.5658002E+02 2.9740000E-01
9.5706000E+02 2.9870999E-01
9.5753998E+02 3.0026999E-01
9.5802002E+02 3.0184999E-01
9.5851001E+02 3.0434000E-01
9.5898999E+02 3.0717999E-01
9.5946997E+02 3.0814999E-01
9.5995001E+02 3.0836001E-01
9.6042999E+02 3.0873001E-01
9.6091998E+02 3.0801001E-01
9.6140002E+02 3.0658001E-01
9.6188000E+02 3.0416000E-01
9.6235999E+02 2.9973000E-01
9.6284003E+02 2.9383999E-01
9.6333002E+02 2.8755999E-01
9.6381000E+02 2.8121001E-01
9.6428998E+02 2.7485001E-01
9.6477002E+02 2.6914999E-01
9.6526001E+02 2.6440001E-01
9.6573999E+02 2.6025000E-01
9.6621997E+02 2.5667000E-01
9.6670001E+02 2.5351000E-01
9.6717999E+02 2.5073001E-01
9.6766998E+02 2.4832000E-01
9.6815002E+02 2.4593000E-01
9.6863000E+02 2.4448000E-01
9.6910999E+02 2.4410000E-01
9.6959003E+02 2.4268000E-01
9.7008002E+02 2.4055000E-01
9.7056000E+02 2.3977999E-01
9.7103998E+02 2.3936000E-01
9.7152002E+02 2.3862000E-01
9.7201001E+02 2.3860000E-01
9.7248999E+02 2.3898999E-01
9.7296997E+02 2.3937000E-01
9.7345001E+02 2.3988999E-01
9.7392999E+02 2.4086000E-01
9.7441998E+02 2.4205001E-01
9.7490002E+02 2.4345000E-01
9.7538000E+02 2.4499001E-01
9.7585999E+02 2.4656001E-01
9.7634003E+02 2.4953000E-01
9.7683002E+02 2.5260001E-01
9.7731000E+02 2.5490001E-01
9.7778998E+02 2.5852001E-01
9.7827002E+02 2.6326001E-01
9.7876001E+02 2.6771000E-01
9.7923999E+02 2.7228999E-01
9.7971997E+02 2.7772999E-01
9.8020001E+02 2.8321999E-01
9.8067999E+02 2.8907001E-01
9.8116998E+02 2.9558000E-01
9.8165002E+02 3.0190000E-01
9.8213000E+02 3.0893001E-01
9.8260999E+02 3.1663001E-01
9.8309003E+02 3.2459000E-01
9.8358002E+02 3.3254999E-01
9.8406000E+02 3.3917999E-01
9.8453998E+02 3.4488001E-01
9.8502002E+02 3.4937000E-01
9.8551001E+02 3.5196000E-01
9.8598999E+02 3.5337001E-01
9.8646997E+02 3.5334000E-01
9.8695001E+02 3.5203999E-01
9.8742999E+02 3.5036001E-01
9.8791998E+02 3.4863999E-01
9.8840002E+02 3.4700000E-01
9.8888000E+02 3.4483999E-01
9.8935999E+02 3.4274000E-01
9.8984003E+02 3.4195000E-01
9.9033002E+02 3.4116000E-01
9.9081000E+02 3.3998999E-01
9.9128998E+02 3.3981001E-01
9.9177002E+02 3.3976999E-01
9.9226001E+02 3.4038001E-01
9.9273999E+02 3.4215999E-01
9.9321997E+02 3.4301001E-01
9.9370001E+02 3.4388000E-01
9.9417999E+02 3.4544000E-01
9.9466998E+02 3.4715000E-01
9.9515002E+02 3.4902999E-01
9.9563000E+02 3.5056001E-01
9.9610999E+02 3.5214999E-01
9.9659003E+02 3.5361999E-01
9.9708002E+02 3.5521999E-01
9.9756000E+02 3.5670000E-01
9.9803998E+02 3.5771000E-01
9.9852002E+02 3.5899001E-01
9.9901001E+02 3.5971001E-01
9.9948999E+02 3.6026001E-01
9.9996997E+02 3.6109999E-01
1.0005000E+03 3.6173001E-01
1.0009000E+03 3.6237001E-01
1.0014000E+03 3.6319000E-01
1.0019000E+03 3.6368001E-01
1.0024000E+03 3.6313999E-01
1.0029000E+03 3.6366001E-01
1.0033000E+03 3.6530000E-01
1.0038000E+03 3.6513999E-01
1.0043000E+03 3.6362001E-01
1.0048000E+03 3.6273000E-01
1.0053000E+03 3.6274999E-01
1.0058000E+03 3.6249000E-01
1.0062000E+03 3.6223000E-01
1.0067000E+03 3.6241999E-01
1.0072000E+03 3.6170000E-01
1.0077000E+03 3.6037999E-01
1.0082000E+03 3.5894999E-01
1.0086000E+03 3.5738000E-01
1.0091000E+03 3.5589001E-01
1.0096000E+03 3.5523000E-01
1.0101000E+03 3.5529000E-01
1.0106000E+03 3.5393000E-01
1.0111000E+03 3.5220999E-01
1.0115000E+03 3.5148999E-01
1.0120000E+03 3.5058999E-01
1.0125000E+03 3.4900001E-01
1.0130000E+03 3.4766999E-01
1.0135000E+03 3.4647000E-01
1.0140000E+03 3.4514001E-01
1.0144000E+03 3.4421000E-01
1.0149000E+03 3.4193000E-01
1.0154000E+03 3.3873001E-01
1.0159000E+03 3.3715001E-01
1.0164000E+03 3.3649001E-01
1.0168000E+03 3.3496001E-01
1.0173000E+03 3.3263999E-01
1.0178000E+03 3.3092999E-01
1.0183000E+03 3.2993001E-01
1.0188000E+03 3.2879001E-01
1.0193000E+03 3.2730001E-01
1.0197000E+03 3.2549000E-01
1.0202000E+03 3.2286000E-01
1.0207000E+03 3.2025999E-01
1.0212000E+03 3.1874999E-01
1.0217000E+03 3.1755000E-01
1.0221000E+03 3.1589001E-01
1.0226000E+03 3.1338000E-01
1.0231000E+03 3.1141001E-01
1.0236000E+03 3.1081000E-01
1.0241000E+03 3.0967000E-01
1.0246000E+03 3.0779001E-01
1.0250000E+03 3.0581000E-01
1.0255000E+03 3.0382001E-01
1.0260000E+03 3.0252999E-01
1.0265000E+03 3.0063999E-01
1.0270000E+03 2.9804000E-01
1.0275000E+03 2.9611999E-01
1.0279000E+03 2.9416001E-01
1.0284000E+03 2.9258001E-01
1.0289000E+03 2.9076999E-01
1.0294000E+03 2.8852999E-01
1.0299000E+03 2.8762999E-01
1.0303000E+03 2.8696999E-01
1.0308000E+03 2.8510001E-01
1.0313000E+03 2.8308001E-01
1.0318000E+03 2.8224999E-01
1.0323000E+03 2.8077000E-01
1.0328000E+03 2.7790001E-01
1.0332000E+03 2.7612001E-01
1.0337000E+03 2.7430001E-01
1.0342000E+03 2.7188000E-01
1.0347000E+03 2.7070999E-01
1.0352000E+03 2.6912001E-01
1.0356000E+03 2.6699001E-01
1.0361000E+03 2.6567999E-01
1.0366000E+03 2.6418999E-01
1.0371000E+03 2.6251999E-01
1.0376000E+03 2.6091999E-01
1.0381000E+03 2.5931999E-01
1.0385000E+03 2.7298999E-01
1.0390000E+03 2.7155000E-01
1.0395000E+03 2.6991001E-01
1.0400000E+03 2.6815000E-01
1.0405000E+03 2.6655000E-01
1.0410000E+03 2.6473999E-01
1.0414000E+03 2.6299000E-01
1.0419000E+03 2.6159000E-01
1.0424000E+03 2.6017001E-01
1.0429000E+03 2.5859001E-01
1.0434000E+03 2.5677001E-01
1.0438000E+03 2.5483000E-01
1.0443000E+03 2.5356001E-01
1.0448000E+03 2.5264001E-01
1.0453000E+03 2.5103000E-01
1.0458000E+03 2.4929000E-01
1.0463000E+03 2.4779999E-01
1.0467000E+03 2.4625000E-01
1.0472000E+03 2.4495000E-01
1.0477000E+03 2.4358000E-01
1.0482000E+03 2.4168999E-01
1.0487000E+03 2.3996000E-01
1.0491000E+03 2.3827000E-01
1.0496000E+03 2.3672999E-01
1.0501000E+03 2.3564000E-01
1.0506000E+03 2.3428001E-01
1.0511000E+03 2.3285000E-01
1.0516000E+03 2.3115000E-01
1.0520000E+03 2.2939000E-01
1.0525000E+03 2.2809000E-01
1.0530000E+03 2.2668000E-01
1.0535000E+03 2.2538000E-01
1.0540000E+03 2.2406000E-01
1.0545000E+03 2.2262999E-01
1.0549000E+03 2.2147000E-01
1.0554000E+03 2.2014999E-01
1.0559000E+03 2.1855000E-01
1.0564000E+03 2.1735001E-01
1.0569000E+03 2.1653000E-01
1.0573000E+03 2.1540999E-01
1.0578000E+03 2.1407001E-01
1.0583000E+03 2.1290000E-01
1.0588000E+03 2.1205001E-01
1.0593000E+03 2.1097000E-01
1.0598000E+03 2.0956001E-01
1.0602000E+03 2.0830999E-01
1.0607000E+03 2.0701000E-01
1.0612000E+03 2.0610000E-01
1.0617000E+03 2.0548999E-01
1.0622000E+03 2.0409000E-01
1.0626000E+03 2.0265000E-01
1.0631000E+03 2.0181000E-01
1.0636000E+03 2.0101000E-01
1.0641000E+03 2.0021001E-01
1.0646000E+03 1.9934000E-01
1.0651000E+03 1.9832000E-01
1.0655000E+03 1.9735999E-01
1.0660000E+03 1.9666000E-01
1.0665000E+03 1.9569001E-01
1.0670000E+03 1.9473000E-01
1.0675000E+03 1.9427000E-01
1.0680000E+03 1.9329999E-01
1.0684000E+03 1.9253001E-01
1.0689000E+03 1.9198000E-01
1.0694000E+03 1.9092999E-01
1.0699000E+03 1.9041000E-01
1.0704000E+03 1.8982001E-01
1.0708000E+03 1.8886000E-01
1.0713000E+03 1.8827000E-01
1.0718000E+03 1.8767001E-01
1.0723000E+03 1.8685000E-01
1.0728000E+03 1.8617000E-01
1.0733000E+03 1.8550999E-01
1.0737000E+03 1.8456000E-01
1.0742000E+03 1.8425000E-01
1.0747000E+03 1.8429001E-01
1.0752000E+03 1.8352000E-01
1.0757000E+03 1.8262000E-01
1.0761000E+03 1.8241000E-01
1.0766000E+03 1.8219000E-01
1.0771000E+03 1.8142000E-01
1.0776000E+03 1.8111999E-01
1.0781000E+03 1.8083000E-01
1.0786000E+03 1.7992000E-01
1.0790000E+03 1.7964000E-01
1.0795000E+03 1.7915000E-01
1.0800000E+03 1.7828000E-01
1.0805000E+03 1.7832001E-01
1.0810000E+03 1.7816000E-01
1.0815000E+03 1.7722000E-01
1.0819000E+03 1.7681000E-01
1.0824000E+03 1.7686000E-01
1.0829000E+03 1.7639001E-01
1.0834000E+03 1.7613000E-01
1.0839000E+03 1.7648999E-01
1.0843000E+03 1.7607000E-01
1.0848000E+03 1.7502999E-01
1.0853000E+03 1.7451000E-01
1.0858000E+03 1.7426001E-01
1.0863000E+03 1.7411999E-01
1.0868000E+03 1.7415000E-01
1.0872000E+03 1.7343000E-01
1.0877000E+03 1.7264000E-01
1.0882000E+03 1.7275000E-01
1.0887000E+03 1.7254999E-01
1.0892000E+03 1.7208999E-01
1.0896000E+03 1.7224000E-01
1.0901000E+03 1.7235000E-01
1.0906000E+03 1.7194000E-01
1.0911000E+03 1.7130999E-01
1.0916000E+03 1.7081000E-01
1.0921000E+03 1.7066000E-01
1.0925000E+03 1.7061000E-01
1.0930000E+03 1.7020001E-01
1.0935000E+03 1.6965000E-01
1.0940000E+03 1.6960999E-01
1.0945000E+03 1.6967000E-01
1.0950000E+03 1.6919000E-01
1.0954000E+03 1.6911000E-01
1.0959000E+03 1.6929001E-01
1.0964000E+03 1.6856000E-01
1.0969000E+03 1.6811000E-01
1.0974000E+03 1.6825999E-01
1.0978000E+03 1.6779000E-01
1.0983000E+03 1.6752000E-01
1.0988000E+03 1.6763000E-01
1.0993000E+03 1.6700999E-01
1.0998000E+03 1.6653000E-01
1.1003000E+03 1.6655999E-01
1.1007000E+03 1.6625001E-01
1.1012000E+03 1.6619000E-01
1.1017000E+03 1.6621999E-01
1.1022000E+03 1.6579001E-01
1.1027000E+03 1.6543999E-01
1.1031000E+03 1.6515000E-01
1.1036000E+03 1.6469000E-01
1.1041000E+03 1.6433001E-01
1.1046000E+03 1.6426000E-01
1.1051000E+03 1.6393000E-01
1.1056000E+03 1.6350999E-01
1.1060000E+03 1.6389000E-01
1.1065000E+03 1.6373000E-01
1.1070000E+03 1.6303000E-01
1.1075000E+03 1.6294999E-01
1.1080000E+03 1.6229001E-01
1.1085000E+03 1.6189000E-01
1.1089000E+03 1.6230001E-01
1.1094000E+03 1.6173001E-01
1.1099000E+03 1.6114999E-01
1.1104000E+03 1.6159000E-01
1.1109000E+03 1.6116001E-01
1.1113000E+03 1.6024999E-01
1.1118000E+03 1.6065000E-01
1.1123000E+03 1.6098000E-01
1.1128000E+03 1.6039000E-01
1.1133000E+03 1.5985000E-01
1.1138000E+03 1.5930000E-01
1.1142000E+03 1.5882000E-01
1.1147000E+03 1.5879001E-01
1.1152000E+03 1.5858001E-01
1.1157000E+03 1.5781000E-01
1.1162000E+03 1.5768000E-01
1.1166000E+03 1.5797000E-01
1.1171000E+03 1.5768000E-01
1.1176000E+03 1.5759000E-01
1.1181000E+03 1.5749000E-01
1.1186000E+03 1.5673000E-01
1.1191000E+03 1.5611000E-01
1.1195000E+03 1.5565000E-01
1.1200000E+03 1.5497001E-01
1.1205000E+03 1.5485001E-01
1.1210000E+03 1.5503000E-01
1.1215000E+03 1.5470999E-01
1.1220000E+03 1.5443000E-01
1.1224000E+03 1.5410000E-01
1.1229000E+03 1.5358000E-01
1.1234000E+03 1.5353000E-01
1.1239000E+03 1.5331000E-01
1.1244000E+03 1.5275000E-01
1.1248000E+03 1.5233000E-01
1.1253000E+03 1.5200999E-01
1.1258000E+03 1.5195000E-01
1.1263000E+03 1.5147001E-01
1.1268000E+03 1.5118000E-01
1.1273000E+03 1.5107000E-01
1.1277000E+03 1.5012001E-01
1.1282000E+03 1.4979000E-01
1.1287000E+03 1.4947000E-01
1.1292000E+03 1.4857000E-01
1.1297000E+03 1.4871000E-01
1.1301000E+03 1.4857000E-01
1.1306000E+03 1.4774001E-01
1.1311000E+03 1.4745000E-01
1.1316000E+03 1.4686000E-01
1.1321000E+03 1.4598000E-01
1.1326000E+03 1.4586000E-01
1.1330000E+03 1.4568000E-01
1.1335000E+03 1.4511000E-01
1.1340000E+03 1.4489999E-01
1.1345000E+03 1.4443000E-01
1.1350000E+03 1.4376000E-01
1.1355000E+03 1.4364000E-01
1.1359000E+03 1.4353999E-01
1.1364000E+03 1.4295000E-01
1.1369000E+03 1.4234000E-01
1.1374000E+03 1.4218000E-01
1.1379000E+03 1.4203000E-01
1.1383000E+03 1.4157000E-01
1.1388000E+03 1.4098001E-01
1.1393000E+03 1.4037000E-01
1.1398000E+03 1.4008000E-01
1.1403000E+03 1.3979000E-01
1.1408000E+03 1.3913000E-01
1.1412000E+03 1.3876000E-01
1.1417000E+03 1.3873000E-01
1.1422000E+03 1.3802999E-01
1.1427000E+03 1.3733000E-01
1.1432000E+03 1.3722000E-01
1.1436000E+03 1.3675000E-01
1.1441000E+03 1.3643999E-01
1.1446000E+03 1.3610999E-01
1.1451000E+03 1.3516000E-01
1.1456000E+03 1.3474999E-01
1.1461000E+03 1.3462999E-01
1.1465000E+03 1.3405000E-01
1.1470000E+03 1.3372999E-01
1.1475000E+03 1.3349999E-01
1.1480000E+03 1.3289000E-01
1.1485000E+03 1.3234000E-01
1.1490000E+03 1.3203999E-01
1.1494000E+03 1.3158999E-01
1.1499000E+03 1.3120000E-01
1.1504000E+03 1.3115001E-01
1.1509000E+03 1.3067999E-01
1.1514000E+03 1.3005000E-01
1.1518000E+03 1.2987000E-01
1.1523000E+03 1.2925000E-01
1.1528000E+03 1.2845001E-01
1.1533000E+03 1.2827000E-01
1.1538000E+03 1.2796000E-01
1.1543000E+03 1.2752999E-01
1.1547000E+03 1.2754001E-01
1.1552000E+03 1.2700000E-01
1.1557000E+03 1.2627000E-01
1.1562000E+03 1.2627000E-01
1.1567000E+03 1.2572999E-01
1.1571000E+03 1.2497000E-01
1.1576000E+03 1.2468000E-01
1.1581000E+03 1.2421000E-01
1.1586000E+03 1.2384000E-01
1.1591000E+03 1.2350000E-01
1.1596000E+03 1.2302000E-01
1.1600000E+03 1.2259000E-01
1.1605000E+03 1.2221000E-01
1.1610000E+03 1.2187000E-01
1.1615000E+03 1.2133000E-01
1.1620000E+03 1.2093000E-01
1.1625000E+03 1.2069000E-01
1.1629000E+03 1.2029000E-01
1.1634000E+03 1.2003000E-01
1.1639000E+03 1.1961000E-01
1.1644000E+03 1.1897000E-01
1.1649000E+03 1.1878000E-01
1.1653000E+03 1.1854000E-01
1.1658000E+03 1.1799000E-01
1.1663000E+03 1.1795000E-01
1.1668000E+03 1.1785000E-01
1.1673000E+03 1.1715000E-01
1.1678000E+03 1.1675000E-01
1.1682000E+03 1.1621000E-01
1.1687000E+03 1.1549000E-01
1.1692000E+03 1.1529000E-01
1.1697000E+03 1.1518000E-01
1.1702000E+03 1.1503000E-01
1.1706000E+03 1.1469000E-01
1.1711000E+03 1.1399000E-01
1.1716000E+03 1.1349000E-01
1.1721000E+03 1.1337000E-01
1.1726000E+03 1.1323000E-01
1.1731000E+03 1.1271000E-01
1.1735000E+03 1.1234000E-01
1.1740000E+03 1.1234000E-01
1.1745000E+03 1.1177000E-01
1.1750000E+03 1.1138000E-01
1.1755000E+03 1.1163000E-01
1.1760000E+03 1.1093000E-01
1.1764000E+03 1.1016000E-01
1.1769000E+03 1.1036000E-01
1.1774000E+03 1.0999000E-01
1.1779000E+03 1.0943000E-01
1.1784000E+03 1.0930000E-01
1.1788000E+03 1.0888000E-01
1.1793000E+03 1.0865000E-01
1.1798000E+03 1.0864000E-01
1.1803000E+03 1.0831000E-01
1.1808000E+03 1.0789000E-01
1.1813000E+03 1.0747000E-01
1.1817000E+03 1.0703000E-01
1.1822000E+03 1.0675000E-01
1.1827000E+03 1.0675000E-01
1.1832000E+03 1.0664000E-01
1.1837000E+03 1.0627000E-01
1.1841000E+03 1.0620000E-01
1.1846000E+03 1.0615000E-01
1.1851000E+03 1.0547000E-01
1.1856000E+03 1.0505000E-01
1.1861000E+03 1.0477000E-01
1.1866000E+03 1.0421000E-01
1.1870000E+03 1.0452000E-01
1.1875000E+03 1.0449000E-01
1.1880000E+03 1.0369000E-01
1.1885000E+03 1.0387000E-01
1.1890000E+03 1.0381000E-01
1.1895000E+03 1.0297000E-01
1.1899000E+03 1.0295000E-01
1.1904000E+03 1.0316000E-01
1.1909000E+03 1.0269000E-01
1.1914000E+03 1.0245000E-01
1.1919000E+03 1.0249000E-01
1.1923000E+03 1.0223000E-01
1.1928000E+03 1.0213000E-01
1.1933000E+03 1.0215000E-01
1.1938000E+03 1.0167000E-01
1.1943000E+03 1.0113000E-01
1.1948000E+03 1.0116000E-01
1.1952000E+03 1.0096000E-01
1.1957000E+03 1.0050000E-01
1.1962000E+03 1.0061000E-01
1.1967000E+03 1.0048000E-01
1.1972000E+03 1.0023000E-01
1.1976000E+03 1.0042000E-01
1.1981000E+03 1.0010000E-01
1.1986000E+03 9.9880002E-02
1.1991000E+03 1.0023000E-01
1.1996000E+03 9.9772997E-02
1.2001000E+03 9.9486999E-02
1.2005000E+03 1.0000000E-01
1.2010000E+03 9.9666998E-02
1.2015000E+03 9.9312998E-02
1.2020000E+03 9.9592999E-02
1.2025000E+03 9.9326998E-02
1.2030000E+03 9.8940000E-02
1.2034000E+03 9.8793000E-02
1.2039000E+03 9.8480001E-02
1.2044000E+03 9.8339997E-02
1.2049000E+03 9.8339997E-02
1.2054000E+03 9.8040000E-02
1.2058000E+03 9.7833000E-02
1.2063000E+03 9.8252997E-02
1.2068000E+03 9.8379999E-02
1.2073000E+03 9.7806998E-02
1.2078000E+03 9.7947001E-02
1.2083000E+03 9.8140001E-02
1.2087000E+03 9.7680002E-02
1.2092000E+03 9.8020002E-02
1.2097000E+03 9.8180003E-02
1.2102000E+03 9.7547002E-02
1.2107000E+03 9.7866997E-02
1.2111000E+03 9.8080002E-02
1.2116000E+03 9.7493000E-02
1.2121000E+03 9.7560003E-02
1.2126000E+03 9.7632997E-02
1.2131000E+03 9.7373001E-02
1.2136000E+03 9.7493000E-02
1.2140000E+03 9.7520001E-02
1.2145000E+03 9.7520001E-02
1.2150000E+03 9.7593002E-02
1.2155000E+03 9.7447000E-02
1.2160000E+03 9.7207002E-02
1.2165000E+03 9.7253002E-02
1.2169000E+03 9.7533002E-02
1.2174000E+03 9.7306997E-02
1.2179000E+03 9.7126998E-02
1.2184000E+03 9.7560003E-02
1.2189000E+03 9.7313002E-02
1.2193000E+03 9.6966997E-02
1.2198000E+03 9.7560003E-02
1.2203000E+03 9.7539999E-02
1.2208000E+03 9.7360000E-02
1.2213000E+03 9.7773001E-02
1.2218000E+03 9.7447000E-02
1.2222000E+03 9.7332999E-02
1.2227000E+03 9.7686999E-02
1.2232000E+03 9.7493000E-02
1.2237000E+03 9.7713001E-02
1.2242000E+03 9.8127000E-02
1.2246000E+03 9.7560003E-02
1.2251000E+03 9.7220004E-02
1.2256000E+03 9.7767003E-02
1.2261000E+03 9.7767003E-02
1.2266000E+03 9.7553000E-02
1.2271000E+03 9.7840004E-02
1.2275000E+03 9.7939998E-02
1.2280000E+03 9.7947001E-02
1.2285000E+03 9.8240003E-02
1.2290000E+03 9.8180003E-02
1.2295000E+03 9.7700000E-02
1.2300000E+03 9.8086998E-02
1.2304000E+03 9.8653004E-02
1.2309000E+03 9.8312996E-02
1.2314000E+03 9.8339997E-02
1.2319000E+03 9.8459996E-02
1.2324000E+03 9.8072998E-02
1.2328000E+03 9.8333001E-02
1.2333000E+03 9.8387003E-02
1.2338000E+03 9.7999997E-02
1.2343000E+03 9.8513000E-02
1.2348000E+03 9.8700002E-02
1.2353000E+03 9.8260000E-02
1.2357000E+03 9.8327003E-02
1.2362000E+03 9.8439999E-02
1.2367000E+03 9.8393001E-02
1.2372000E+03 9.8520003E-02
1.2377000E+03 9.8687001E-02
1.2381000E+03 9.8572999E-02
1.2386000E+03 9.8393001E-02
1.2391000E+03 9.8507002E-02
1.2396000E+03 9.8420002E-02
1.2401000E+03 9.8360002E-02
1.2406000E+03 9.8673001E-02
1.2410000E+03 9.8306999E-02
1.2415000E+03 9.8119996E-02
1.2420000E+03 9.8912999E-02
1.2425000E+03 9.8739997E-02
1.2430000E+03 9.8520003E-02
1.2435000E+03 9.9146999E-02
1.2439000E+03 9.8700002E-02
1.2444000E+03 9.8507002E-02
1.2449000E+03 9.9046998E-02
1.2454000E+03 9.8592997E-02
1.2459000E+03 9.8553002E-02
1.2463000E+03 9.9032998E-02
1.2468000E+03 9.8766997E-02
1.2473000E+03 9.8793000E-02
1.2478000E+03 9.9140003E-02
1.2483000E+03 9.8999999E-02
1.2488000E+03 9.8932996E-02
1.2492000E+03 9.9200003E-02
1.2497000E+03 9.9059999E-02
1.2502000E+03 9.8812997E-02
1.2507000E+03 9.9079996E-02
1.2512000E+03 9.9013001E-02
1.2516000E+03 9.8546997E-02
1.2521000E+03 9.8972999E-02
1.2526000E+03 9.9359997E-02
1.2531000E+03 9.8706998E-02
1.2536000E+03 9.8779999E-02
1.2541000E+03 9.9007003E-02
1.2545000E+03 9.8540001E-02
1.2550000E+03 9.8860003E-02
1.2555000E+03 9.8926999E-02
1.2560000E+03 9.8420002E-02
1.2565000E+03 9.8793000E-02
1.2570000E+03 9.8959997E-02
1.2574000E+03 9.8679997E-02
1.2579000E+03 9.8980002E-02
1.2584000E+03 9.8972999E-02
1.2589000E+03 9.8520003E-02
1.2594000E+03 9.8646998E-02
1.2598000E+03 9.8540001E-02
1.2603000E+03 9.7792998E-02
1.2608000E+03 9.7833000E-02
1.2613000E+03 9.8306999E-02
1.2618000E+03 9.8093003E-02
1.2623000E+03 9.7947001E-02
1.2627000E+03 9.8146997E-02
1.2632000E+03 9.7833000E-02
1.2637000E+03 9.7653002E-02
1.2642000E+03 9.8113000E-02
1.2647000E+03 9.7912997E-02
1.2652000E+03 9.7640000E-02
1.2656000E+03 9.7806998E-02
1.2661000E+03 9.6793003E-02
1.2666000E+03 9.6147001E-02
1.2671000E+03 9.6846998E-02
1.2676000E+03 9.6552998E-02
1.2680000E+03 9.6066996E-02
1.2685000E+03 9.6527003E-02
1.2690000E+03 9.6653000E-02
1.2695000E+03 9.6440002E-02
1.2700000E+03 9.6173003E-02
1.2705000E+03 9.5780000E-02
1.2709000E+03 9.5527001E-02
1.2714000E+03 9.5239997E-02
1.2719000E+03 9.4752997E-02
1.2724000E+03 9.4659999E-02
1.2729000E+03 9.5119998E-02
1.2733000E+03 9.5220000E-02
1.2738000E+03 9.4833001E-02
1.2743000E+03 9.4873004E-02
1.2748000E+03 9.4760001E-02
1.2753000E+03 9.4067000E-02
1.2758000E+03 9.4053000E-02
1.2762000E+03 9.4167002E-02
1.2767000E+03 9.3939997E-02
1.2772000E+03 9.4072998E-02
1.2777000E+03 9.3699999E-02
1.2782000E+03 9.3087003E-02
1.2787000E+03 9.3186997E-02
1.2791000E+03 9.3259998E-02
1.2796000E+03 9.2967004E-02
1.2801000E+03 9.2992999E-02
1.2806000E+03 9.2919998E-02
1.2811000E+03 9.2220001E-02
1.2815000E+03 9.1986999E-02
1.2820000E+03 9.1980003E-02
1.2825000E+03 9.1519997E-02
1.2830000E+03 9.1507003E-02
1.2835000E+03 9.1673002E-02
1.2840000E+03 9.1312997E-02
1.2844000E+03 9.1067001E-02
1.2849000E+03 9.0972997E-02
1.2854000E+03 9.0267003E-02
1.2859000E+03 8.9919999E-02
1.2864000E+03 9.0379998E-02
1.2868000E+03 8.9827001E-02
1.2873000E+03 8.9152999E-02
1.2878000E+03 8.9579999E-02
1.2883000E+03 8.9166999E-02
1.2888000E+03 8.8726997E-02
1.2893000E+03 8.9060001E-02
1.2897000E+03 8.8519998E-02
1.2902000E+03 8.8160001E-02
1.2907000E+03 8.8367000E-02
1.2912000E+03 8.7993003E-02
1.2917000E+03 8.7679997E-02
1.2922000E+03 8.7706998E-02
1.2926000E+03 8.7447003E-02
1.2931000E+03 8.7067001E-02
1.2936000E+03 8.7127000E-02
1.2941000E+03 8.6887002E-02
1.2946000E+03 8.6147003E-02
1.2950000E+03 8.6246997E-02
1.2955000E+03 8.6352997E-02
1.2960000E+03 8.5612997E-02
1.2965000E+03 8.5552998E-02
1.2970000E+03 8.5573003E-02
1.2975000E+03 8.4867001E-02
1.2979000E+03 8.4840000E-02
1.2984000E+03 8.4799998E-02
1.2989000E+03 8.4200002E-02
1.2994000E+03 8.4273003E-02
1.2999000E+03 8.4059998E-02
1.3003000E+03 8.3240002E-02
1.3008000E+03 8.3306998E-02
1.3013000E+03 8.3253004E-02
1.3018000E+03 8.2699999E-02
1.3023000E+03 8.2759999E-02
1.3028000E+03 8.2460001E-02
1.3032000E+03 8.1846997E-02
1.3037000E+03 8.1747003E-02
1.3042000E+03 8.1533000E-02
1.3047000E+03 8.1212997E-02
1.3052000E+03 8.1100002E-02
1.3057000E+03 8.0959998E-02
1.3061000E+03 8.0459997E-02
1.3066000E+03 8.0092996E-02
1.3071000E+03 8.0326997E-02
1.3076000E+03 7.9779997E-02
1.3081000E+03 7.8952998E-02
1.3085000E+03 7.9107001E-02
1.3090000E+03 7.8840002E-02
1.3095000E+03 7.8512996E-02
1.3100000E+03 7.8813002E-02
1.3105000E+03 7.8446999E-02
1.3110000E+03 7.8019999E-02
1.3114000E+03 7.8226998E-02
1.3119000E+03 7.7500001E-02
1.3124000E+03 7.6493002E-02
1.3129000E+03 7.6532997E-02
1.3134000E+03 7.6240003E-02
1.3138000E+03 7.6146998E-02
1.3143000E+03 7.6373003E-02
1.3148000E+03 7.5819999E-02
1.3153000E+03 7.5767003E-02
1.3158000E+03 7.6067001E-02
1.3163000E+03 7.5367004E-02
1.3167000E+03 7.4253000E-02
1.3172000E+03 7.4112996E-02
1.3177000E+03 7.4547000E-02
1.3182000E+03 7.4133001E-02
1.3187000E+03 7.3573001E-02
1.3192000E+03 7.3606998E-02
1.3196000E+03 7.3312998E-02
1.3201000E+03 7.3152997E-02
1.3206000E+03 7.3213004E-02
1.3211000E+03 7.2872996E-02
1.3216000E+03 7.3059998E-02
1.3220000E+03 7.2893001E-02
1.3225000E+03 7.2240002E-02
1.3230000E+03 7.2253004E-02
1.3235000E+03 7.2126999E-02
1.3240000E+03 7.1873002E-02
1.3245000E+03 7.2047003E-02
1.3249000E+03 7.1960002E-02
1.3254000E+03 7.1439996E-02
1.3259000E+03 7.1313001E-02
1.3264000E+03 7.1307003E-02
1.3269000E+03 7.0846997E-02
1.3273000E+03 7.0506997E-02
1.3278000E+03 7.0620000E-02
1.3283000E+03 7.0432998E-02
1.3288000E+03 7.0179999E-02
1.3293000E+03 7.0307001E-02
1.3298000E+03 6.9673002E-02
1.3302000E+03 6.9260001E-02
1.3307000E+03 6.9706999E-02
1.3312000E+03 6.9493003E-02
1.3317000E+03 6.9287002E-02
1.3322000E+03 6.9513001E-02
1.3327000E+03 6.9140002E-02
1.3331000E+03 6.8746999E-02
1.3336000E+03 6.8667002E-02
1.3341000E+03 6.8227001E-02
1.3346000E+03 6.8213001E-02
1.3351000E+03 6.8292998E-02
1.3355000E+03 6.7913003E-02
1.3360000E+03 6.7580000E-02
1.3365000E+03 6.6559002E-02
1.3370000E+03 6.6226996E-02
1.3375000E+03 6.6880003E-02
1.3380000E+03 6.6606000E-02
1.3384000E+03 6.5807998E-02
1.3389000E+03 6.5260999E-02
1.3394000E+03 6.5618001E-02
1.3399000E+03 6.5507002E-02
1.3404000E+03 6.4700998E-02
1.3408000E+03 6.5659001E-02
1.3413000E+03 6.6362999E-02
1.3418000E+03 6.5851003E-02
1.3423000E+03 6.6082999E-02
1.3428000E+03 6.6068999E-02
1.3433000E+03 6.5723002E-02
1.3437000E+03 6.6014998E-02
1.3442000E+03 6.6013999E-02
1.3447000E+03 6.5667003E-02
1.3452000E+03 6.5727003E-02
1.3457000E+03 6.5544002E-02
1.3462000E+03 6.5177001E-02
1.3466000E+03 6.5223999E-02
1.3471000E+03 6.5086998E-02
1.3476000E+03 6.4603001E-02
1.3481000E+03 6.4487003E-02
1.3486000E+03 6.4567998E-02
1.3490000E+03 6.4088002E-02
1.3495000E+03 6.3888997E-02
1.3500000E+03 6.4219996E-02
1.3505000E+03 6.4088002E-02
1.3510000E+03 6.3970998E-02
1.3515000E+03 6.4046003E-02
1.3519000E+03 6.3515000E-02
1.3524000E+03 6.3229002E-02
1.3529000E+03 6.3662998E-02
1.3534000E+03 6.3460000E-02
1.3539000E+03 6.3469000E-02
1.3543000E+03 6.3582003E-02
1.3548000E+03 6.2564000E-02
1.3553000E+03 6.2624998E-02
1.3558000E+03 6.3335001E-02
1.3563000E+03 6.3049003E-02
1.3568000E+03 6.3196003E-02
1.3572000E+03 6.3410997E-02
1.3577000E+03 6.2987998E-02
1.3582000E+03 6.2894002E-02
1.3587000E+03 6.3148998E-02
1.3592000E+03 6.2942997E-02
1.3597000E+03 6.2664002E-02
1.3601000E+03 6.2825002E-02
1.3606000E+03 6.2206998E-02
1.3611000E+03 6.1570998E-02
1.3616000E+03 6.2523998E-02
1.3621000E+03 6.2849998E-02
1.3625000E+03 6.1374001E-02
1.3630000E+03 6.0603999E-02
1.3635000E+03 6.1397001E-02
1.3640000E+03 6.2267002E-02
1.3645000E+03 6.2904999E-02
1.3650000E+03 6.2974997E-02
1.3654000E+03 6.2694997E-02
1.3659000E+03 6.3138999E-02
1.3664000E+03 6.3222997E-02
1.3669000E+03 6.2844001E-02
1.3674000E+03 6.3235998E-02
1.3678000E+03 6.3124999E-02
1.3683000E+03 6.2103000E-02
1.3688000E+03 6.2132999E-02
1.3693000E+03 6.2821001E-02
1.3698000E+03 6.2858000E-02
1.3703000E+03 6.3063003E-02
1.3707000E+03 6.3316002E-02
1.3712000E+03 6.3022003E-02
1.3717000E+03 6.2799998E-02
1.3722000E+03 6.2678002E-02
1.3727000E+03 6.2844999E-02
1.3732000E+03 6.2945999E-02
1.3736000E+03 6.2387999E-02
1.3741000E+03 6.2437002E-02
1.3746000E+03 6.2652998E-02
1.3751000E+03 6.2215000E-02
1.3756000E+03 6.2279001E-02
1.3760000E+03 6.2909998E-02
1.3765000E+03 6.3146003E-02
1.3770000E+03 6.2760003E-02
1.3775000E+03 6.2532999E-02
1.3780000E+03 6.2049001E-02
1.3785000E+03 6.1822999E-02
1.3789000E+03 6.2689997E-02
1.3794000E+03 6.2765002E-02
1.3799000E+03 6.2483002E-02
1.3804000E+03 6.3045003E-02
1.3809000E+03 6.3242003E-02
1.3813000E+03 6.2972002E-02
1.3818000E+03 6.3080996E-02
1.3823000E+03 6.3028999E-02
1.3828000E+03 6.2679000E-02
1.3833000E+03 6.2895000E-02
1.3838000E+03 6.3212000E-02
1.3842000E+03 6.3158996E-02
1.3847000E+03 6.2950999E-02
1.3852000E+03 6.3251004E-02
1.3857000E+03 6.3134998E-02
1.3862000E+03 6.1884999E-02
1.3867000E+03 6.1880000E-02
1.3871000E+03 6.1664999E-02
1.3876000E+03 6.0943000E-02
1.3881000E+03 6.2233001E-02
1.3886000E+03 6.2684998E-02
1.3891000E+03 6.2438998E-02
1.3895000E+03 6.3091002E-02
1.3900000E+03 6.2743001E-02
1.3905000E+03 6.2093001E-02
1.3910000E+03 6.2417999E-02
1.3915000E+03 6.2500998E-02
1.3920000E+03 6.2364999E-02
1.3924000E+03 6.3063003E-02
1.3929000E+03 6.3073002E-02
1.3934000E+03 6.2790997E-02
1.3939000E+03 6.2043998E-02
1.3944000E+03 6.0114998E-02
1.3948000E+03 6.0690001E-02
1.3953000E+03 6.2107000E-02
1.3958000E+03 6.1677001E-02
1.3963000E+03 6.1657000E-02
1.3968000E+03 6.2477000E-02
1.3973000E+03 6.1953001E-02
1.3977000E+03 6.0357001E-02
1.3982000E+03 6.1342001E-02
1.3987000E+03 6.2173001E-02
1.3992000E+03 6.0826998E-02
1.3997000E+03 6.1588999E-02
1.4002000E+03 6.2634997E-02
1.4006000E+03 6.1879002E-02
1.4011000E+03 6.2058002E-02
1.4016000E+03 6.2758997E-02
1.4021000E+03 6.2437002E-02
1.4026000E+03 6.2267002E-02
1.4030000E+03 6.2306002E-02
1.4035000E+03 6.1884999E-02
1.4040000E+03 6.1855000E-02
1.4045000E+03 6.1471999E-02
1.4050000E+03 6.0591999E-02
1.4055000E+03 6.1179999E-02
1.4059000E+03 6.2033001E-02
1.4064000E+03 6.1535999E-02
1.4069000E+03 6.1375000E-02
1.4074000E+03 6.1909001E-02
1.4079000E+03 6.1517000E-02
1.4083000E+03 6.0901001E-02
1.4088000E+03 6.1531000E-02
1.4093000E+03 6.1602999E-02
1.4098000E+03 6.0695000E-02
1.4103000E+03 6.0940001E-02
1.4108000E+03 6.0915001E-02
1.4112000E+03 5.9964001E-02
1.4117000E+03 6.0003001E-02
1.4122000E+03 6.0281999E-02
1.4127000E+03 6.0531002E-02
1.4132000E+03 6.1014999E-02
1.4137000E+03 6.0720000E-02
1.4141000E+03 6.0410999E-02
1.4146000E+03 6.0610000E-02
1.4151000E+03 6.0695000E-02
1.4156000E+03 5.9914000E-02
1.4161000E+03 5.9339002E-02
1.4165000E+03 5.9831001E-02
1.4170000E+03 5.8651000E-02
1.4175000E+03 5.7833999E-02
1.4180000E+03 5.9323002E-02
1.4185000E+03 5.9117999E-02
1.4190000E+03 5.7342000E-02
1.4194000E+03 5.6850001E-02
1.4199000E+03 5.7937000E-02
