9.1608002E+01 4.2280001E-03
9.2089996E+01 3.6404000E-03
9.2571999E+01 5.3868000E-03
9.3054001E+01 7.0941998E-03
9.3536003E+01 7.5602001E-03
9.4017998E+01 6.0335002E-03
9.4500999E+01 6.7530000E-03
9.4983002E+01 7.8640003E-03
9.5464996E+01 9.4271004E-03
9.5946999E+01 1.3388000E-02
9.6429001E+01 1.3547000E-02
9.6911003E+01 1.2824000E-02
9.7392998E+01 1.2867000E-02
9.7875999E+01 1.3042000E-02
9.8358002E+01 1.3700000E-02
9.8839996E+01 9.6941004E-03
9.9321999E+01 7.6187002E-03
9.9804001E+01 1.0637000E-02
1.0029000E+02 9.1246003E-03
1.0077000E+02 6.2005999E-03
1.0125000E+02 6.8966001E-03
1.0173000E+02 8.5890004E-03
1.0221000E+02 8.4753996E-03
1.0270000E+02 5.6877001E-03
1.0318000E+02 4.8408001E-03
1.0366000E+02 6.8639000E-03
1.0414000E+02 7.8801997E-03
1.0463000E+02 6.0203001E-03
1.0511000E+02 4.5838999E-03
1.0559000E+02 7.3058000E-03
1.0607000E+02 9.0643996E-03
1.0655000E+02 7.7213999E-03
1.0704000E+02 6.7536002E-03
1.0752000E+02 6.3510002E-03
1.0800000E+02 8.4330002E-03
1.0848000E+02 1.1636000E-02
1.0896000E+02 1.2369000E-02
1.0945000E+02 1.2554000E-02
1.0993000E+02 1.3169000E-02
1.1041000E+02 1.3223000E-02
1.1089000E+02 1.1259000E-02
1.1138000E+02 9.0025002E-03
1.1186000E+02 9.7195003E-03
1.1234000E+02 1.1452000E-02
1.1282000E+02 1.2464000E-02
1.1330000E+02 1.1901000E-02
1.1379000E+02 1.0508000E-02
1.1427000E+02 9.8924004E-03
1.1475000E+02 1.0224000E-02
1.1523000E+02 1.1647000E-02
1.1571000E+02 1.2592000E-02
1.1620000E+02 1.2617000E-02
1.1668000E+02 1.2273000E-02
1.1716000E+02 1.2394000E-02
1.1764000E+02 1.2819000E-02
1.1813000E+02 1.1959000E-02
1.1861000E+02 1.3007000E-02
1.1909000E+02 1.6509000E-02
1.1957000E+02 1.6059000E-02
1.2005000E+02 1.1806000E-02
1.2054000E+02 1.0064000E-02
1.2102000E+02 1.1958000E-02
1.2150000E+02 1.4344000E-02
1.2198000E+02 1.3072000E-02
1.2246000E+02 9.8457998E-03
1.2295000E+02 1.1673000E-02
1.2343000E+02 1.6193001E-02
1.2391000E+02 1.6667999E-02
1.2439000E+02 1.4074000E-02
1.2488000E+02 1.2436000E-02
1.2536000E+02 1.3612000E-02
1.2584000E+02 1.5339000E-02
1.2632000E+02 1.5119000E-02
1.2680000E+02 1.4287000E-02
1.2729000E+02 1.5336000E-02
1.2777000E+02 1.6664000E-02
1.2825000E+02 1.5386000E-02
1.2873000E+02 1.4661000E-02
1.2922000E+02 1.6672000E-02
1.2970000E+02 1.9245001E-02
1.3017999E+02 2.1658000E-02
1.3066000E+02 2.2767000E-02
1.3114000E+02 2.3410000E-02
1.3163000E+02 2.4638999E-02
1.3211000E+02 2.5411000E-02
1.3259000E+02 2.5189999E-02
1.3307001E+02 2.4336001E-02
1.3355000E+02 2.5379000E-02
1.3403999E+02 2.7182000E-02
1.3452000E+02 2.6913000E-02
1.3500000E+02 2.7272001E-02
1.3548000E+02 2.8439000E-02
1.3597000E+02 2.8184000E-02
1.3645000E+02 2.8515000E-02
1.3692999E+02 2.8990000E-02
1.3741000E+02 2.7540000E-02
1.3789000E+02 2.5633000E-02
1.3838000E+02 2.4822000E-02
1.3886000E+02 2.4405001E-02
1.3934000E+02 2.3342000E-02
1.3982001E+02 2.2614000E-02
1.4030000E+02 2.2475000E-02
1.4078999E+02 2.2255000E-02
1.4127000E+02 2.2010000E-02
1.4175000E+02 2.1547001E-02
1.4223000E+02 2.1650000E-02
1.4272000E+02 2.2041000E-02
1.4320000E+02 2.1597000E-02
1.4367999E+02 2.1438001E-02
1.4416000E+02 2.1709001E-02
1.4464000E+02 2.1352001E-02
1.4513000E+02 2.0230999E-02
1.4561000E+02 1.9037999E-02
1.4609000E+02 1.9047000E-02
1.4657001E+02 1.9876000E-02
1.4705000E+02 2.0567000E-02
1.4753999E+02 2.1152999E-02
1.4802000E+02 2.1807000E-02
1.4850000E+02 2.1227000E-02
1.4898000E+02 1.9556999E-02
1.4947000E+02 1.9560000E-02
1.4995000E+02 1.9317999E-02
1.5042999E+02 1.7479001E-02
1.5091000E+02 1.7220000E-02
1.5139000E+02 1.8378001E-02
1.5188000E+02 1.9244000E-02
1.5236000E+02 2.0359000E-02
1.5284000E+02 2.1163000E-02
1.5332001E+02 2.0492001E-02
1.5380000E+02 1.9974001E-02
1.5428999E+02 2.0719999E-02
1.5477000E+02 2.2367001E-02
1.5525000E+02 2.4157999E-02
1.5573000E+02 2.4528001E-02
1.5622000E+02 2.4568001E-02
1.5670000E+02 2.5697000E-02
1.5717999E+02 2.6319001E-02
1.5766000E+02 2.5782000E-02
1.5814000E+02 2.5258999E-02
1.5863000E+02 2.4909001E-02
1.5911000E+02 2.4975000E-02
1.5959000E+02 2.6094999E-02
1.6007001E+02 2.7311999E-02
1.6055000E+02 2.8103000E-02
1.6103999E+02 2.8510001E-02
1.6152000E+02 2.8085999E-02
1.6200000E+02 2.7439000E-02
1.6248000E+02 2.7124999E-02
1.6297000E+02 2.7186001E-02
1.6345000E+02 2.7770000E-02
1.6392999E+02 2.8624000E-02
1.6441000E+02 2.9472001E-02
1.6489000E+02 3.0184001E-02
1.6538000E+02 3.0944999E-02
1.6586000E+02 3.1160999E-02
1.6634000E+02 3.0658999E-02
1.6682001E+02 3.0869000E-02
1.6730000E+02 3.2423999E-02
1.6778999E+02 3.4781002E-02
1.6827000E+02 3.7064001E-02
1.6875000E+02 3.8316000E-02
1.6923000E+02 3.8977001E-02
1.6972000E+02 4.0137999E-02
1.7020000E+02 4.0596999E-02
1.7067999E+02 4.0702999E-02
1.7116000E+02 4.2512000E-02
1.7164000E+02 4.4787999E-02
1.7213000E+02 4.6974000E-02
1.7261000E+02 4.9288001E-02
1.7309000E+02 5.0716002E-02
1.7357001E+02 5.2469000E-02
1.7405000E+02 5.4788001E-02
1.7453999E+02 5.5718001E-02
1.7502000E+02 5.6724999E-02
1.7550000E+02 5.8045000E-02
1.7598000E+02 5.8800999E-02
1.7647000E+02 6.1439998E-02
1.7695000E+02 6.4519003E-02
1.7742999E+02 6.5720998E-02
1.7791000E+02 6.7874998E-02
1.7839000E+02 7.1157999E-02
1.7888000E+02 7.2535999E-02
1.7936000E+02 7.3472001E-02
1.7984000E+02 7.6246999E-02
1.8032001E+02 7.9704002E-02
1.8080000E+02 8.2387000E-02
1.8128999E+02 8.5381001E-02
1.8177000E+02 8.9253999E-02
1.8225000E+02 9.1797002E-02
1.8273000E+02 9.3397997E-02
1.8322000E+02 9.5389999E-02
1.8370000E+02 9.6881002E-02
1.8417999E+02 9.7770996E-02
1.8466000E+02 1.0090000E-01
1.8514000E+02 1.0472000E-01
1.8563000E+02 1.0453000E-01
1.8611000E+02 1.0309000E-01
1.8659000E+02 1.0207000E-01
1.8707001E+02 1.0120000E-01
1.8755000E+02 1.0113000E-01
1.8803999E+02 9.8754004E-02
1.8852000E+02 9.5702998E-02
1.8900000E+02 9.4517000E-02
1.8948000E+02 9.2863999E-02
1.8997000E+02 9.1050997E-02
1.9045000E+02 8.9677997E-02
1.9092999E+02 8.7737001E-02
1.9141000E+02 8.6058997E-02
1.9189000E+02 8.4821999E-02
1.9238000E+02 8.3333001E-02
1.9286000E+02 8.1961997E-02
1.9334000E+02 8.0863997E-02
1.9382001E+02 8.0192998E-02
1.9430000E+02 8.0099002E-02
1.9478999E+02 8.0136001E-02
1.9527000E+02 7.9714999E-02
1.9575000E+02 7.8603998E-02
1.9623000E+02 7.7380002E-02
1.9672000E+02 7.7157997E-02
1.9720000E+02 7.7931002E-02
1.9767999E+02 7.9265997E-02
1.9816000E+02 8.0651000E-02
1.9864000E+02 8.1403002E-02
1.9913000E+02 8.1583999E-02
1.9961000E+02 8.1497997E-02
2.0009000E+02 8.1468999E-02
2.0057001E+02 8.2014002E-02
2.0105000E+02 8.2952999E-02
2.0153999E+02 8.3985999E-02
2.0202000E+02 8.4771000E-02
2.0250000E+02 8.3453998E-02
2.0298000E+02 8.1803001E-02
2.0347000E+02 8.2759999E-02
2.0395000E+02 8.3881997E-02
2.0442999E+02 8.4420003E-02
2.0491000E+02 8.4602997E-02
2.0539000E+02 8.4608003E-02
2.0588000E+02 8.4804997E-02
2.0636000E+02 8.4577002E-02
2.0684000E+02 8.4011003E-02
2.0732001E+02 8.3737999E-02
2.0780000E+02 8.2818002E-02
2.0828999E+02 8.0536000E-02
2.0877000E+02 7.9443000E-02
2.0925000E+02 8.0324002E-02
2.0973000E+02 8.0851004E-02
2.1022000E+02 8.0337003E-02
2.1070000E+02 7.9663001E-02
2.1117999E+02 7.9101004E-02
2.1166000E+02 7.8883000E-02
2.1214000E+02 7.8465000E-02
2.1263000E+02 7.7486999E-02
2.1311000E+02 7.7407002E-02
2.1359000E+02 7.7140003E-02
2.1407001E+02 7.6581001E-02
2.1455000E+02 7.6930001E-02
2.1503999E+02 7.6742001E-02
2.1552000E+02 7.6507002E-02
2.1600000E+02 7.7119000E-02
2.1648000E+02 7.7537000E-02
2.1697000E+02 7.7644996E-02
2.1745000E+02 7.7441998E-02
2.1792999E+02 7.6981001E-02
2.1841000E+02 7.7353001E-02
2.1889000E+02 7.8162000E-02
2.1938000E+02 7.8750998E-02
2.1986000E+02 7.9177000E-02
2.2034000E+02 7.9465002E-02
2.2082001E+02 7.9869002E-02
2.2130000E+02 7.9388000E-02
2.2178999E+02 7.8681998E-02
2.2227000E+02 7.9525001E-02
2.2275000E+02 8.0615997E-02
2.2323000E+02 8.0826998E-02
2.2372000E+02 8.1174999E-02
2.2420000E+02 8.2434997E-02
2.2467999E+02 8.3681002E-02
2.2516000E+02 8.4564999E-02
2.2564000E+02 8.5500002E-02
2.2613000E+02 8.5873000E-02
2.2661000E+02 8.6346999E-02
2.2709000E+02 8.8050999E-02
2.2757001E+02 8.9458004E-02
2.2805000E+02 8.9542001E-02
2.2853999E+02 8.9881003E-02
2.2902000E+02 9.1178000E-02
2.2950000E+02 9.2220001E-02
2.2998000E+02 9.2958003E-02
2.3047000E+02 9.3668997E-02
2.3095000E+02 9.3889996E-02
2.3142999E+02 9.4475001E-02
2.3191000E+02 9.5314004E-02
2.3239000E+02 9.6024998E-02
2.3288000E+02 9.6796997E-02
2.3336000E+02 9.7093001E-02
2.3384000E+02 9.7338997E-02
2.3432001E+02 9.7346999E-02
2.3480000E+02 9.7194999E-02
2.3528999E+02 9.7924002E-02
2.3577000E+02 9.9076003E-02
2.3625000E+02 9.9923998E-02
2.3673000E+02 1.0056000E-01
2.3722000E+02 1.0110000E-01
2.3770000E+02 1.0177000E-01
2.3817999E+02 1.0223000E-01
2.3866000E+02 1.0235000E-01
2.3914000E+02 1.0296000E-01
2.3963000E+02 1.0358000E-01
2.4011000E+02 1.0409000E-01
2.4059000E+02 1.0507000E-01
2.4107001E+02 1.0625000E-01
2.4155000E+02 1.0764000E-01
2.4203999E+02 1.0875000E-01
2.4252000E+02 1.0939000E-01
2.4300000E+02 1.1043000E-01
2.4348000E+02 1.1169000E-01
2.4397000E+02 1.1285000E-01
2.4445000E+02 1.1460000E-01
2.4492999E+02 1.1619000E-01
2.4541000E+02 1.1661000E-01
2.4589000E+02 1.1757000E-01
2.4638000E+02 1.1991000E-01
2.4686000E+02 1.2230000E-01
2.4734000E+02 1.2402000E-01
2.4782001E+02 1.2536000E-01
2.4830000E+02 1.2729000E-01
2.4878999E+02 1.2976000E-01
2.4927000E+02 1.3220000E-01
2.4975000E+02 1.3440000E-01
2.5023000E+02 1.3628000E-01
2.5072000E+02 1.3874000E-01
2.5120000E+02 1.4146000E-01
2.5167999E+02 1.4408000E-01
2.5216000E+02 1.4699000E-01
2.5264000E+02 1.4944001E-01
2.5313000E+02 1.5180001E-01
2.5361000E+02 1.5322000E-01
2.5409000E+02 1.5403000E-01
2.5457001E+02 1.5683000E-01
2.5506000E+02 1.5989000E-01
2.5553999E+02 1.6216999E-01
2.5601999E+02 1.6411000E-01
2.5650000E+02 1.6560000E-01
2.5698001E+02 1.6690999E-01
2.5747000E+02 1.6813000E-01
2.5795001E+02 1.6931000E-01
2.5842999E+02 1.7017999E-01
2.5891000E+02 1.7091000E-01
2.5939001E+02 1.7178001E-01
2.5988000E+02 1.7268001E-01
2.6035999E+02 1.7330000E-01
2.6084000E+02 1.7366000E-01
2.6132001E+02 1.7441000E-01
2.6181000E+02 1.7524999E-01
2.6229001E+02 1.7618001E-01
2.6276999E+02 1.7737000E-01
2.6325000E+02 1.7849000E-01
2.6373001E+02 1.7952999E-01
2.6422000E+02 1.8068001E-01
2.6470001E+02 1.8206000E-01
2.6517999E+02 1.8355000E-01
2.6566000E+02 1.8522000E-01
2.6614001E+02 1.8747000E-01
2.6663000E+02 1.9036999E-01
2.6710999E+02 1.9317000E-01
2.6759000E+02 1.9554999E-01
2.6807001E+02 1.9758999E-01
2.6856000E+02 1.9948000E-01
2.6904001E+02 2.0158000E-01
2.6951999E+02 2.0378999E-01
2.7000000E+02 2.0661999E-01
2.7048001E+02 2.1010999E-01
2.7097000E+02 2.1292000E-01
2.7145001E+02 2.1501000E-01
2.7192999E+02 2.1763000E-01
2.7241000E+02 2.2069000E-01
2.7289001E+02 2.2342999E-01
2.7338000E+02 2.2604001E-01
2.7385999E+02 2.2904000E-01
2.7434000E+02 2.3233999E-01
2.7482001E+02 2.3586001E-01
2.7531000E+02 2.3937000E-01
2.7579001E+02 2.4230000E-01
2.7626999E+02 2.4524000E-01
2.7675000E+02 2.4845999E-01
2.7723001E+02 2.5192001E-01
2.7772000E+02 2.5527000E-01
2.7820001E+02 2.5771999E-01
2.7867999E+02 2.6064000E-01
2.7916000E+02 2.6479000E-01
2.7964001E+02 2.6931000E-01
2.8013000E+02 2.7336001E-01
2.8060999E+02 2.7660000E-01
2.8109000E+02 2.8060001E-01
2.8157001E+02 2.8492001E-01
2.8206000E+02 2.8804001E-01
2.8254001E+02 2.9168999E-01
2.8301999E+02 2.9640999E-01
2.8350000E+02 3.0083001E-01
2.8398001E+02 3.0535999E-01
2.8447000E+02 3.0954999E-01
2.8495001E+02 3.1296000E-01
2.8542999E+02 3.1663999E-01
2.8591000E+02 3.2110000E-01
2.8639001E+02 3.2591999E-01
2.8688000E+02 3.3012000E-01
2.8735999E+02 3.3401000E-01
2.8784000E+02 3.3855999E-01
2.8832001E+02 3.4329000E-01
2.8881000E+02 3.4742999E-01
2.8929001E+02 3.5064000E-01
2.8976999E+02 3.5398000E-01
2.9025000E+02 3.5815001E-01
2.9073001E+02 3.6173999E-01
2.9122000E+02 3.6524001E-01
2.9170001E+02 3.6945000E-01
2.9217999E+02 3.7327999E-01
2.9266000E+02 3.7706000E-01
2.9314001E+02 3.8095999E-01
2.9363000E+02 3.8457999E-01
2.9410999E+02 3.8811001E-01
2.9459000E+02 3.9160001E-01
2.9507001E+02 3.9552999E-01
2.9556000E+02 3.9936000E-01
2.9604001E+02 4.0279001E-01
2.9651999E+02 4.0643999E-01
2.9700000E+02 4.0985999E-01
2.9748001E+02 4.1317001E-01
2.9797000E+02 4.1674000E-01
2.9845001E+02 4.2023000E-01
2.9892999E+02 4.2328000E-01
2.9941000E+02 4.2620999E-01
2.9989001E+02 4.2997000E-01
3.0038000E+02 4.3388000E-01
3.0085999E+02 4.3785000E-01
3.0134000E+02 4.4126001E-01
3.0182001E+02 4.4395000E-01
3.0231000E+02 4.4727999E-01
3.0279001E+02 4.4942001E-01
3.0326999E+02 4.5138001E-01
3.0375000E+02 4.5565999E-01
3.0423001E+02 4.5969999E-01
3.0472000E+02 4.6320999E-01
3.0520001E+02 4.6686000E-01
3.0567999E+02 4.6980000E-01
3.0616000E+02 4.7292000E-01
3.0664001E+02 4.7654000E-01
3.0713000E+02 4.7992000E-01
3.0760999E+02 4.8308000E-01
3.0809000E+02 4.8592001E-01
3.0857001E+02 4.8861000E-01
3.0906000E+02 4.9230000E-01
3.0954001E+02 4.9651000E-01
3.1001999E+02 4.9954000E-01
3.1050000E+02 5.0242001E-01
3.1098001E+02 5.0593001E-01
3.1147000E+02 5.0882000E-01
3.1195001E+02 5.1173002E-01
3.1242999E+02 5.1546001E-01
3.1291000E+02 5.1914001E-01
3.1339001E+02 5.2225000E-01
3.1388000E+02 5.2563000E-01
3.1435999E+02 5.2907997E-01
3.1484000E+02 5.3153998E-01
3.1532001E+02 5.3419000E-01
3.1581000E+02 5.3728998E-01
3.1629001E+02 5.3987002E-01
3.1676999E+02 5.4254001E-01
3.1725000E+02 5.4474002E-01
3.1773001E+02 5.4667002E-01
3.1822000E+02 5.4925001E-01
3.1870001E+02 5.5124998E-01
3.1917999E+02 5.5261999E-01
3.1966000E+02 5.5387998E-01
3.2014001E+02 5.5536002E-01
3.2063000E+02 5.5691999E-01
3.2110999E+02 5.5777001E-01
3.2159000E+02 5.5878001E-01
3.2207001E+02 5.5949998E-01
3.2256000E+02 5.5970001E-01
3.2304001E+02 5.6006998E-01
3.2351999E+02 5.5972999E-01
3.2400000E+02 5.5899000E-01
3.2448001E+02 5.5808002E-01
3.2497000E+02 5.5677003E-01
3.2545001E+02 5.5585998E-01
3.2592999E+02 5.5506003E-01
3.2641000E+02 5.5447000E-01
3.2689001E+02 5.5427003E-01
3.2738000E+02 5.5223000E-01
3.2785999E+02 5.4877001E-01
3.2834000E+02 5.4663998E-01
3.2882001E+02 5.4500002E-01
3.2931000E+02 5.4323000E-01
3.2979001E+02 5.4163998E-01
3.3026999E+02 5.3997999E-01
3.3075000E+02 5.3819001E-01
3.3123001E+02 5.3630000E-01
3.3172000E+02 5.3421003E-01
3.3220001E+02 5.3117001E-01
3.3267999E+02 5.2790999E-01
3.3316000E+02 5.2573001E-01
3.3364001E+02 5.2363998E-01
3.3413000E+02 5.2046001E-01
3.3460999E+02 5.1713002E-01
3.3509000E+02 5.1436001E-01
3.3557001E+02 5.1157999E-01
3.3606000E+02 5.0841999E-01
3.3654001E+02 5.0474000E-01
3.3701999E+02 5.0160003E-01
3.3750000E+02 4.9845999E-01
3.3798001E+02 4.9465001E-01
3.3847000E+02 4.9140999E-01
3.3895001E+02 4.8824999E-01
3.3942999E+02 4.8464000E-01
3.3991000E+02 4.8122001E-01
3.4039001E+02 4.7828999E-01
3.4088000E+02 4.7437999E-01
3.4135999E+02 4.6990001E-01
3.4184000E+02 4.6675000E-01
3.4232001E+02 4.6362999E-01
3.4281000E+02 4.5993000E-01
3.4329001E+02 4.5635000E-01
3.4376999E+02 4.5267001E-01
3.4425000E+02 4.4892001E-01
3.4473001E+02 4.4567999E-01
3.4522000E+02 4.4301999E-01
3.4570001E+02 4.4011000E-01
3.4617999E+02 4.3731999E-01
3.4666000E+02 4.3476999E-01
3.4714001E+02 4.3186000E-01
3.4763000E+02 4.2897001E-01
3.4810999E+02 4.2609000E-01
3.4859000E+02 4.2357001E-01
3.4907001E+02 4.2190000E-01
3.4956000E+02 4.1982999E-01
3.5004001E+02 4.1727999E-01
3.5051999E+02 4.1597000E-01
3.5100000E+02 4.1543999E-01
3.5148001E+02 4.1420999E-01
3.5197000E+02 4.1299999E-01
3.5245001E+02 4.1270000E-01
3.5292999E+02 4.1244999E-01
3.5341000E+02 4.1225001E-01
3.5389001E+02 4.1236001E-01
3.5438000E+02 4.1218999E-01
3.5485999E+02 4.1269001E-01
3.5534000E+02 4.1369000E-01
3.5582001E+02 4.1416001E-01
3.5631000E+02 4.1536999E-01
3.5679001E+02 4.1689000E-01
3.5726999E+02 4.1823000E-01
3.5775000E+02 4.2016000E-01
3.5823001E+02 4.2166001E-01
3.5872000E+02 4.2302999E-01
3.5920001E+02 4.2504999E-01
3.5967999E+02 4.2642999E-01
3.6016000E+02 4.2776000E-01
3.6064001E+02 4.3019000E-01
3.6113000E+02 4.3276000E-01
3.6160999E+02 4.3467000E-01
3.6209000E+02 4.3586999E-01
3.6257001E+02 4.3713999E-01
3.6306000E+02 4.3843001E-01
3.6354001E+02 4.3996999E-01
3.6401999E+02 4.4198999E-01
3.6450000E+02 4.4321001E-01
3.6498001E+02 4.4408000E-01
3.6547000E+02 4.4484001E-01
3.6595001E+02 4.4554001E-01
3.6642999E+02 4.4678000E-01
3.6691000E+02 4.4793001E-01
3.6739001E+02 4.4883999E-01
3.6788000E+02 4.4893000E-01
3.6835999E+02 4.4868001E-01
3.6884000E+02 4.4920000E-01
3.6932001E+02 4.5001999E-01
3.6981000E+02 4.5052999E-01
3.7029001E+02 4.5014000E-01
3.7076999E+02 4.4947001E-01
3.7125000E+02 4.4931000E-01
3.7173001E+02 4.4885001E-01
3.7222000E+02 4.4861999E-01
3.7270001E+02 4.4922000E-01
3.7317999E+02 4.4927999E-01
3.7366000E+02 4.4784999E-01
3.7414001E+02 4.4663000E-01
3.7463000E+02 4.4672999E-01
3.7510999E+02 4.4620001E-01
3.7559000E+02 4.4552001E-01
3.7607001E+02 4.4475001E-01
3.7656000E+02 4.4251001E-01
3.7704001E+02 4.4031000E-01
3.7751999E+02 4.3809000E-01
3.7800000E+02 4.3557999E-01
3.7848001E+02 4.3274999E-01
3.7897000E+02 4.2846000E-01
3.7945001E+02 4.2432001E-01
3.7992999E+02 4.2131001E-01
3.8041000E+02 4.1845000E-01
3.8089001E+02 4.1510001E-01
3.8138000E+02 4.1078001E-01
3.8185999E+02 4.0583000E-01
3.8234000E+02 4.0079001E-01
3.8282001E+02 3.9667001E-01
3.8331000E+02 3.9241001E-01
3.8379001E+02 3.8622999E-01
3.8426999E+02 3.8069999E-01
3.8475000E+02 3.7681001E-01
3.8523001E+02 3.7233001E-01
3.8572000E+02 3.6679000E-01
3.8620001E+02 3.6162999E-01
3.8667999E+02 3.5742000E-01
3.8716000E+02 3.5247999E-01
3.8764999E+02 3.4716001E-01
3.8813000E+02 3.4287000E-01
3.8860999E+02 3.3864000E-01
3.8909000E+02 3.3403000E-01
3.8957001E+02 3.2943001E-01
3.9006000E+02 3.2504001E-01
3.9054001E+02 3.2030001E-01
3.9101999E+02 3.1456000E-01
3.9150000E+02 3.0968001E-01
3.9198001E+02 3.0680999E-01
3.9247000E+02 3.0357999E-01
3.9295001E+02 2.9953000E-01
3.9342999E+02 2.9631999E-01
3.9391000E+02 2.9334000E-01
3.9439999E+02 2.9039001E-01
3.9488000E+02 2.8823999E-01
3.9535999E+02 2.8632000E-01
3.9584000E+02 2.8408000E-01
3.9632001E+02 2.8169999E-01
3.9681000E+02 2.7965999E-01
3.9729001E+02 2.7755001E-01
3.9776999E+02 2.7557001E-01
3.9825000E+02 2.7484000E-01
3.9873001E+02 2.7419999E-01
3.9922000E+02 2.7265000E-01
3.9970001E+02 2.7213001E-01
4.0017999E+02 2.7243999E-01
4.0066000E+02 2.7186999E-01
4.0114999E+02 2.7129000E-01
4.0163000E+02 2.7120000E-01
4.0210999E+02 2.7162001E-01
4.0259000E+02 2.7175000E-01
4.0307001E+02 2.7149999E-01
4.0356000E+02 2.7235001E-01
4.0404001E+02 2.7300000E-01
4.0451999E+02 2.7298999E-01
4.0500000E+02 2.7285999E-01
4.0548001E+02 2.7203000E-01
4.0597000E+02 2.7151999E-01
4.0645001E+02 2.7145001E-01
4.0692999E+02 2.7129000E-01
4.0741000E+02 2.7131000E-01
4.0789999E+02 2.7113000E-01
4.0838000E+02 2.7024999E-01
4.0885999E+02 2.6929000E-01
4.0934000E+02 2.6899001E-01
4.0982001E+02 2.6833999E-01
4.1031000E+02 2.6749000E-01
4.1079001E+02 2.6686001E-01
4.1126999E+02 2.6578000E-01
4.1175000E+02 2.6491001E-01
4.1223001E+02 2.6374999E-01
4.1272000E+02 2.6210001E-01
4.1320001E+02 2.6076001E-01
4.1367999E+02 2.5949001E-01
4.1416000E+02 2.5784001E-01
4.1464999E+02 2.5597000E-01
4.1513000E+02 2.5486001E-01
4.1560999E+02 2.5365999E-01
4.1609000E+02 2.5156999E-01
4.1657001E+02 2.4984001E-01
4.1706000E+02 2.4841000E-01
4.1754001E+02 2.4669001E-01
4.1801999E+02 2.4508999E-01
4.1850000E+02 2.4364001E-01
4.1898001E+02 2.4208000E-01
4.1947000E+02 2.4005000E-01
4.1995001E+02 2.3774999E-01
4.2042999E+02 2.3636000E-01
4.2091000E+02 2.3542000E-01
4.2139999E+02 2.3397000E-01
4.2188000E+02 2.3231000E-01
4.2235999E+02 2.3095000E-01
4.2284000E+02 2.2981000E-01
4.2332001E+02 2.2788000E-01
4.2381000E+02 2.2615001E-01
4.2429001E+02 2.2521999E-01
4.2476999E+02 2.2382000E-01
4.2525000E+02 2.2210000E-01
4.2573001E+02 2.2073001E-01
4.2622000E+02 2.1999000E-01
4.2670001E+02 2.1935000E-01
4.2717999E+02 2.1848001E-01
4.2766000E+02 2.1771000E-01
4.2814999E+02 2.1649000E-01
4.2863000E+02 2.1501000E-01
4.2910999E+02 2.1382999E-01
4.2959000E+02 2.1294001E-01
4.3007001E+02 2.1190999E-01
4.3056000E+02 2.1089999E-01
4.3104001E+02 2.1083000E-01
4.3151999E+02 2.1049000E-01
4.3200000E+02 2.0912001E-01
4.3248001E+02 2.0837000E-01
4.3297000E+02 2.0790000E-01
4.3345001E+02 2.0706999E-01
4.3392999E+02 2.0689000E-01
4.3441000E+02 2.0698000E-01
4.3489999E+02 2.0642000E-01
4.3538000E+02 2.0563000E-01
4.3585999E+02 2.0502999E-01
4.3634000E+02 2.0450000E-01
4.3682001E+02 2.0400999E-01
4.3731000E+02 2.0367999E-01
4.3779001E+02 2.0396000E-01
4.3826999E+02 2.0465000E-01
4.3875000E+02 2.0457999E-01
4.3923001E+02 2.0445000E-01
4.3972000E+02 2.0557000E-01
4.4020001E+02 2.0680000E-01
4.4067999E+02 2.0777000E-01
4.4116000E+02 2.0931000E-01
4.4164999E+02 2.1091001E-01
4.4213000E+02 2.1255000E-01
4.4260999E+02 2.1531001E-01
4.4309000E+02 2.1867999E-01
4.4357001E+02 2.2125000E-01
4.4406000E+02 2.2383000E-01
4.4454001E+02 2.2747000E-01
4.4501999E+02 2.3145001E-01
4.4550000E+02 2.3451000E-01
4.4598001E+02 2.3734000E-01
4.4647000E+02 2.4176000E-01
4.4695001E+02 2.4647000E-01
4.4742999E+02 2.5047001E-01
4.4791000E+02 2.5463000E-01
4.4839999E+02 2.5858000E-01
4.4888000E+02 2.6234999E-01
4.4935999E+02 2.6607999E-01
4.4984000E+02 2.7013001E-01
4.5032001E+02 2.7399999E-01
4.5081000E+02 2.7722999E-01
4.5129001E+02 2.8106999E-01
4.5176999E+02 2.8540000E-01
4.5225000E+02 2.8902000E-01
4.5273001E+02 2.9203999E-01
4.5322000E+02 2.9550001E-01
4.5370001E+02 2.9938000E-01
4.5417999E+02 3.0285999E-01
4.5466000E+02 3.0629000E-01
4.5514999E+02 3.1047001E-01
4.5563000E+02 3.1494999E-01
4.5610999E+02 3.1876999E-01
4.5659000E+02 3.2225001E-01
4.5707001E+02 3.2650000E-01
4.5756000E+02 3.3135000E-01
4.5804001E+02 3.3621001E-01
4.5851999E+02 3.4160000E-01
4.5900000E+02 3.4725001E-01
4.5948001E+02 3.5315999E-01
4.5997000E+02 3.5991001E-01
4.6045001E+02 3.6743000E-01
4.6092999E+02 3.7531000E-01
4.6141000E+02 3.8246000E-01
4.6189999E+02 3.8967001E-01
4.6238000E+02 3.9831001E-01
4.6285999E+02 4.0740001E-01
4.6334000E+02 4.1674000E-01
4.6382001E+02 4.2682999E-01
4.6431000E+02 4.3735999E-01
4.6479001E+02 4.4804001E-01
4.6526999E+02 4.5838001E-01
4.6575000E+02 4.6941000E-01
4.6623001E+02 4.8192000E-01
4.6672000E+02 4.9351999E-01
4.6720001E+02 5.0492001E-01
4.6767999E+02 5.1765001E-01
4.6816000E+02 5.2965999E-01
4.6864999E+02 5.4141998E-01
4.6913000E+02 5.5392998E-01
4.6960999E+02 5.6555998E-01
4.7009000E+02 5.7599998E-01
4.7057001E+02 5.8726001E-01
4.7106000E+02 5.9801000E-01
4.7154001E+02 6.0664999E-01
4.7201999E+02 6.1574000E-01
4.7250000E+02 6.2454998E-01
4.7298001E+02 6.3203001E-01
4.7347000E+02 6.3863999E-01
4.7395001E+02 6.4497000E-01
4.7442999E+02 6.5158999E-01
4.7491000E+02 6.5521997E-01
4.7539999E+02 6.5731001E-01
4.7588000E+02 6.6132998E-01
4.7635999E+02 6.6390997E-01
4.7684000E+02 6.6549999E-01
4.7732001E+02 6.6834998E-01
4.7781000E+02 6.7022002E-01
4.7829001E+02 6.7053002E-01
4.7876999E+02 6.6938001E-01
4.7925000E+02 6.6759002E-01
4.7973001E+02 6.6666001E-01
4.8022000E+02 6.6570002E-01
4.8070001E+02 6.6490000E-01
4.8117999E+02 6.6505998E-01
4.8166000E+02 6.6385001E-01
4.8214999E+02 6.6185999E-01
4.8263000E+02 6.6012001E-01
4.8310999E+02 6.5731001E-01
4.8359000E+02 6.5627003E-01
4.8407001E+02 6.5634000E-01
4.8456000E+02 6.5416002E-01
4.8504001E+02 6.5121001E-01
4.8551999E+02 6.4885002E-01
4.8600000E+02 6.4679998E-01
4.8648001E+02 6.4521998E-01
4.8697000E+02 6.4419001E-01
4.8745001E+02 6.4275998E-01
4.8792999E+02 6.4140999E-01
4.8841000E+02 6.3985997E-01
4.8889999E+02 6.3789999E-01
4.8938000E+02 6.3714999E-01
4.8985999E+02 6.3669002E-01
4.9034000E+02 6.3485998E-01
4.9082001E+02 6.3279998E-01
4.9131000E+02 6.3214999E-01
4.9179001E+02 6.3174999E-01
4.9226999E+02 6.3097000E-01
4.9275000E+02 6.3108999E-01
4.9323001E+02 6.3142997E-01
4.9372000E+02 6.3134998E-01
4.9420001E+02 6.3133001E-01
4.9467999E+02 6.3137001E-01
4.9516000E+02 6.3132000E-01
4.9564999E+02 6.3051999E-01
4.9613000E+02 6.2987000E-01
4.9660999E+02 6.3125998E-01
4.9709000E+02 6.3268000E-01
4.9757001E+02 6.3209999E-01
4.9806000E+02 6.3126999E-01
4.9854001E+02 6.3213003E-01
4.9901999E+02 6.3400000E-01
4.9950000E+02 6.3543999E-01
4.9998001E+02 6.3713002E-01
5.0047000E+02 6.3866001E-01
5.0095001E+02 6.4007002E-01
5.0142999E+02 6.4133000E-01
5.0191000E+02 6.4175999E-01
5.0239999E+02 6.4407003E-01
5.0288000E+02 6.4710999E-01
5.0335999E+02 6.4851999E-01
5.0384000E+02 6.4967000E-01
5.0432001E+02 6.5075999E-01
5.0481000E+02 6.5233999E-01
5.0529001E+02 6.5402001E-01
5.0576999E+02 6.5542001E-01
5.0625000E+02 6.5614003E-01
5.0673001E+02 6.5551001E-01
5.0722000E+02 6.5452999E-01
5.0770001E+02 6.5147001E-01
5.0817999E+02 6.4806002E-01
5.0866000E+02 6.4863998E-01
5.0914999E+02 6.5025002E-01
5.0963000E+02 6.4924997E-01
5.1010999E+02 6.4809000E-01
5.1059000E+02 6.4863998E-01
5.1107001E+02 6.4868999E-01
5.1156000E+02 6.4826000E-01
5.1203998E+02 6.4846998E-01
5.1252002E+02 6.4753997E-01
5.1300000E+02 6.4532000E-01
5.1348999E+02 6.4270002E-01
5.1396997E+02 6.4034998E-01
5.1445001E+02 6.3885999E-01
5.1492999E+02 6.3717002E-01
5.1540997E+02 6.3508999E-01
5.1590002E+02 6.3330001E-01
5.1638000E+02 6.3046998E-01
5.1685999E+02 6.2639999E-01
5.1734003E+02 6.2239999E-01
5.1782001E+02 6.1881000E-01
5.1831000E+02 6.1539000E-01
5.1878998E+02 6.1180001E-01
5.1927002E+02 6.0790002E-01
5.1975000E+02 6.0382003E-01
5.2023999E+02 5.9966999E-01
5.2071997E+02 5.9564000E-01
5.2120001E+02 5.9214002E-01
5.2167999E+02 5.8785999E-01
5.2215997E+02 5.8247000E-01
5.2265002E+02 5.7791001E-01
5.2313000E+02 5.7331002E-01
5.2360999E+02 5.6777000E-01
5.2409003E+02 5.6287003E-01
5.2457001E+02 5.5866998E-01
5.2506000E+02 5.5425000E-01
5.2553998E+02 5.5922002E-01
5.2602002E+02 5.5443001E-01
5.2650000E+02 5.5312997E-01
5.2698999E+02 5.4535002E-01
5.2746997E+02 5.3688997E-01
5.2795001E+02 5.3343999E-01
5.2842999E+02 5.2872998E-01
5.2890997E+02 5.2407002E-01
5.2940002E+02 5.2072001E-01
5.2988000E+02 5.1591003E-01
5.3035999E+02 5.1340002E-01
5.3084003E+02 5.1098001E-01
5.3132001E+02 5.0577003E-01
5.3181000E+02 5.0349998E-01
5.3228998E+02 5.0102001E-01
5.3277002E+02 4.9669001E-01
5.3325000E+02 4.9325001E-01
5.3373999E+02 4.8927000E-01
5.3421997E+02 4.8611000E-01
5.3470001E+02 4.8100999E-01
5.3517999E+02 4.7703001E-01
5.3565997E+02 4.7558001E-01
5.3615002E+02 4.7095001E-01
5.3663000E+02 4.6840000E-01
5.3710999E+02 4.6465999E-01
5.3759003E+02 4.5857999E-01
5.3807001E+02 4.5605001E-01
5.3856000E+02 4.5313001E-01
5.3903998E+02 4.5116001E-01
5.3952002E+02 4.4879001E-01
5.4000000E+02 4.4474000E-01
5.4048999E+02 4.4150999E-01
5.4096997E+02 4.3919000E-01
5.4145001E+02 4.3819001E-01
5.4192999E+02 4.3533999E-01
5.4240997E+02 4.3184000E-01
5.4290002E+02 4.2943001E-01
5.4338000E+02 4.2704999E-01
5.4385999E+02 4.2436001E-01
5.4434003E+02 4.2261001E-01
5.4482001E+02 4.2219999E-01
5.4531000E+02 4.2065001E-01
5.4578998E+02 4.1964999E-01
5.4627002E+02 4.1804001E-01
5.4675000E+02 4.1505000E-01
5.4723999E+02 4.1411999E-01
5.4771997E+02 4.1330999E-01
5.4820001E+02 4.1172999E-01
5.4867999E+02 4.1135001E-01
5.4915997E+02 4.1146001E-01
5.4965002E+02 4.1205001E-01
5.5013000E+02 4.1264999E-01
5.5060999E+02 4.1225001E-01
5.5109003E+02 4.1202000E-01
5.5157001E+02 4.1183999E-01
5.5206000E+02 4.1229001E-01
5.5253998E+02 4.1352001E-01
5.5302002E+02 4.1461000E-01
5.5350000E+02 4.1607001E-01
5.5398999E+02 4.1696000E-01
5.5446997E+02 4.1786000E-01
5.5495001E+02 4.2005000E-01
5.5542999E+02 4.2285001E-01
5.5590997E+02 4.2545000E-01
5.5640002E+02 4.2741999E-01
5.5688000E+02 4.3007001E-01
5.5735999E+02 4.3346000E-01
5.5784003E+02 4.3614000E-01
5.5832001E+02 4.3921000E-01
5.5881000E+02 4.4253001E-01
5.5928998E+02 4.4514999E-01
5.5977002E+02 4.4832999E-01
5.6025000E+02 4.5216000E-01
5.6073999E+02 4.5523000E-01
5.6121997E+02 4.5752001E-01
5.6170001E+02 4.6030000E-01
5.6217999E+02 4.6303001E-01
5.6265997E+02 4.6632001E-01
5.6315002E+02 4.6974000E-01
5.6363000E+02 4.7193000E-01
5.6410999E+02 4.7470999E-01
5.6459003E+02 4.7753999E-01
5.6507001E+02 4.7925001E-01
5.6556000E+02 4.8049000E-01
5.6603998E+02 4.8256999E-01
5.6652002E+02 4.8537999E-01
5.6700000E+02 4.8727000E-01
5.6748999E+02 4.8795000E-01
5.6796997E+02 4.8909000E-01
5.6845001E+02 4.9052000E-01
5.6892999E+02 4.9064001E-01
5.6940997E+02 4.9135000E-01
5.6990002E+02 4.9322999E-01
5.7038000E+02 4.9419001E-01
5.7085999E+02 4.9392000E-01
5.7134003E+02 4.9390000E-01
5.7182001E+02 4.9382001E-01
5.7231000E+02 4.9239001E-01
5.7278998E+02 4.9219999E-01
5.7327002E+02 4.9340001E-01
5.7375000E+02 4.9313000E-01
5.7423999E+02 4.9235001E-01
5.7471997E+02 4.9274999E-01
5.7520001E+02 4.9197000E-01
5.7567999E+02 4.8851001E-01
5.7615997E+02 4.8655000E-01
5.7665002E+02 4.8719999E-01
5.7713000E+02 4.8725000E-01
5.7760999E+02 4.8631999E-01
5.7809003E+02 4.8486999E-01
5.7857001E+02 4.8278999E-01
5.7906000E+02 4.8067001E-01
5.7953998E+02 4.7962001E-01
5.8002002E+02 4.7896001E-01
5.8050000E+02 4.7696000E-01
5.8098999E+02 4.7470000E-01
5.8146997E+02 4.7198999E-01
5.8195001E+02 4.6933001E-01
5.8242999E+02 4.6740001E-01
5.8290997E+02 4.6445000E-01
5.8340002E+02 4.6215001E-01
5.8388000E+02 4.6138000E-01
5.8435999E+02 4.6008000E-01
5.8484003E+02 4.5671999E-01
5.8532001E+02 4.5287001E-01
5.8581000E+02 4.5006001E-01
5.8628998E+02 4.4746000E-01
5.8677002E+02 4.4494000E-01
5.8725000E+02 4.4143999E-01
5.8773999E+02 4.3788999E-01
5.8821997E+02 4.3522000E-01
5.8870001E+02 4.3215999E-01
5.8917999E+02 4.2888001E-01
5.8965997E+02 4.2546001E-01
5.9015002E+02 4.2146000E-01
5.9063000E+02 4.1701999E-01
5.9110999E+02 4.1435000E-01
5.9159003E+02 4.1264001E-01
5.9207001E+02 4.0873000E-01
5.9256000E+02 4.0403000E-01
5.9303998E+02 4.0000001E-01
5.9352002E+02 3.9633000E-01
5.9400000E+02 3.9271000E-01
5.9448999E+02 3.8839999E-01
5.9496997E+02 3.8442999E-01
5.9545001E+02 3.8157001E-01
5.9592999E+02 3.7762001E-01
5.9640997E+02 3.7281001E-01
5.9690002E+02 3.6963001E-01
5.9738000E+02 3.6638001E-01
5.9785999E+02 3.6158001E-01
5.9834003E+02 3.5743001E-01
5.9882001E+02 3.5422000E-01
5.9931000E+02 3.5098001E-01
5.9978998E+02 3.4775999E-01
6.0027002E+02 3.4391001E-01
6.0075000E+02 3.3958000E-01
6.0123999E+02 3.3669999E-01
6.0171997E+02 3.3441001E-01
6.0220001E+02 3.3057001E-01
6.0267999E+02 3.2684001E-01
6.0315997E+02 3.2394001E-01
6.0365002E+02 3.2071999E-01
6.0413000E+02 3.1773999E-01
6.0460999E+02 3.1446999E-01
6.0509003E+02 3.1042999E-01
6.0557001E+02 3.0757999E-01
6.0606000E+02 3.0570999E-01
6.0653998E+02 3.0272001E-01
6.0702002E+02 2.9980001E-01
6.0750000E+02 2.9743001E-01
6.0798999E+02 2.9464999E-01
6.0846997E+02 2.9240999E-01
6.0895001E+02 2.9069000E-01
6.0942999E+02 2.8843001E-01
6.0990997E+02 2.8573000E-01
6.1040002E+02 2.8321001E-01
6.1088000E+02 2.8018001E-01
6.1135999E+02 2.7704999E-01
6.1184003E+02 2.7511999E-01
6.1232001E+02 2.7364001E-01
6.1281000E+02 2.7199000E-01
6.1328998E+02 2.7035999E-01
6.1377002E+02 2.6892000E-01
6.1425000E+02 2.6784000E-01
6.1473999E+02 2.6591000E-01
6.1521997E+02 2.6311001E-01
6.1570001E+02 2.6153001E-01
6.1617999E+02 2.6069000E-01
6.1665997E+02 2.5929001E-01
6.1715002E+02 2.5742000E-01
6.1763000E+02 2.5612000E-01
6.1810999E+02 2.5538999E-01
6.1859003E+02 2.5332001E-01
6.1907001E+02 2.5189000E-01
6.1956000E+02 2.5176999E-01
6.2003998E+02 2.5046000E-01
6.2052002E+02 2.4879000E-01
6.2100000E+02 2.4728000E-01
6.2148999E+02 2.4612001E-01
6.2196997E+02 2.4584000E-01
6.2245001E+02 2.4542999E-01
6.2292999E+02 2.4427000E-01
6.2340997E+02 2.4330001E-01
6.2390002E+02 2.4329001E-01
6.2438000E+02 2.4333000E-01
6.2485999E+02 2.4297000E-01
6.2534003E+02 2.4194001E-01
6.2582001E+02 2.4053000E-01
6.2631000E+02 2.4011999E-01
6.2678998E+02 2.4013001E-01
6.2727002E+02 2.3954999E-01
6.2775000E+02 2.3875000E-01
6.2823999E+02 2.3856001E-01
6.2871997E+02 2.3841999E-01
6.2920001E+02 2.3712000E-01
6.2967999E+02 2.3570000E-01
6.3015997E+02 2.3534000E-01
6.3065002E+02 2.3565000E-01
6.3113000E+02 2.3571000E-01
6.3160999E+02 2.3508000E-01
6.3209003E+02 2.3469000E-01
6.3258002E+02 2.3453000E-01
6.3306000E+02 2.3301999E-01
6.3353998E+02 2.3198999E-01
6.3402002E+02 2.3266999E-01
6.3450000E+02 2.3193000E-01
6.3498999E+02 2.3055001E-01
6.3546997E+02 2.3040999E-01
6.3595001E+02 2.2956000E-01
6.3642999E+02 2.2769000E-01
6.3690997E+02 2.2725999E-01
6.3740002E+02 2.2832000E-01
6.3788000E+02 2.2791000E-01
6.3835999E+02 2.2630000E-01
6.3884003E+02 2.2482000E-01
6.3933002E+02 2.2336000E-01
6.3981000E+02 2.2216000E-01
6.4028998E+02 2.2040001E-01
6.4077002E+02 2.1966000E-01
6.4125000E+02 2.2103000E-01
6.4173999E+02 2.2098000E-01
6.4221997E+02 2.1892001E-01
6.4270001E+02 2.1747001E-01
6.4317999E+02 2.1663000E-01
6.4365997E+02 2.1565001E-01
6.4415002E+02 2.1488000E-01
6.4463000E+02 2.1329001E-01
6.4510999E+02 2.1122999E-01
6.4559003E+02 2.1072000E-01
6.4608002E+02 2.1055000E-01
6.4656000E+02 2.1001001E-01
6.4703998E+02 2.1006000E-01
6.4752002E+02 2.0922001E-01
6.4800000E+02 2.0749000E-01
6.4848999E+02 2.0682999E-01
6.4896997E+02 2.0610000E-01
6.4945001E+02 2.0456000E-01
6.4992999E+02 2.0401999E-01
6.5040997E+02 2.0370001E-01
6.5090002E+02 2.0216000E-01
6.5138000E+02 2.0163000E-01
6.5185999E+02 2.0172000E-01
6.5234003E+02 2.0031001E-01
6.5283002E+02 2.0013000E-01
6.5331000E+02 2.0046000E-01
6.5378998E+02 1.9885001E-01
6.5427002E+02 1.9832000E-01
6.5475000E+02 1.9829001E-01
6.5523999E+02 1.9689000E-01
6.5571997E+02 1.9660001E-01
6.5620001E+02 1.9637001E-01
6.5667999E+02 1.9493000E-01
6.5715997E+02 1.9478001E-01
6.5765002E+02 1.9504000E-01
6.5813000E+02 1.9386999E-01
6.5860999E+02 1.9320001E-01
6.5909003E+02 1.9329000E-01
6.5958002E+02 1.9255000E-01
6.6006000E+02 1.9194999E-01
6.6053998E+02 1.9171999E-01
6.6102002E+02 1.9101000E-01
6.6150000E+02 1.9101000E-01
6.6198999E+02 1.9109000E-01
6.6246997E+02 1.9036999E-01
6.6295001E+02 1.9017000E-01
6.6342999E+02 1.9013000E-01
6.6390997E+02 1.8923000E-01
6.6440002E+02 1.8817000E-01
6.6488000E+02 1.8817000E-01
6.6535999E+02 1.8787000E-01
6.6584003E+02 1.8698999E-01
6.6633002E+02 1.8725000E-01
6.6681000E+02 1.8653999E-01
6.6728998E+02 1.8509001E-01
6.6777002E+02 1.8539999E-01
6.6825000E+02 1.8535000E-01
6.6873999E+02 1.8456000E-01
6.6921997E+02 1.8499000E-01
6.6970001E+02 1.8502000E-01
6.7017999E+02 1.8404000E-01
6.7065997E+02 1.8395001E-01
6.7115002E+02 1.8376000E-01
6.7163000E+02 1.8308000E-01
6.7210999E+02 1.8314999E-01
6.7259003E+02 1.8312000E-01
6.7308002E+02 1.8234999E-01
6.7356000E+02 1.8165000E-01
6.7403998E+02 1.8115000E-01
6.7452002E+02 1.7998999E-01
6.7500000E+02 1.7963000E-01
6.7548999E+02 1.7964999E-01
6.7596997E+02 1.7810000E-01
6.7645001E+02 1.7718001E-01
6.7692999E+02 1.7676000E-01
6.7740997E+02 1.7572001E-01
6.7790002E+02 1.7543000E-01
6.7838000E+02 1.7499000E-01
6.7885999E+02 1.7366999E-01
6.7934003E+02 1.7297000E-01
6.7983002E+02 1.7239000E-01
6.8031000E+02 1.7081000E-01
6.8078998E+02 1.6998000E-01
6.8127002E+02 1.6960000E-01
6.8175000E+02 1.6810000E-01
6.8223999E+02 1.6733000E-01
6.8271997E+02 1.6731000E-01
6.8320001E+02 1.6650000E-01
6.8367999E+02 1.6561000E-01
6.8415997E+02 1.6491000E-01
6.8465002E+02 1.6374999E-01
6.8513000E+02 1.6277000E-01
6.8560999E+02 1.6245000E-01
6.8609003E+02 1.6145000E-01
6.8658002E+02 1.6071001E-01
6.8706000E+02 1.6080000E-01
6.8753998E+02 1.5945999E-01
6.8802002E+02 1.5819000E-01
6.8850000E+02 1.5808000E-01
6.8898999E+02 1.5715000E-01
6.8946997E+02 1.5647000E-01
6.8995001E+02 1.5640999E-01
6.9042999E+02 1.5546000E-01
6.9090997E+02 1.5469000E-01
6.9140002E+02 1.5466000E-01
6.9188000E+02 1.5374000E-01
6.9235999E+02 1.5277000E-01
6.9284003E+02 1.5249000E-01
6.9333002E+02 1.5153000E-01
6.9381000E+02 1.5064000E-01
6.9428998E+02 1.5042999E-01
6.9477002E+02 1.4980000E-01
6.9525000E+02 1.4890000E-01
6.9573999E+02 1.4884000E-01
6.9621997E+02 1.4825000E-01
6.9670001E+02 1.4665000E-01
6.9717999E+02 1.4644000E-01
6.9765997E+02 1.4620000E-01
6.9815002E+02 1.4484000E-01
6.9863000E+02 1.4442000E-01
6.9910999E+02 1.4409000E-01
6.9959003E+02 1.4340000E-01
7.0008002E+02 1.4340000E-01
7.0056000E+02 1.4286999E-01
7.0103998E+02 1.4137000E-01
7.0152002E+02 1.4092000E-01
7.0200000E+02 1.4082000E-01
7.0248999E+02 1.3959000E-01
7.0296997E+02 1.3919000E-01
7.0345001E+02 1.3906001E-01
7.0392999E+02 1.3775000E-01
7.0440997E+02 1.3733999E-01
7.0490002E+02 1.3717000E-01
7.0538000E+02 1.3592000E-01
7.0585999E+02 1.3546000E-01
7.0634003E+02 1.3535000E-01
7.0683002E+02 1.3427000E-01
7.0731000E+02 1.3378000E-01
7.0778998E+02 1.3377000E-01
7.0827002E+02 1.3268000E-01
7.0875000E+02 1.3200000E-01
7.0923999E+02 1.3202000E-01
7.0971997E+02 1.3096000E-01
7.1020001E+02 1.3064000E-01
7.1067999E+02 1.3104001E-01
7.1115997E+02 1.2957001E-01
7.1165002E+02 1.2870000E-01
7.1213000E+02 1.2924001E-01
7.1260999E+02 1.2817000E-01
7.1309003E+02 1.2726000E-01
7.1358002E+02 1.2767000E-01
7.1406000E+02 1.2683000E-01
7.1453998E+02 1.2576000E-01
7.1502002E+02 1.2566000E-01
7.1550000E+02 1.2482000E-01
7.1598999E+02 1.2403000E-01
7.1646997E+02 1.2436000E-01
7.1695001E+02 1.2375000E-01
7.1742999E+02 1.2281000E-01
7.1790997E+02 1.2324000E-01
7.1840002E+02 1.2277000E-01
7.1888000E+02 1.2173000E-01
7.1935999E+02 1.2188000E-01
7.1984003E+02 1.2121000E-01
7.2033002E+02 1.2010000E-01
7.2081000E+02 1.2029000E-01
7.2128998E+02 1.2000000E-01
7.2177002E+02 1.1889000E-01
7.2225000E+02 1.1891000E-01
7.2273999E+02 1.1840000E-01
7.2321997E+02 1.1700000E-01
7.2370001E+02 1.1748000E-01
7.2417999E+02 1.1765000E-01
7.2465997E+02 1.1650000E-01
7.2515002E+02 1.1670000E-01
7.2563000E+02 1.1642000E-01
7.2610999E+02 1.1512000E-01
7.2659003E+02 1.1544000E-01
7.2708002E+02 1.1531000E-01
7.2756000E+02 1.1388000E-01
7.2803998E+02 1.1420000E-01
7.2852002E+02 1.1460000E-01
7.2900000E+02 1.1344000E-01
7.2948999E+02 1.1342000E-01
7.2996997E+02 1.1344000E-01
7.3045001E+02 1.1235000E-01
7.3092999E+02 1.1239000E-01
7.3140997E+02 1.1266000E-01
7.3190002E+02 1.1146000E-01
7.3238000E+02 1.1100000E-01
7.3285999E+02 1.1170000E-01
7.3334003E+02 1.1104000E-01
7.3383002E+02 1.1070000E-01
7.3431000E+02 1.1127000E-01
7.3478998E+02 1.1022000E-01
7.3527002E+02 1.0992000E-01
7.3575000E+02 1.1047000E-01
7.3623999E+02 1.0933000E-01
7.3671997E+02 1.0901000E-01
7.3720001E+02 1.0978000E-01
7.3767999E+02 1.0912000E-01
7.3815997E+02 1.0871000E-01
7.3865002E+02 1.0917000E-01
7.3913000E+02 1.0840000E-01
7.3960999E+02 1.0797000E-01
7.4009003E+02 1.0850000E-01
7.4058002E+02 1.0767000E-01
7.4106000E+02 1.0700000E-01
7.4153998E+02 1.0752000E-01
7.4202002E+02 1.0708000E-01
7.4250000E+02 1.0649000E-01
7.4298999E+02 1.0681000E-01
7.4346997E+02 1.0625000E-01
7.4395001E+02 1.0550000E-01
7.4442999E+02 1.0627000E-01
7.4490997E+02 1.0617000E-01
7.4540002E+02 1.0525000E-01
7.4588000E+02 1.0562000E-01
7.4635999E+02 1.0496000E-01
7.4684003E+02 1.0397000E-01
7.4733002E+02 1.0468000E-01
7.4781000E+02 1.0461000E-01
7.4828998E+02 1.0402000E-01
7.4877002E+02 1.0454000E-01
7.4925000E+02 1.0426000E-01
7.4973999E+02 1.0332000E-01
7.5021997E+02 1.0403000E-01
7.5070001E+02 1.0420000E-01
7.5117999E+02 1.0315000E-01
7.5165997E+02 1.0351000E-01
7.5215002E+02 1.0352000E-01
7.5263000E+02 1.0276000E-01
7.5310999E+02 1.0318000E-01
7.5359003E+02 1.0286000E-01
7.5408002E+02 1.0180000E-01
7.5456000E+02 1.0229000E-01
7.5503998E+02 1.0275000E-01
7.5552002E+02 1.0208000E-01
7.5600000E+02 1.0249000E-01
7.5648999E+02 1.0284000E-01
7.5696997E+02 1.0166000E-01
7.5745001E+02 1.0197000E-01
7.5792999E+02 1.0266000E-01
7.5840997E+02 1.0152000E-01
7.5890002E+02 1.0168000E-01
7.5938000E+02 1.0248000E-01
7.5985999E+02 1.0153000E-01
7.6034003E+02 1.0139000E-01
7.6083002E+02 1.0207000E-01
7.6131000E+02 1.0158000E-01
7.6178998E+02 1.0177000E-01
7.6227002E+02 1.0239000E-01
7.6275000E+02 1.0161000E-01
7.6323999E+02 1.0154000E-01
7.6371997E+02 1.0218000E-01
7.6420001E+02 1.0150000E-01
7.6467999E+02 1.0131000E-01
7.6516998E+02 1.0205000E-01
7.6565002E+02 1.0176000E-01
7.6613000E+02 1.0178000E-01
7.6660999E+02 1.0259000E-01
7.6709003E+02 1.0207000E-01
7.6758002E+02 1.0183000E-01
7.6806000E+02 1.0290000E-01
7.6853998E+02 1.0244000E-01
7.6902002E+02 1.0201000E-01
7.6950000E+02 1.0308000E-01
7.6998999E+02 1.0273000E-01
7.7046997E+02 1.0261000E-01
7.7095001E+02 1.0382000E-01
7.7142999E+02 1.0344000E-01
7.7191998E+02 1.0300000E-01
7.7240002E+02 1.0391000E-01
7.7288000E+02 1.0367000E-01
7.7335999E+02 1.0337000E-01
7.7384003E+02 1.0459000E-01
7.7433002E+02 1.0459000E-01
7.7481000E+02 1.0407000E-01
7.7528998E+02 1.0507000E-01
7.7577002E+02 1.0504000E-01
7.7625000E+02 1.0475000E-01
7.7673999E+02 1.0618000E-01
7.7721997E+02 1.0636000E-01
7.7770001E+02 1.0555000E-01
7.7817999E+02 1.0662000E-01
7.7866998E+02 1.0707000E-01
7.7915002E+02 1.0615000E-01
7.7963000E+02 1.0728000E-01
7.8010999E+02 1.0817000E-01
7.8059003E+02 1.0743000E-01
7.8108002E+02 1.0828000E-01
7.8156000E+02 1.0885000E-01
7.8203998E+02 1.0832000E-01
7.8252002E+02 1.0950000E-01
7.8300000E+02 1.1018000E-01
7.8348999E+02 1.0926000E-01
7.8396997E+02 1.0999000E-01
7.8445001E+02 1.1101000E-01
7.8492999E+02 1.1053000E-01
7.8541998E+02 1.1138000E-01
7.8590002E+02 1.1238000E-01
7.8638000E+02 1.1178000E-01
7.8685999E+02 1.1253000E-01
7.8734003E+02 1.1386000E-01
7.8783002E+02 1.1349000E-01
7.8831000E+02 1.1396000E-01
7.8878998E+02 1.1525000E-01
7.8927002E+02 1.1509000E-01
7.8975000E+02 1.1562000E-01
7.9023999E+02 1.1701000E-01
7.9071997E+02 1.1681000E-01
7.9120001E+02 1.1732000E-01
7.9167999E+02 1.1883000E-01
7.9216998E+02 1.1859000E-01
7.9265002E+02 1.1923000E-01
7.9313000E+02 1.2089000E-01
7.9360999E+02 1.2061000E-01
7.9409003E+02 1.2129000E-01
7.9458002E+02 1.2299000E-01
7.9506000E+02 1.2278000E-01
7.9553998E+02 1.2337000E-01
7.9602002E+02 1.2555000E-01
7.9650000E+02 1.2589000E-01
7.9698999E+02 1.2587000E-01
7.9746997E+02 1.2777001E-01
7.9795001E+02 1.2853999E-01
7.9842999E+02 1.2856001E-01
7.9891998E+02 1.3030000E-01
7.9940002E+02 1.3130000E-01
7.9988000E+02 1.3158000E-01
8.0035999E+02 1.3338000E-01
8.0084003E+02 1.3441999E-01
8.0133002E+02 1.3465001E-01
8.0181000E+02 1.3679001E-01
8.0228998E+02 1.3834000E-01
8.0277002E+02 1.3861001E-01
8.0325000E+02 1.4040001E-01
8.0373999E+02 1.4162999E-01
8.0421997E+02 1.4235000E-01
8.0470001E+02 1.4484000E-01
8.0517999E+02 1.4646000E-01
8.0566998E+02 1.4703999E-01
8.0615002E+02 1.4922000E-01
8.0663000E+02 1.5106000E-01
8.0710999E+02 1.5184000E-01
8.0759003E+02 1.5444000E-01
8.0808002E+02 1.5667000E-01
8.0856000E+02 1.5738000E-01
8.0903998E+02 1.6001000E-01
8.0952002E+02 1.6257000E-01
8.1000000E+02 1.6387001E-01
8.1048999E+02 1.6673000E-01
8.1096997E+02 1.6962001E-01
8.1145001E+02 1.7110001E-01
8.1192999E+02 1.7398000E-01
8.1241998E+02 1.7750999E-01
8.1290002E+02 1.7933001E-01
8.1338000E+02 1.8246000E-01
8.1385999E+02 1.8669000E-01
8.1434003E+02 1.8923000E-01
8.1483002E+02 1.9288000E-01
8.1531000E+02 1.9746000E-01
8.1578998E+02 2.0039999E-01
8.1627002E+02 2.0462000E-01
8.1675000E+02 2.1008000E-01
8.1723999E+02 2.1377000E-01
8.1771997E+02 2.1847001E-01
8.1820001E+02 2.2490001E-01
8.1867999E+02 2.2988001E-01
8.1916998E+02 2.3533000E-01
8.1965002E+02 2.4259000E-01
8.2013000E+02 2.4889000E-01
8.2060999E+02 2.5582001E-01
8.2109003E+02 2.6480001E-01
8.2158002E+02 2.7257001E-01
8.2206000E+02 2.8088999E-01
8.2253998E+02 2.9229000E-01
8.2302002E+02 3.0320999E-01
8.2350000E+02 3.1404999E-01
8.2398999E+02 3.2767001E-01
8.2446997E+02 3.4095001E-01
8.2495001E+02 3.5429999E-01
8.2542999E+02 3.7083000E-01
8.2591998E+02 3.8696000E-01
8.2640002E+02 4.0274999E-01
8.2688000E+02 4.2116001E-01
8.2735999E+02 4.3808001E-01
8.2784003E+02 4.5374000E-01
8.2833002E+02 4.7183999E-01
8.2881000E+02 4.8765999E-01
8.2928998E+02 4.9994001E-01
8.2977002E+02 5.1233000E-01
8.3025000E+02 5.2056003E-01
8.3073999E+02 5.2342999E-01
8.3121997E+02 5.2516001E-01
8.3170001E+02 5.2329999E-01
8.3217999E+02 5.1609999E-01
8.3266998E+02 5.0626999E-01
8.3315002E+02 4.9388000E-01
8.3363000E+02 4.7852001E-01
8.3410999E+02 4.6287000E-01
8.3459003E+02 4.4758001E-01
8.3508002E+02 4.3204999E-01
8.3556000E+02 4.1907999E-01
8.3603998E+02 4.0818000E-01
8.3652002E+02 3.9697999E-01
8.3700000E+02 3.8859999E-01
8.3748999E+02 3.8275000E-01
8.3796997E+02 3.7614000E-01
8.3845001E+02 3.7261000E-01
8.3892999E+02 3.7228000E-01
8.3941998E+02 3.7077001E-01
8.3990002E+02 3.7131000E-01
8.4038000E+02 3.7436000E-01
8.4085999E+02 3.7630999E-01
8.4134003E+02 3.7983999E-01
8.4183002E+02 3.8523999E-01
8.4231000E+02 3.8929999E-01
8.4278998E+02 3.9460999E-01
8.4327002E+02 4.0220001E-01
8.4375000E+02 4.0873000E-01
8.4423999E+02 4.1596001E-01
8.4471997E+02 4.2548999E-01
8.4520001E+02 4.3397999E-01
8.4567999E+02 4.4284999E-01
8.4616998E+02 4.5394999E-01
8.4665002E+02 4.6379000E-01
8.4713000E+02 4.7367001E-01
8.4760999E+02 4.8616999E-01
8.4809003E+02 4.9759001E-01
8.4858002E+02 5.0854999E-01
8.4906000E+02 5.2239001E-01
8.4953998E+02 5.3564000E-01
8.5002002E+02 5.4804999E-01
8.5050000E+02 5.6314999E-01
8.5098999E+02 5.7753998E-01
8.5146997E+02 5.9091002E-01
8.5195001E+02 6.0690999E-01
8.5242999E+02 6.2163001E-01
8.5291998E+02 6.3432002E-01
8.5340002E+02 6.5017998E-01
8.5388000E+02 6.6723001E-01
8.5435999E+02 6.8250000E-01
8.5484003E+02 6.9915998E-01
8.5533002E+02 7.1579999E-01
8.5581000E+02 7.3066002E-01
8.5628998E+02 7.4734998E-01
8.5677002E+02 7.6402998E-01
8.5725000E+02 7.7902001E-01
8.5773999E+02 7.9505002E-01
8.5821997E+02 8.1083000E-01
8.5870001E+02 8.2519001E-01
8.5917999E+02 8.4039998E-01
8.5966998E+02 8.5614997E-01
8.6015002E+02 8.7070000E-01
8.6063000E+02 8.8565999E-01
8.6110999E+02 9.0030998E-01
8.6159003E+02 9.1268998E-01
8.6208002E+02 9.2561001E-01
8.6256000E+02 9.4015002E-01
8.6303998E+02 9.5353001E-01
8.6352002E+02 9.6530002E-01
8.6400000E+02 9.7741997E-01
8.6448999E+02 9.9010998E-01
8.6496997E+02 1.0012000E+00
8.6545001E+02 1.0111001E+00
8.6592999E+02 1.0214000E+00
8.6641998E+02 1.0316000E+00
8.6690002E+02 1.0430000E+00
8.6738000E+02 1.0533000E+00
8.6785999E+02 1.0608000E+00
8.6834003E+02 1.0692000E+00
8.6883002E+02 1.0766000E+00
8.6931000E+02 1.0835000E+00
8.6978998E+02 1.0925000E+00
8.7027002E+02 1.0991000E+00
8.7075000E+02 1.1044000E+00
8.7123999E+02 1.1116000E+00
8.7171997E+02 1.1181999E+00
8.7220001E+02 1.1232001E+00
8.7267999E+02 1.1289999E+00
8.7316998E+02 1.1351000E+00
8.7365002E+02 1.1394000E+00
8.7413000E+02 1.1447001E+00
8.7460999E+02 1.1490000E+00
8.7509003E+02 1.1509000E+00
8.7558002E+02 1.1546000E+00
8.7606000E+02 1.1569999E+00
8.7653998E+02 1.1573000E+00
8.7702002E+02 1.1612999E+00
8.7750000E+02 1.1644000E+00
8.7798999E+02 1.1634001E+00
8.7846997E+02 1.1653000E+00
8.7895001E+02 1.1674000E+00
8.7942999E+02 1.1668000E+00
8.7991998E+02 1.1689000E+00
8.8040002E+02 1.1702000E+00
8.8088000E+02 1.1686000E+00
8.8135999E+02 1.1687000E+00
8.8184003E+02 1.1690000E+00
8.8233002E+02 1.1684000E+00
8.8281000E+02 1.1704000E+00
8.8328998E+02 1.1712000E+00
8.8377002E+02 1.1697000E+00
8.8426001E+02 1.1680000E+00
8.8473999E+02 1.1664000E+00
8.8521997E+02 1.1658000E+00
8.8570001E+02 1.1654000E+00
8.8617999E+02 1.1638000E+00
8.8666998E+02 1.1614000E+00
8.8715002E+02 1.1605000E+00
8.8763000E+02 1.1601000E+00
8.8810999E+02 1.1575000E+00
8.8859003E+02 1.1559000E+00
8.8908002E+02 1.1562001E+00
8.8956000E+02 1.1539000E+00
8.9003998E+02 1.1500000E+00
8.9052002E+02 1.1496000E+00
8.9101001E+02 1.1486000E+00
8.9148999E+02 1.1451000E+00
8.9196997E+02 1.1432000E+00
8.9245001E+02 1.1410000E+00
8.9292999E+02 1.1368999E+00
8.9341998E+02 1.1335000E+00
8.9390002E+02 1.1316000E+00
8.9438000E+02 1.1298000E+00
8.9485999E+02 1.1280000E+00
8.9534003E+02 1.1242000E+00
8.9583002E+02 1.1209000E+00
8.9631000E+02 1.1191000E+00
8.9678998E+02 1.1153001E+00
8.9727002E+02 1.1120000E+00
8.9776001E+02 1.1100000E+00
8.9823999E+02 1.1081001E+00
8.9871997E+02 1.1045001E+00
8.9920001E+02 1.1007000E+00
8.9967999E+02 1.0975000E+00
9.0016998E+02 1.0921000E+00
9.0065002E+02 1.0899000E+00
9.0113000E+02 1.0893000E+00
9.0160999E+02 1.0872999E+00
9.0209003E+02 1.0863000E+00
9.0258002E+02 1.0831000E+00
9.0306000E+02 1.0805000E+00
9.0353998E+02 1.0781000E+00
9.0402002E+02 1.0739000E+00
9.0451001E+02 1.0703000E+00
9.0498999E+02 1.0688000E+00
9.0546997E+02 1.0677000E+00
9.0595001E+02 1.0638000E+00
9.0642999E+02 1.0601000E+00
9.0691998E+02 1.0575000E+00
9.0740002E+02 1.0546000E+00
9.0788000E+02 1.0527000E+00
9.0835999E+02 1.0495000E+00
9.0884003E+02 1.0451000E+00
9.0933002E+02 1.0431000E+00
9.0981000E+02 1.0424000E+00
9.1028998E+02 1.0400000E+00
9.1077002E+02 1.0379000E+00
9.1126001E+02 1.0361000E+00
9.1173999E+02 1.0322000E+00
9.1221997E+02 1.0295000E+00
9.1270001E+02 1.0293000E+00
9.1317999E+02 1.0274000E+00
9.1366998E+02 1.0245000E+00
9.1415002E+02 1.0231000E+00
9.1463000E+02 1.0204000E+00
9.1510999E+02 1.0175000E+00
9.1559003E+02 1.0160000E+00
9.1608002E+02 1.0135000E+00
9.1656000E+02 1.0111001E+00
9.1703998E+02 1.0109000E+00
9.1752002E+02 1.0103000E+00
9.1801001E+02 1.0074000E+00
9.1848999E+02 1.0046000E+00
9.1896997E+02 1.0024000E+00
9.1945001E+02 1.0012000E+00
9.1992999E+02 1.0012000E+00
9.2041998E+02 9.9875998E-01
9.2090002E+02 9.9469000E-01
9.2138000E+02 9.9224001E-01
9.2185999E+02 9.8898000E-01
9.2234003E+02 9.8355001E-01
9.2283002E+02 9.7852999E-01
9.2331000E+02 9.7404999E-01
9.2378998E+02 9.6850002E-01
9.2427002E+02 9.6202999E-01
9.2476001E+02 9.5296001E-01
9.2523999E+02 9.4357997E-01
9.2571997E+02 9.3598002E-01
9.2620001E+02 9.2554998E-01
9.2667999E+02 9.1333002E-01
9.2716998E+02 9.0131003E-01
9.2765002E+02 8.8722998E-01
9.2813000E+02 8.7247002E-01
9.2860999E+02 8.5903001E-01
9.2909003E+02 8.4417999E-01
9.2958002E+02 8.2811999E-01
9.3006000E+02 8.1452000E-01
9.3053998E+02 8.0096000E-01
9.3102002E+02 7.8729999E-01
9.3151001E+02 7.7613002E-01
9.3198999E+02 7.6520002E-01
9.3246997E+02 7.5520998E-01
9.3295001E+02 7.4761999E-01
9.3342999E+02 7.4032998E-01
9.3391998E+02 7.3313999E-01
9.3440002E+02 7.2802001E-01
9.3488000E+02 7.2399002E-01
9.3535999E+02 7.1916997E-01
9.3584003E+02 7.1612000E-01
9.3633002E+02 7.1529001E-01
9.3681000E+02 7.1450001E-01
9.3728998E+02 7.1577001E-01
9.3777002E+02 7.1869999E-01
9.3826001E+02 7.2068000E-01
9.3873999E+02 7.2333997E-01
9.3921997E+02 7.2767001E-01
9.3970001E+02 7.3367000E-01
9.4017999E+02 7.4202001E-01
9.4066998E+02 7.5119001E-01
9.4115002E+02 7.6115000E-01
9.4163000E+02 7.7359998E-01
9.4210999E+02 7.8745002E-01
9.4259003E+02 8.0132002E-01
9.4308002E+02 8.1579000E-01
9.4356000E+02 8.3118999E-01
9.4403998E+02 8.4687001E-01
9.4452002E+02 8.6241001E-01
9.4501001E+02 8.7769997E-01
9.4548999E+02 8.9162999E-01
9.4596997E+02 9.0473998E-01
9.4645001E+02 9.1773999E-01
9.4692999E+02 9.2773998E-01
9.4741998E+02 9.3466002E-01
9.4790002E+02 9.4120997E-01
9.4838000E+02 9.4638997E-01
9.4885999E+02 9.4972998E-01
9.4934003E+02 9.5287001E-01
9.4983002E+02 9.5410001E-01
9.5031000E+02 9.5235997E-01
9.5078998E+02 9.5098001E-01
9.5127002E+02 9.4954002E-01
9.5176001E+02 9.4590998E-01
9.5223999E+02 9.4180000E-01
9.5271997E+02 9.3826002E-01
9.5320001E+02 9.3449003E-01
9.5367999E+02 9.2966002E-01
9.5416998E+02 9.2477000E-01
9.5465002E+02 9.2035002E-01
9.5513000E+02 9.1545999E-01
9.5560999E+02 9.1062999E-01
9.5609003E+02 9.0674001E-01
9.5658002E+02 9.0406001E-01
9.5706000E+02 9.0042001E-01
9.5753998E+02 8.9516997E-01
9.5802002E+02 8.9140999E-01
9.5851001E+02 8.8897002E-01
9.5898999E+02 8.8634998E-01
9.5946997E+02 8.8429999E-01
9.5995001E+02 8.8182998E-01
9.6042999E+02 8.7857997E-01
9.6091998E+02 8.7656999E-01
9.6140002E+02 8.7466002E-01
9.6188000E+02 8.7244999E-01
9.6235999E+02 8.7263000E-01
9.6284003E+02 8.7273002E-01
9.6333002E+02 8.6974001E-01
9.6381000E+02 8.6711001E-01
9.6428998E+02 8.6607999E-01
9.6477002E+02 8.6501002E-01
9.6526001E+02 8.6527002E-01
9.6573999E+02 8.6606997E-01
9.6621997E+02 8.6470002E-01
9.6670001E+02 8.6233002E-01
9.6717999E+02 8.6107999E-01
9.6766998E+02 8.5961998E-01
9.6815002E+02 8.5797000E-01
9.6863000E+02 8.5736001E-01
9.6910999E+02 8.5566998E-01
9.6959003E+02 8.5308999E-01
9.7008002E+02 8.5127997E-01
9.7056000E+02 8.4981000E-01
9.7103998E+02 8.4859997E-01
9.7152002E+02 8.4777999E-01
9.7201001E+02 8.4649998E-01
9.7248999E+02 8.4494001E-01
9.7296997E+02 8.4367001E-01
9.7345001E+02 8.4101999E-01
9.7392999E+02 8.3828998E-01
9.7441998E+02 8.3690000E-01
9.7490002E+02 8.3398998E-01
9.7538000E+02 8.3059001E-01
9.7585999E+02 8.2918000E-01
9.7634003E+02 8.2736999E-01
9.7683002E+02 8.2468998E-01
9.7731000E+02 8.2293999E-01
9.7778998E+02 8.2046998E-01
9.7827002E+02 8.1681001E-01
9.7876001E+02 8.1414998E-01
9.7923999E+02 8.1265002E-01
9.7971997E+02 8.1136000E-01
9.8020001E+02 8.1004000E-01
9.8067999E+02 8.0756998E-01
9.8116998E+02 8.0381000E-01
9.8165002E+02 8.0056000E-01
9.8213000E+02 7.9751003E-01
9.8260999E+02 7.9437000E-01
9.8309003E+02 7.9263997E-01
9.8358002E+02 7.9119998E-01
9.8406000E+02 7.8798997E-01
9.8453998E+02 7.8451997E-01
9.8502002E+02 7.8206998E-01
9.8551001E+02 7.7899998E-01
9.8598999E+02 7.7516001E-01
9.8646997E+02 7.7201998E-01
9.8695001E+02 7.6896000E-01
9.8742999E+02 7.6589000E-01
9.8791998E+02 7.6339000E-01
9.8840002E+02 7.6037002E-01
9.8888000E+02 7.5709999E-01
9.8935999E+02 7.5383002E-01
9.8984003E+02 7.4978000E-01
9.9033002E+02 7.4682999E-01
9.9081000E+02 7.4448001E-01
9.9128998E+02 7.3996001E-01
9.9177002E+02 7.3567998E-01
9.9226001E+02 7.3280001E-01
9.9273999E+02 7.2915000E-01
9.9321997E+02 7.2525001E-01
9.9370001E+02 7.2165000E-01
9.9417999E+02 7.1789998E-01
9.9466998E+02 7.1420997E-01
9.9515002E+02 7.1063000E-01
9.9563000E+02 7.0678002E-01
9.9610999E+02 7.0283997E-01
9.9659003E+02 6.9885999E-01
9.9708002E+02 6.9423002E-01
9.9756000E+02 6.8939000E-01
9.9803998E+02 6.8526000E-01
9.9852002E+02 6.8118000E-01
9.9901001E+02 6.7636001E-01
9.9948999E+02 6.7227000E-01
9.9996997E+02 6.6784000E-01
1.0005000E+03 6.6249001E-01
1.0009000E+03 6.5864998E-01
1.0014000E+03 6.5425998E-01
1.0019000E+03 6.4895999E-01
1.0024000E+03 6.4507997E-01
1.0029000E+03 6.4025003E-01
1.0033000E+03 6.3433999E-01
1.0038000E+03 6.2971997E-01
1.0043000E+03 6.2540001E-01
1.0048000E+03 6.2031001E-01
1.0053000E+03 6.1528999E-01
1.0058000E+03 6.1053002E-01
1.0062000E+03 6.0479999E-01
1.0067000E+03 5.9894001E-01
1.0072000E+03 5.9448999E-01
1.0077000E+03 5.8951998E-01
1.0082000E+03 5.8438998E-01
1.0086000E+03 5.7955998E-01
1.0091000E+03 5.7388997E-01
1.0096000E+03 5.6914997E-01
1.0101000E+03 5.6399000E-01
1.0106000E+03 5.5723000E-01
1.0111000E+03 5.5202001E-01
1.0115000E+03 5.4789001E-01
1.0120000E+03 5.4206997E-01
1.0125000E+03 5.3640002E-01
1.0130000E+03 5.3193998E-01
1.0135000E+03 5.2596003E-01
1.0140000E+03 5.2007002E-01
1.0144000E+03 5.1590002E-01
1.0149000E+03 5.1046997E-01
1.0154000E+03 5.0432998E-01
1.0159000E+03 4.9989000E-01
1.0164000E+03 4.9542001E-01
1.0168000E+03 4.8986000E-01
1.0173000E+03 4.8524001E-01
1.0178000E+03 4.8067999E-01
1.0183000E+03 4.7519001E-01
1.0188000E+03 4.7013000E-01
1.0193000E+03 4.6524999E-01
1.0197000E+03 4.6116999E-01
1.0202000E+03 4.5750999E-01
1.0207000E+03 4.5196000E-01
1.0212000E+03 4.4661000E-01
1.0217000E+03 4.4310999E-01
1.0221000E+03 4.3877000E-01
1.0226000E+03 4.3371999E-01
1.0231000E+03 4.2989999E-01
1.0236000E+03 4.2664999E-01
1.0241000E+03 4.2298001E-01
1.0246000E+03 4.1869000E-01
1.0250000E+03 4.1385001E-01
1.0255000E+03 4.0942001E-01
1.0260000E+03 4.0674999E-01
1.0265000E+03 4.0395001E-01
1.0270000E+03 3.9985001E-01
1.0275000E+03 3.9673001E-01
1.0279000E+03 3.9368999E-01
1.0284000E+03 3.8982999E-01
1.0289000E+03 3.8698000E-01
1.0294000E+03 3.8395000E-01
1.0299000E+03 3.8023001E-01
1.0303000E+03 3.7751001E-01
1.0308000E+03 3.7487000E-01
1.0313000E+03 3.7213001E-01
1.0318000E+03 3.7028000E-01
1.0323000E+03 3.6820000E-01
1.0328000E+03 3.6517000E-01
1.0332000E+03 3.6236000E-01
1.0337000E+03 3.6054000E-01
1.0342000E+03 3.5846001E-01
1.0347000E+03 3.5635999E-01
1.0352000E+03 3.5462999E-01
1.0500000E+03 2.8000000E-01
1.1000000E+03 1.5000001E-01
1.1403000E+03 8.2382001E-02
1.1408000E+03 8.1280001E-02
1.1412000E+03 8.0121003E-02
1.1417000E+03 7.9553999E-02
1.1422000E+03 7.8759000E-02
1.1427000E+03 7.7881999E-02
1.1432000E+03 7.7151000E-02
1.1436000E+03 7.6136999E-02
1.1441000E+03 7.5211003E-02
1.1446000E+03 7.4583001E-02
1.1451000E+03 7.4037999E-02
1.1456000E+03 7.2965004E-02
1.1461000E+03 7.2067998E-02
1.1465000E+03 7.1722001E-02
1.1470000E+03 7.0735998E-02
1.1475000E+03 6.9859996E-02
1.1480000E+03 6.9431998E-02
1.1485000E+03 6.8699002E-02
1.1490000E+03 6.8116002E-02
1.1494000E+03 6.7442998E-02
1.1499000E+03 6.6405997E-02
1.1504000E+03 6.5876000E-02
1.1509000E+03 6.5545999E-02
1.1514000E+03 6.4561002E-02
1.1518000E+03 6.3692003E-02
1.1523000E+03 6.3382998E-02
1.1528000E+03 6.2913001E-02
1.1533000E+03 6.2174000E-02
1.1538000E+03 6.1678998E-02
1.1543000E+03 6.1322998E-02
1.1547000E+03 6.0711998E-02
1.1552000E+03 5.9992999E-02
1.1557000E+03 5.9096999E-02
1.1562000E+03 5.8307000E-02
1.1567000E+03 5.8083002E-02
1.1571000E+03 5.7622001E-02
1.1576000E+03 5.6703001E-02
1.1581000E+03 5.6152999E-02
1.1586000E+03 5.5723000E-02
1.1591000E+03 5.4922000E-02
1.1596000E+03 5.4336000E-02
1.1600000E+03 5.4005999E-02
1.1605000E+03 5.3443000E-02
1.1610000E+03 5.2955002E-02
1.1615000E+03 5.2299000E-02
1.1620000E+03 5.1546998E-02
1.1625000E+03 5.1231999E-02
1.1629000E+03 5.0685000E-02
1.1634000E+03 4.9876001E-02
1.1639000E+03 4.9295999E-02
1.1644000E+03 4.8916999E-02
1.1649000E+03 4.8696000E-02
1.1653000E+03 4.8452999E-02
1.1658000E+03 4.7818001E-02
1.1663000E+03 4.6845999E-02
1.1668000E+03 4.6365000E-02
1.1673000E+03 4.6138000E-02
1.1678000E+03 4.5263000E-02
1.1682000E+03 4.4319000E-02
1.1687000E+03 4.4027001E-02
1.1692000E+03 4.3689001E-02
1.1697000E+03 4.3017998E-02
1.1702000E+03 4.2362999E-02
1.1706000E+03 4.1740000E-02
1.1711000E+03 4.1505001E-02
1.1716000E+03 4.1097999E-02
1.1721000E+03 4.0151998E-02
1.1726000E+03 3.9585002E-02
1.1731000E+03 3.9404999E-02
1.1735000E+03 3.8782001E-02
1.1740000E+03 3.8005002E-02
1.1745000E+03 3.7875999E-02
1.1750000E+03 3.7572999E-02
1.1755000E+03 3.6795001E-02
1.1760000E+03 3.6153000E-02
1.1764000E+03 3.5583999E-02
1.1769000E+03 3.5270002E-02
1.1774000E+03 3.4867000E-02
1.1779000E+03 3.4131002E-02
1.1784000E+03 3.3553001E-02
1.1788000E+03 3.3202000E-02
1.1793000E+03 3.2844000E-02
1.1798000E+03 3.2276001E-02
1.1803000E+03 3.1737000E-02
1.1808000E+03 3.1504001E-02
1.1813000E+03 3.1310000E-02
1.1817000E+03 3.0858001E-02
1.1822000E+03 3.0128000E-02
1.1827000E+03 2.9603999E-02
1.1832000E+03 2.9647000E-02
1.1837000E+03 2.9505000E-02
1.1841000E+03 2.8780000E-02
1.1846000E+03 2.8313000E-02
1.1851000E+03 2.8225999E-02
1.1856000E+03 2.7814999E-02
1.1861000E+03 2.7179001E-02
1.1866000E+03 2.6729999E-02
1.1870000E+03 2.6341001E-02
1.1875000E+03 2.5950000E-02
1.1880000E+03 2.5633000E-02
1.1885000E+03 2.5246000E-02
1.1890000E+03 2.5034999E-02
1.1895000E+03 2.4961000E-02
1.1899000E+03 2.4374999E-02
1.1904000E+03 2.3646001E-02
1.1909000E+03 2.3378000E-02
1.1914000E+03 2.3314999E-02
1.1919000E+03 2.3211000E-02
1.1923000E+03 2.2892000E-02
1.1928000E+03 2.2405000E-02
1.1933000E+03 2.2182999E-02
1.1938000E+03 2.1989999E-02
1.1943000E+03 2.1436000E-02
1.1948000E+03 2.0994000E-02
1.1952000E+03 2.0835999E-02
1.1957000E+03 2.0646000E-02
1.1962000E+03 2.0507000E-02
1.1967000E+03 2.0367000E-02
1.1972000E+03 1.9990001E-02
1.1976000E+03 1.9569000E-02
1.1981000E+03 1.9292001E-02
1.1986000E+03 1.9068999E-02
1.1991000E+03 1.8812999E-02
1.1996000E+03 1.8643999E-02
1.2001000E+03 1.8537000E-02
1.2005000E+03 1.8169001E-02
1.2010000E+03 1.7710000E-02
1.2015000E+03 1.7537000E-02
1.2020000E+03 1.7566999E-02
1.2025000E+03 1.7364999E-02
1.2030000E+03 1.6943000E-02
1.2034000E+03 1.6836001E-02
1.2039000E+03 1.6780000E-02
1.2044000E+03 1.6392000E-02
1.2049000E+03 1.5980000E-02
1.2054000E+03 1.5750000E-02
1.2058000E+03 1.5500000E-02
1.2063000E+03 1.5065000E-02
1.2068000E+03 1.4831000E-02
1.2073000E+03 1.4811000E-02
1.2078000E+03 1.4754000E-02
1.2083000E+03 1.4687000E-02
1.2087000E+03 1.4196000E-02
1.2092000E+03 1.3764000E-02
1.2097000E+03 1.3909000E-02
1.2102000E+03 1.3818000E-02
1.2107000E+03 1.3542000E-02
1.2111000E+03 1.3260000E-02
1.2116000E+03 1.2932000E-02
1.2121000E+03 1.3041000E-02
1.2126000E+03 1.3164000E-02
1.2131000E+03 1.2795000E-02
1.2136000E+03 1.2393000E-02
1.2140000E+03 1.2413000E-02
1.2145000E+03 1.2316000E-02
1.2150000E+03 1.1855000E-02
1.2155000E+03 1.1855000E-02
1.2160000E+03 1.2125000E-02
1.2165000E+03 1.1979000E-02
1.2169000E+03 1.1681000E-02
1.2174000E+03 1.1463000E-02
1.2179000E+03 1.1331000E-02
1.2184000E+03 1.1462000E-02
1.2189000E+03 1.1493000E-02
1.2193000E+03 1.1091000E-02
1.2198000E+03 1.0998000E-02
1.2203000E+03 1.1090000E-02
1.2208000E+03 1.0794000E-02
1.2213000E+03 1.0882000E-02
1.2218000E+03 1.1141000E-02
1.2222000E+03 1.0924000E-02
1.2227000E+03 1.0842000E-02
1.2232000E+03 1.0624000E-02
1.2237000E+03 1.0131000E-02
1.2242000E+03 1.0392000E-02
1.2246000E+03 1.0734000E-02
1.2251000E+03 1.0167000E-02
1.2256000E+03 9.9058002E-03
1.2261000E+03 1.0266000E-02
1.2266000E+03 1.0177000E-02
1.2271000E+03 9.9456999E-03
1.2275000E+03 9.9336999E-03
1.2280000E+03 9.8077999E-03
1.2285000E+03 9.9211996E-03
1.2290000E+03 1.0221000E-02
1.2295000E+03 9.9071003E-03
1.2300000E+03 9.5034000E-03
1.2304000E+03 9.8633002E-03
1.2309000E+03 9.9833002E-03
1.2314000E+03 9.5865000E-03
1.2319000E+03 9.5987003E-03
1.2324000E+03 9.6119000E-03
1.2328000E+03 9.4395000E-03
1.2333000E+03 9.4953999E-03
1.2338000E+03 9.4298003E-03
1.2343000E+03 9.4315000E-03
1.2348000E+03 9.8037999E-03
1.2353000E+03 9.5728002E-03
1.2357000E+03 8.9268005E-03
1.2362000E+03 9.2582004E-03
1.2367000E+03 9.7374003E-03
1.2372000E+03 9.3339002E-03
1.2377000E+03 9.0639004E-03
1.2381000E+03 9.1380002E-03
1.2386000E+03 8.9191999E-03
1.2391000E+03 8.9194002E-03
1.2396000E+03 9.0778004E-03
1.2401000E+03 8.7959003E-03
1.2406000E+03 8.7788003E-03
1.2410000E+03 8.9571998E-03
1.2415000E+03 8.7059001E-03
1.2420000E+03 8.7785004E-03
1.2425000E+03 9.0097999E-03
1.2430000E+03 8.6231995E-03
1.2435000E+03 8.4856004E-03
1.2439000E+03 8.6503001E-03
1.2444000E+03 8.2130004E-03
1.2449000E+03 8.0535002E-03
1.2454000E+03 8.4098997E-03
1.2459000E+03 8.0626998E-03
1.2463000E+03 7.6653999E-03
1.2468000E+03 7.8115999E-03
1.2473000E+03 7.4364999E-03
1.2478000E+03 7.1040001E-03
1.2483000E+03 7.3937001E-03
1.2488000E+03 7.2863000E-03
1.2492000E+03 7.1232999E-03
1.2497000E+03 7.3321001E-03
1.2502000E+03 7.1278000E-03
1.2507000E+03 6.7693000E-03
1.2512000E+03 6.8351999E-03
1.2516000E+03 6.5894998E-03
1.2521000E+03 6.0997000E-03
1.2526000E+03 6.3101002E-03
1.2531000E+03 6.2998999E-03
1.2536000E+03 5.7207001E-03
1.2541000E+03 5.8888001E-03
1.2545000E+03 6.1411001E-03
1.2550000E+03 5.7791001E-03
1.2555000E+03 5.8289999E-03
1.2560000E+03 5.7899002E-03
1.2565000E+03 5.3963000E-03
1.2570000E+03 5.6481999E-03
1.2574000E+03 5.6059002E-03
1.2579000E+03 5.0547998E-03
1.2584000E+03 5.3603002E-03
1.2589000E+03 5.7035000E-03
1.2594000E+03 5.3325002E-03
1.2598000E+03 5.3324001E-03
1.2603000E+03 5.4414999E-03
1.2608000E+03 5.0172000E-03
1.2613000E+03 5.0889999E-03
