9.6911003E+01 4.6007000E-02
9.7392998E+01 4.5387000E-02
9.7875999E+01 4.5552000E-02
9.8358002E+01 4.4939000E-02
9.8839996E+01 4.2585999E-02
9.9321999E+01 4.1545000E-02
9.9804001E+01 4.3956000E-02
1.0029000E+02 4.3745000E-02
1.0077000E+02 4.1554000E-02
1.0125000E+02 4.1935999E-02
1.0173000E+02 4.4464000E-02
1.0221000E+02 4.5945998E-02
1.0270000E+02 4.3418001E-02
1.0318000E+02 4.1673999E-02
1.0366000E+02 4.3471999E-02
1.0414000E+02 4.5646999E-02
1.0463000E+02 4.5511998E-02
1.0511000E+02 4.4126000E-02
1.0559000E+02 4.6312001E-02
1.0607000E+02 4.8988000E-02
1.0655000E+02 4.8478000E-02
1.0704000E+02 4.7237001E-02
1.0752000E+02 4.6298001E-02
1.0800000E+02 4.8137002E-02
1.0848000E+02 4.9438000E-02
1.0896000E+02 4.7564000E-02
1.0945000E+02 4.7343001E-02
1.0993000E+02 4.7440998E-02
1.1041000E+02 4.6549998E-02
1.1089000E+02 4.6007000E-02
1.1138000E+02 4.6604000E-02
1.1186000E+02 4.8117001E-02
1.1234000E+02 4.7968999E-02
1.1282000E+02 4.7223002E-02
1.1330000E+02 4.6165001E-02
1.1379000E+02 4.4859000E-02
1.1427000E+02 4.4953998E-02
1.1475000E+02 4.4829998E-02
1.1523000E+02 4.4952001E-02
1.1571000E+02 4.5752000E-02
1.1620000E+02 4.5012999E-02
1.1668000E+02 4.4190999E-02
1.1716000E+02 4.3768000E-02
1.1764000E+02 4.3063000E-02
1.1813000E+02 4.2178001E-02
1.1861000E+02 4.2966999E-02
1.1909000E+02 4.6085998E-02
1.1957000E+02 4.4840999E-02
1.2005000E+02 4.1336000E-02
1.2054000E+02 4.1664001E-02
1.2102000E+02 4.1924000E-02
1.2150000E+02 4.2265002E-02
1.2198000E+02 4.5145001E-02
1.2246000E+02 4.6914000E-02
1.2295000E+02 4.4450998E-02
1.2343000E+02 4.1448999E-02
1.2391000E+02 4.2343002E-02
1.2439000E+02 4.2640999E-02
1.2488000E+02 4.1152000E-02
1.2536000E+02 4.3453000E-02
1.2584000E+02 4.4388000E-02
1.2632000E+02 4.3882001E-02
1.2680000E+02 4.6583999E-02
1.2729000E+02 4.7527999E-02
1.2777000E+02 4.8370000E-02
1.2825000E+02 4.7841001E-02
1.2873000E+02 4.6312001E-02
1.2922000E+02 4.7451999E-02
1.2970000E+02 4.7115002E-02
1.3017999E+02 4.7571000E-02
1.3066000E+02 4.8381999E-02
1.3114000E+02 4.7589000E-02
1.3163000E+02 4.7449000E-02
1.3211000E+02 4.7765002E-02
1.3259000E+02 4.8158001E-02
1.3307001E+02 4.7084998E-02
1.3355000E+02 4.6603002E-02
1.3403999E+02 4.7417000E-02
1.3452000E+02 4.6603002E-02
1.3500000E+02 4.7114000E-02
1.3548000E+02 4.9387001E-02
1.3597000E+02 4.9270000E-02
1.3645000E+02 4.9327001E-02
1.3692999E+02 5.0508998E-02
1.3741000E+02 4.9880002E-02
1.3789000E+02 4.8799999E-02
1.3838000E+02 4.8664998E-02
1.3886000E+02 4.9102999E-02
1.3934000E+02 4.9355000E-02
1.3982001E+02 4.9323000E-02
1.4030000E+02 4.9169000E-02
1.4078999E+02 4.9284000E-02
1.4127000E+02 5.0299998E-02
1.4175000E+02 5.0648000E-02
1.4223000E+02 5.0485998E-02
1.4272000E+02 5.0677001E-02
1.4320000E+02 5.0609998E-02
1.4367999E+02 5.1309001E-02
1.4416000E+02 5.2696001E-02
1.4464000E+02 5.3261001E-02
1.4513000E+02 5.2196000E-02
1.4561000E+02 5.1394999E-02
1.4609000E+02 5.2324999E-02
1.4657001E+02 5.3102002E-02
1.4705000E+02 5.4035001E-02
1.4753999E+02 5.5165000E-02
1.4802000E+02 5.6040999E-02
1.4850000E+02 5.5808000E-02
1.4898000E+02 5.3925000E-02
1.4947000E+02 5.4143999E-02
1.4995000E+02 5.4660000E-02
1.5042999E+02 5.2694000E-02
1.5091000E+02 5.2039001E-02
1.5139000E+02 5.3293001E-02
1.5188000E+02 5.4025002E-02
1.5236000E+02 5.4522000E-02
1.5284000E+02 5.4972000E-02
1.5332001E+02 5.4745000E-02
1.5380000E+02 5.4756999E-02
1.5428999E+02 5.5477999E-02
1.5477000E+02 5.7025999E-02
1.5525000E+02 5.8490001E-02
1.5573000E+02 5.7748001E-02
1.5622000E+02 5.6588002E-02
1.5670000E+02 5.7170998E-02
1.5717999E+02 5.7665002E-02
1.5766000E+02 5.7748999E-02
1.5814000E+02 5.8425002E-02
1.5863000E+02 5.8798000E-02
1.5911000E+02 5.9057999E-02
1.5959000E+02 6.0044002E-02
1.6007001E+02 6.1268002E-02
1.6055000E+02 6.2086001E-02
1.6103999E+02 6.2558003E-02
1.6152000E+02 6.3155003E-02
1.6200000E+02 6.3816004E-02
1.6248000E+02 6.3924000E-02
1.6297000E+02 6.4116001E-02
1.6345000E+02 6.4985998E-02
1.6392999E+02 6.6012003E-02
1.6441000E+02 6.6734001E-02
1.6489000E+02 6.6757999E-02
1.6538000E+02 6.7289002E-02
1.6586000E+02 6.7934997E-02
1.6634000E+02 6.7502998E-02
1.6682001E+02 6.8011999E-02
1.6730000E+02 6.9150999E-02
1.6778999E+02 6.9679998E-02
1.6827000E+02 7.0671998E-02
1.6875000E+02 7.1377002E-02
1.6923000E+02 7.1447000E-02
1.6972000E+02 7.1906999E-02
1.7020000E+02 7.1771003E-02
1.7067999E+02 7.1714997E-02
1.7116000E+02 7.2943002E-02
1.7164000E+02 7.3839001E-02
1.7213000E+02 7.4478999E-02
1.7261000E+02 7.5584002E-02
1.7309000E+02 7.5581998E-02
1.7357001E+02 7.5606003E-02
1.7405000E+02 7.7261999E-02
1.7453999E+02 7.8185000E-02
1.7502000E+02 7.8762002E-02
1.7550000E+02 7.9377003E-02
1.7598000E+02 7.9369001E-02
1.7647000E+02 8.0730997E-02
1.7695000E+02 8.1822999E-02
1.7742999E+02 8.1607997E-02
1.7791000E+02 8.3154000E-02
1.7839000E+02 8.5437998E-02
1.7888000E+02 8.6331002E-02
1.7936000E+02 8.7338001E-02
1.7984000E+02 8.8937998E-02
1.8032001E+02 9.0538003E-02
1.8080000E+02 9.1085002E-02
1.8128999E+02 9.1399997E-02
1.8177000E+02 9.3015000E-02
1.8225000E+02 9.4369002E-02
1.8273000E+02 9.5292002E-02
1.8322000E+02 9.6854001E-02
1.8370000E+02 9.8669000E-02
1.8417999E+02 9.8723002E-02
1.8466000E+02 9.9376999E-02
1.8514000E+02 1.0247000E-01
1.8563000E+02 1.0342000E-01
1.8611000E+02 1.0299000E-01
1.8659000E+02 1.0394000E-01
1.8707001E+02 1.0568000E-01
1.8755000E+02 1.0700000E-01
1.8803999E+02 1.0683000E-01
1.8852000E+02 1.0718000E-01
1.8900000E+02 1.0895000E-01
1.8948000E+02 1.1045000E-01
1.8997000E+02 1.1163000E-01
1.9045000E+02 1.1288000E-01
1.9092999E+02 1.1361000E-01
1.9141000E+02 1.1480000E-01
1.9189000E+02 1.1666000E-01
1.9238000E+02 1.1785000E-01
1.9286000E+02 1.1862000E-01
1.9334000E+02 1.1905000E-01
1.9382001E+02 1.1955000E-01
1.9430000E+02 1.2088000E-01
1.9478999E+02 1.2212000E-01
1.9527000E+02 1.2275000E-01
1.9575000E+02 1.2273000E-01
1.9623000E+02 1.2242000E-01
1.9672000E+02 1.2267000E-01
1.9720000E+02 1.2332000E-01
1.9767999E+02 1.2448000E-01
1.9816000E+02 1.2541001E-01
1.9864000E+02 1.2535000E-01
1.9913000E+02 1.2545000E-01
1.9961000E+02 1.2560000E-01
2.0009000E+02 1.2506001E-01
2.0057001E+02 1.2489000E-01
2.0105000E+02 1.2549999E-01
2.0153999E+02 1.2653001E-01
2.0202000E+02 1.2655000E-01
2.0250000E+02 1.2357000E-01
2.0298000E+02 1.2175000E-01
2.0347000E+02 1.2370000E-01
2.0395000E+02 1.2554000E-01
2.0442999E+02 1.2668000E-01
2.0491000E+02 1.2744001E-01
2.0539000E+02 1.2797999E-01
2.0588000E+02 1.2864000E-01
2.0636000E+02 1.2917000E-01
2.0684000E+02 1.2910999E-01
2.0732001E+02 1.2955000E-01
2.0780000E+02 1.3032000E-01
2.0828999E+02 1.2960000E-01
2.0877000E+02 1.2998000E-01
2.0925000E+02 1.3237999E-01
2.0973000E+02 1.3391000E-01
2.1022000E+02 1.3405000E-01
2.1070000E+02 1.3422000E-01
2.1117999E+02 1.3515000E-01
2.1166000E+02 1.3679001E-01
2.1214000E+02 1.3788000E-01
2.1263000E+02 1.3832000E-01
2.1311000E+02 1.3985001E-01
2.1359000E+02 1.4117000E-01
2.1407001E+02 1.4182000E-01
2.1455000E+02 1.4302000E-01
2.1503999E+02 1.4417000E-01
2.1552000E+02 1.4532000E-01
2.1600000E+02 1.4689000E-01
2.1648000E+02 1.4865001E-01
2.1697000E+02 1.5014000E-01
2.1745000E+02 1.5128000E-01
2.1792999E+02 1.5253000E-01
2.1841000E+02 1.5426999E-01
2.1889000E+02 1.5547000E-01
2.1938000E+02 1.5631001E-01
2.1986000E+02 1.5760000E-01
2.2034000E+02 1.5869001E-01
2.2082001E+02 1.5995000E-01
2.2130000E+02 1.6057999E-01
2.2178999E+02 1.6065000E-01
2.2227000E+02 1.6202000E-01
2.2275000E+02 1.6338000E-01
2.2323000E+02 1.6358000E-01
2.2372000E+02 1.6398001E-01
2.2420000E+02 1.6542000E-01
2.2467999E+02 1.6686000E-01
2.2516000E+02 1.6768000E-01
2.2564000E+02 1.6844000E-01
2.2613000E+02 1.6863000E-01
2.2661000E+02 1.6887000E-01
2.2709000E+02 1.7019001E-01
2.2757001E+02 1.7082000E-01
2.2805000E+02 1.7072999E-01
2.2853999E+02 1.7162000E-01
2.2902000E+02 1.7279001E-01
2.2950000E+02 1.7360000E-01
2.2998000E+02 1.7475000E-01
2.3047000E+02 1.7578000E-01
2.3095000E+02 1.7584001E-01
2.3142999E+02 1.7612000E-01
2.3191000E+02 1.7702000E-01
2.3239000E+02 1.7788000E-01
2.3288000E+02 1.7848000E-01
2.3336000E+02 1.7882000E-01
2.3384000E+02 1.7915000E-01
2.3432001E+02 1.7941000E-01
2.3480000E+02 1.7939000E-01
2.3528999E+02 1.7980000E-01
2.3577000E+02 1.8076000E-01
2.3625000E+02 1.8128000E-01
2.3673000E+02 1.8181001E-01
2.3722000E+02 1.8275000E-01
2.3770000E+02 1.8328001E-01
2.3817999E+02 1.8320000E-01
2.3866000E+02 1.8331000E-01
2.3914000E+02 1.8437000E-01
2.3963000E+02 1.8514000E-01
2.4011000E+02 1.8535000E-01
2.4059000E+02 1.8605000E-01
2.4107001E+02 1.8683000E-01
2.4155000E+02 1.8785000E-01
2.4203999E+02 1.8905000E-01
2.4252000E+02 1.8957999E-01
2.4300000E+02 1.9018000E-01
2.4348000E+02 1.9142000E-01
2.4397000E+02 1.9265001E-01
2.4445000E+02 1.9366001E-01
2.4492999E+02 1.9427000E-01
2.4541000E+02 1.9436000E-01
2.4589000E+02 1.9519000E-01
2.4638000E+02 1.9687000E-01
2.4686000E+02 1.9803999E-01
2.4734000E+02 1.9859999E-01
2.4782001E+02 1.9922000E-01
2.4830000E+02 2.0031001E-01
2.4878999E+02 2.0141000E-01
2.4927000E+02 2.0243999E-01
2.4975000E+02 2.0348001E-01
2.5023000E+02 2.0416000E-01
2.5072000E+02 2.0524999E-01
2.5120000E+02 2.0649000E-01
2.5167999E+02 2.0765001E-01
2.5216000E+02 2.0915000E-01
2.5264000E+02 2.1065000E-01
2.5313000E+02 2.1191999E-01
2.5361000E+02 2.1209000E-01
2.5409000E+02 2.1218000E-01
2.5457001E+02 2.1397001E-01
2.5506000E+02 2.1641999E-01
2.5553999E+02 2.1886000E-01
2.5601999E+02 2.2078000E-01
2.5650000E+02 2.2242001E-01
2.5698001E+02 2.2413000E-01
2.5747000E+02 2.2588000E-01
2.5795001E+02 2.2784001E-01
2.5842999E+02 2.2965001E-01
2.5891000E+02 2.3150000E-01
2.5939001E+02 2.3365000E-01
2.5988000E+02 2.3616999E-01
2.6035999E+02 2.3863000E-01
2.6084000E+02 2.4028000E-01
2.6132001E+02 2.4208000E-01
2.6181000E+02 2.4451999E-01
2.6229001E+02 2.4715000E-01
2.6276999E+02 2.4952000E-01
2.6325000E+02 2.5165001E-01
2.6373001E+02 2.5367001E-01
2.6422000E+02 2.5523001E-01
2.6470001E+02 2.5751001E-01
2.6517999E+02 2.6010001E-01
2.6566000E+02 2.6146999E-01
2.6614001E+02 2.6280001E-01
2.6663000E+02 2.6508000E-01
2.6710999E+02 2.6732999E-01
2.6759000E+02 2.6925999E-01
2.6807001E+02 2.7105001E-01
2.6856000E+02 2.7232000E-01
2.6904001E+02 2.7379000E-01
2.6951999E+02 2.7526999E-01
2.7000000E+02 2.7634001E-01
2.7048001E+02 2.7781999E-01
2.7097000E+02 2.7911001E-01
2.7145001E+02 2.8004000E-01
2.7192999E+02 2.8162000E-01
2.7241000E+02 2.8325000E-01
2.7289001E+02 2.8441000E-01
2.7338000E+02 2.8571999E-01
2.7385999E+02 2.8740001E-01
2.7434000E+02 2.8905001E-01
2.7482001E+02 2.9082000E-01
2.7531000E+02 2.9258001E-01
2.7579001E+02 2.9356000E-01
2.7626999E+02 2.9469001E-01
2.7675000E+02 2.9671001E-01
2.7723001E+02 2.9911000E-01
2.7772000E+02 3.0067000E-01
2.7820001E+02 3.0079001E-01
2.7867999E+02 3.0215001E-01
2.7916000E+02 3.0480000E-01
2.7964001E+02 3.0719000E-01
2.8013000E+02 3.0934000E-01
2.8060999E+02 3.1110999E-01
2.8109000E+02 3.1363001E-01
2.8157001E+02 3.1593999E-01
2.8206000E+02 3.1740999E-01
2.8254001E+02 3.2001999E-01
2.8301999E+02 3.2311001E-01
2.8350000E+02 3.2584000E-01
2.8398001E+02 3.2872000E-01
2.8447000E+02 3.3115000E-01
2.8495001E+02 3.3305001E-01
2.8542999E+02 3.3508000E-01
2.8591000E+02 3.3798000E-01
2.8639001E+02 3.4145999E-01
2.8688000E+02 3.4408000E-01
2.8735999E+02 3.4672999E-01
2.8784000E+02 3.5034999E-01
2.8832001E+02 3.5361999E-01
2.8881000E+02 3.5604000E-01
2.8929001E+02 3.5832000E-01
2.8976999E+02 3.6126000E-01
2.9025000E+02 3.6442000E-01
2.9073001E+02 3.6684999E-01
2.9122000E+02 3.6962000E-01
2.9170001E+02 3.7286001E-01
2.9217999E+02 3.7515000E-01
2.9266000E+02 3.7749001E-01
2.9314001E+02 3.8034001E-01
2.9363000E+02 3.8251999E-01
2.9410999E+02 3.8495001E-01
2.9459000E+02 3.8810000E-01
2.9507001E+02 3.9072001E-01
2.9556000E+02 3.9261001E-01
2.9604001E+02 3.9511999E-01
2.9651999E+02 3.9811999E-01
2.9700000E+02 4.0033999E-01
2.9748001E+02 4.0277001E-01
2.9797000E+02 4.0572000E-01
2.9845001E+02 4.0818000E-01
2.9892999E+02 4.1038001E-01
2.9941000E+02 4.1277999E-01
2.9989001E+02 4.1565999E-01
3.0038000E+02 4.1855001E-01
3.0085999E+02 4.2172000E-01
3.0134000E+02 4.2471001E-01
3.0182001E+02 4.2708001E-01
3.0231000E+02 4.3007001E-01
3.0279001E+02 4.3265000E-01
3.0326999E+02 4.3526000E-01
3.0375000E+02 4.3908000E-01
3.0423001E+02 4.4261000E-01
3.0472000E+02 4.4577000E-01
3.0520001E+02 4.4900000E-01
3.0567999E+02 4.5214000E-01
3.0616000E+02 4.5497999E-01
3.0664001E+02 4.5778000E-01
3.0713000E+02 4.6125001E-01
3.0760999E+02 4.6456000E-01
3.0809000E+02 4.6759999E-01
3.0857001E+02 4.7079000E-01
3.0906000E+02 4.7422999E-01
3.0954001E+02 4.7808000E-01
3.1001999E+02 4.8163000E-01
3.1050000E+02 4.8528001E-01
3.1098001E+02 4.8892000E-01
3.1147000E+02 4.9208000E-01
3.1195001E+02 4.9574000E-01
3.1242999E+02 4.9922001E-01
3.1291000E+02 5.0275999E-01
3.1339001E+02 5.0718999E-01
3.1388000E+02 5.1160997E-01
3.1435999E+02 5.1550001E-01
3.1484000E+02 5.1921999E-01
3.1532001E+02 5.2367997E-01
3.1581000E+02 5.2781999E-01
3.1629001E+02 5.3114003E-01
3.1676999E+02 5.3552002E-01
3.1725000E+02 5.4025000E-01
3.1773001E+02 5.4373997E-01
3.1822000E+02 5.4740000E-01
3.1870001E+02 5.5212998E-01
3.1917999E+02 5.5647999E-01
3.1966000E+02 5.6027001E-01
3.2014001E+02 5.6467003E-01
3.2063000E+02 5.6889999E-01
3.2110999E+02 5.7185000E-01
3.2159000E+02 5.7524002E-01
3.2207001E+02 5.7946998E-01
3.2256000E+02 5.8354002E-01
3.2304001E+02 5.8708000E-01
3.2351999E+02 5.8906001E-01
3.2400000E+02 5.9176999E-01
3.2448001E+02 5.9600002E-01
3.2497000E+02 5.9873003E-01
3.2545001E+02 6.0101002E-01
3.2592999E+02 6.0450000E-01
3.2641000E+02 6.0817999E-01
3.2689001E+02 6.1050999E-01
3.2738000E+02 6.1194003E-01
3.2785999E+02 6.1409998E-01
3.2834000E+02 6.1702001E-01
3.2882001E+02 6.1957002E-01
3.2931000E+02 6.2111998E-01
3.2979001E+02 6.2291998E-01
3.3026999E+02 6.2524003E-01
3.3075000E+02 6.2690002E-01
3.3123001E+02 6.2794000E-01
3.3172000E+02 6.2897998E-01
3.3220001E+02 6.2988001E-01
3.3267999E+02 6.3067001E-01
3.3316000E+02 6.3190001E-01
3.3364001E+02 6.3316000E-01
3.3413000E+02 6.3334000E-01
3.3460999E+02 6.3257998E-01
3.3509000E+02 6.3257998E-01
3.3557001E+02 6.3343000E-01
3.3606000E+02 6.3371998E-01
3.3654001E+02 6.3322002E-01
3.3701999E+02 6.3301998E-01
3.3750000E+02 6.3401997E-01
3.3798001E+02 6.3442999E-01
3.3847000E+02 6.3370001E-01
3.3895001E+02 6.3296002E-01
3.3942999E+02 6.3191998E-01
3.3991000E+02 6.3160998E-01
3.4039001E+02 6.3191998E-01
3.4088000E+02 6.3044000E-01
3.4135999E+02 6.2867999E-01
3.4184000E+02 6.2834001E-01
3.4232001E+02 6.2718999E-01
3.4281000E+02 6.2489003E-01
3.4329001E+02 6.2298000E-01
3.4376999E+02 6.2175000E-01
3.4425000E+02 6.1997998E-01
3.4473001E+02 6.1760002E-01
3.4522000E+02 6.1584997E-01
3.4570001E+02 6.1378002E-01
3.4617999E+02 6.1194998E-01
3.4666000E+02 6.1078000E-01
3.4714001E+02 6.0856003E-01
3.4763000E+02 6.0605001E-01
3.4810999E+02 6.0317999E-01
3.4859000E+02 6.0004997E-01
3.4907001E+02 5.9764999E-01
3.4956000E+02 5.9477001E-01
3.5004001E+02 5.9183002E-01
3.5051999E+02 5.8952999E-01
3.5100000E+02 5.8728999E-01
3.5148001E+02 5.8475000E-01
3.5197000E+02 5.8170998E-01
3.5245001E+02 5.7878000E-01
3.5292999E+02 5.7630998E-01
3.5341000E+02 5.7464999E-01
3.5389001E+02 5.7292002E-01
3.5438000E+02 5.7068002E-01
3.5485999E+02 5.6900001E-01
3.5534000E+02 5.6685001E-01
3.5582001E+02 5.6392002E-01
3.5631000E+02 5.6242001E-01
3.5679001E+02 5.6186998E-01
3.5726999E+02 5.6039000E-01
3.5775000E+02 5.5940002E-01
3.5823001E+02 5.5844998E-01
3.5872000E+02 5.5677003E-01
3.5920001E+02 5.5548000E-01
3.5967999E+02 5.5395001E-01
3.6016000E+02 5.5295002E-01
3.6064001E+02 5.5239999E-01
3.6113000E+02 5.5206001E-01
3.6160999E+02 5.5207998E-01
3.6209000E+02 5.5079001E-01
3.6257001E+02 5.4945999E-01
3.6306000E+02 5.4882997E-01
3.6354001E+02 5.4917002E-01
3.6401999E+02 5.4992002E-01
3.6450000E+02 5.4852003E-01
3.6498001E+02 5.4760998E-01
3.6547000E+02 5.4865003E-01
3.6595001E+02 5.4965001E-01
3.6642999E+02 5.5113000E-01
3.6691000E+02 5.5186999E-01
3.6739001E+02 5.5233002E-01
3.6788000E+02 5.5431002E-01
3.6835999E+02 5.5571002E-01
3.6884000E+02 5.5660999E-01
3.6932001E+02 5.5882001E-01
3.6981000E+02 5.6181997E-01
3.7029001E+02 5.6357998E-01
3.7076999E+02 5.6417000E-01
3.7125000E+02 5.6581998E-01
3.7173001E+02 5.6770003E-01
3.7222000E+02 5.7032001E-01
3.7270001E+02 5.7477999E-01
3.7317999E+02 5.7831001E-01
3.7366000E+02 5.8092999E-01
3.7414001E+02 5.8372003E-01
3.7463000E+02 5.8521003E-01
3.7510999E+02 5.8727002E-01
3.7559000E+02 5.9056002E-01
3.7607001E+02 5.9277999E-01
3.7656000E+02 5.9429997E-01
3.7704001E+02 5.9675997E-01
3.7751999E+02 5.9961998E-01
3.7800000E+02 6.0030001E-01
3.7848001E+02 6.0197997E-01
3.7897000E+02 6.0429001E-01
3.7945001E+02 6.0415000E-01
3.7992999E+02 6.0609001E-01
3.8041000E+02 6.0804999E-01
3.8089001E+02 6.0789001E-01
3.8138000E+02 6.0873002E-01
3.8185999E+02 6.0944998E-01
3.8234000E+02 6.0935998E-01
3.8282001E+02 6.1221999E-01
3.8331000E+02 6.1511999E-01
3.8379001E+02 6.1214000E-01
3.8426999E+02 6.1041999E-01
3.8475000E+02 6.1457998E-01
3.8523001E+02 6.1703998E-01
3.8572000E+02 6.1440998E-01
3.8620001E+02 6.1236000E-01
3.8667999E+02 6.0973001E-01
3.8716000E+02 6.0316998E-01
3.8764999E+02 5.9745002E-01
3.8813000E+02 5.9408998E-01
3.8860999E+02 5.8868003E-01
3.8909000E+02 5.7979000E-01
3.8957001E+02 5.7334000E-01
3.9006000E+02 5.7055998E-01
3.9054001E+02 5.6568003E-01
3.9101999E+02 5.5839998E-01
3.9150000E+02 5.5272001E-01
3.9198001E+02 5.4904002E-01
3.9247000E+02 5.4351997E-01
3.9295001E+02 5.3697997E-01
3.9342999E+02 5.3264999E-01
3.9391000E+02 5.2916998E-01
3.9439999E+02 5.2474999E-01
3.9488000E+02 5.1929998E-01
3.9535999E+02 5.1422000E-01
3.9584000E+02 5.0994998E-01
3.9632001E+02 5.0536001E-01
3.9681000E+02 5.0019997E-01
3.9729001E+02 4.9456999E-01
3.9776999E+02 4.9048999E-01
3.9825000E+02 4.8829001E-01
3.9873001E+02 4.8438001E-01
3.9922000E+02 4.7964001E-01
3.9970001E+02 4.7745001E-01
4.0017999E+02 4.7562000E-01
4.0066000E+02 4.7198999E-01
4.0114999E+02 4.6875000E-01
4.0163000E+02 4.6678001E-01
4.0210999E+02 4.6434999E-01
4.0259000E+02 4.6204001E-01
4.0307001E+02 4.6144000E-01
4.0356000E+02 4.6136999E-01
4.0404001E+02 4.6046999E-01
4.0451999E+02 4.5930001E-01
4.0500000E+02 4.5796999E-01
4.0548001E+02 4.5664999E-01
4.0597000E+02 4.5677000E-01
4.0645001E+02 4.5761999E-01
4.0692999E+02 4.5793000E-01
4.0741000E+02 4.5765001E-01
4.0789999E+02 4.5736000E-01
4.0838000E+02 4.5802000E-01
4.0885999E+02 4.5848000E-01
4.0934000E+02 4.5901000E-01
4.0982001E+02 4.5952001E-01
4.1031000E+02 4.5947000E-01
4.1079001E+02 4.6059999E-01
4.1126999E+02 4.6145001E-01
4.1175000E+02 4.6147999E-01
4.1223001E+02 4.6230000E-01
4.1272000E+02 4.6312001E-01
4.1320001E+02 4.6348000E-01
4.1367999E+02 4.6373001E-01
4.1416000E+02 4.6364999E-01
4.1464999E+02 4.6349001E-01
4.1513000E+02 4.6421999E-01
4.1560999E+02 4.6450001E-01
4.1609000E+02 4.6395001E-01
4.1657001E+02 4.6428001E-01
4.1706000E+02 4.6487999E-01
4.1754001E+02 4.6452001E-01
4.1801999E+02 4.6397001E-01
4.1850000E+02 4.6414000E-01
4.1898001E+02 4.6401000E-01
4.1947000E+02 4.6305001E-01
4.1995001E+02 4.6232000E-01
4.2042999E+02 4.6193001E-01
4.2091000E+02 4.6125001E-01
4.2139999E+02 4.6085000E-01
4.2188000E+02 4.6096000E-01
4.2235999E+02 4.6110001E-01
4.2284000E+02 4.6133000E-01
4.2332001E+02 4.6090999E-01
4.2381000E+02 4.6042001E-01
4.2429001E+02 4.6024999E-01
4.2476999E+02 4.5960000E-01
4.2525000E+02 4.5873001E-01
4.2573001E+02 4.5791000E-01
4.2622000E+02 4.5787999E-01
4.2670001E+02 4.5765001E-01
4.2717999E+02 4.5734000E-01
4.2766000E+02 4.5795000E-01
4.2814999E+02 4.5741001E-01
4.2863000E+02 4.5614001E-01
4.2910999E+02 4.5537999E-01
4.2959000E+02 4.5471999E-01
4.3007001E+02 4.5414001E-01
4.3056000E+02 4.5407000E-01
4.3104001E+02 4.5479000E-01
4.3151999E+02 4.5444000E-01
4.3200000E+02 4.5326000E-01
4.3248001E+02 4.5387000E-01
4.3297000E+02 4.5394999E-01
4.3345001E+02 4.5214999E-01
4.3392999E+02 4.5155001E-01
4.3441000E+02 4.5218000E-01
4.3489999E+02 4.5242000E-01
4.3538000E+02 4.5142001E-01
4.3585999E+02 4.5091999E-01
4.3634000E+02 4.5177999E-01
4.3682001E+02 4.5105001E-01
4.3731000E+02 4.5102000E-01
4.3779001E+02 4.5285001E-01
4.3826999E+02 4.5363000E-01
4.3875000E+02 4.5355999E-01
4.3923001E+02 4.5291999E-01
4.3972000E+02 4.5322001E-01
4.4020001E+02 4.5442000E-01
4.4067999E+02 4.5591000E-01
4.4116000E+02 4.5824999E-01
4.4164999E+02 4.5934001E-01
4.4213000E+02 4.6039000E-01
4.4260999E+02 4.6303999E-01
4.4309000E+02 4.6476999E-01
4.4357001E+02 4.6568999E-01
4.4406000E+02 4.6768001E-01
4.4454001E+02 4.7082999E-01
4.4501999E+02 4.7372001E-01
4.4550000E+02 4.7520000E-01
4.4598001E+02 4.7756001E-01
4.4647000E+02 4.8142999E-01
4.4695001E+02 4.8385000E-01
4.4742999E+02 4.8602000E-01
4.4791000E+02 4.8958001E-01
4.4839999E+02 4.9235001E-01
4.4888000E+02 4.9478000E-01
4.4935999E+02 4.9799001E-01
4.4984000E+02 5.0081998E-01
4.5032001E+02 5.0314999E-01
4.5081000E+02 5.0686997E-01
4.5129001E+02 5.1121998E-01
4.5176999E+02 5.1376998E-01
4.5225000E+02 5.1644999E-01
4.5273001E+02 5.2010000E-01
4.5322000E+02 5.2353001E-01
4.5370001E+02 5.2653998E-01
4.5417999E+02 5.2820998E-01
4.5466000E+02 5.3060001E-01
4.5514999E+02 5.3384000E-01
4.5563000E+02 5.3548998E-01
4.5610999E+02 5.3760999E-01
4.5659000E+02 5.4018998E-01
4.5707001E+02 5.4193997E-01
4.5756000E+02 5.4394001E-01
4.5804001E+02 5.4535002E-01
4.5851999E+02 5.4644001E-01
4.5900000E+02 5.4856998E-01
4.5948001E+02 5.5048001E-01
4.5997000E+02 5.5172998E-01
4.6045001E+02 5.5401999E-01
4.6092999E+02 5.5702001E-01
4.6141000E+02 5.5881000E-01
4.6189999E+02 5.6028003E-01
4.6238000E+02 5.6272000E-01
4.6285999E+02 5.6585002E-01
4.6334000E+02 5.6849003E-01
4.6382001E+02 5.7002997E-01
4.6431000E+02 5.7252997E-01
4.6479001E+02 5.7642001E-01
4.6526999E+02 5.8042002E-01
4.6575000E+02 5.8405000E-01
4.6623001E+02 5.8724999E-01
4.6672000E+02 5.9144002E-01
4.6720001E+02 5.9556001E-01
4.6767999E+02 5.9897000E-01
4.6816000E+02 6.0345000E-01
4.6864999E+02 6.0907000E-01
4.6913000E+02 6.1488003E-01
4.6960999E+02 6.1830997E-01
4.7009000E+02 6.2145001E-01
4.7057001E+02 6.2651998E-01
4.7106000E+02 6.3010001E-01
4.7154001E+02 6.3441998E-01
4.7201999E+02 6.3998002E-01
4.7250000E+02 6.4304000E-01
4.7298001E+02 6.4573002E-01
4.7347000E+02 6.5061998E-01
4.7395001E+02 6.5626001E-01
4.7442999E+02 6.5973997E-01
4.7491000E+02 6.6170001E-01
4.7539999E+02 6.6339999E-01
4.7588000E+02 6.6510999E-01
4.7635999E+02 6.6780001E-01
4.7684000E+02 6.6983998E-01
4.7732001E+02 6.7137003E-01
4.7781000E+02 6.7218000E-01
4.7829001E+02 6.7158002E-01
4.7876999E+02 6.7150003E-01
4.7925000E+02 6.7142999E-01
4.7973001E+02 6.7150003E-01
4.8022000E+02 6.7237002E-01
4.8070001E+02 6.7268997E-01
4.8117999E+02 6.7247999E-01
4.8166000E+02 6.7342001E-01
4.8214999E+02 6.7482001E-01
4.8263000E+02 6.7545003E-01
4.8310999E+02 6.7487001E-01
4.8359000E+02 6.7275000E-01
4.8407001E+02 6.7264003E-01
4.8456000E+02 6.7386001E-01
4.8504001E+02 6.7348999E-01
4.8551999E+02 6.7251998E-01
4.8600000E+02 6.7008001E-01
4.8648001E+02 6.6753000E-01
4.8697000E+02 6.6635001E-01
4.8745001E+02 6.6597998E-01
4.8792999E+02 6.6554999E-01
4.8841000E+02 6.6442001E-01
4.8889999E+02 6.6305000E-01
4.8938000E+02 6.6069001E-01
4.8985999E+02 6.5890998E-01
4.9034000E+02 6.5762001E-01
4.9082001E+02 6.5524000E-01
4.9131000E+02 6.5407997E-01
4.9179001E+02 6.5271997E-01
4.9226999E+02 6.5031999E-01
4.9275000E+02 6.4943999E-01
4.9323001E+02 6.4837998E-01
4.9372000E+02 6.4753997E-01
4.9420001E+02 6.4793998E-01
4.9467999E+02 6.4673001E-01
4.9516000E+02 6.4466000E-01
4.9564999E+02 6.4411998E-01
4.9613000E+02 6.4367998E-01
4.9660999E+02 6.4214998E-01
4.9709000E+02 6.4072001E-01
4.9757001E+02 6.3937002E-01
4.9806000E+02 6.3744998E-01
4.9854001E+02 6.3560998E-01
4.9901999E+02 6.3445002E-01
4.9950000E+02 6.3481998E-01
4.9998001E+02 6.3537002E-01
5.0047000E+02 6.3431001E-01
5.0095001E+02 6.3397002E-01
5.0142999E+02 6.3312000E-01
5.0191000E+02 6.3063997E-01
5.0239999E+02 6.3147002E-01
5.0288000E+02 6.3335001E-01
5.0335999E+02 6.3231999E-01
5.0384000E+02 6.3063002E-01
5.0432001E+02 6.2962002E-01
5.0481000E+02 6.2971997E-01
5.0529001E+02 6.2998003E-01
5.0576999E+02 6.2971997E-01
5.0625000E+02 6.2897003E-01
5.0673001E+02 6.2695998E-01
5.0722000E+02 6.2361997E-01
5.0770001E+02 6.2133002E-01
5.0817999E+02 6.2085003E-01
5.0866000E+02 6.2064999E-01
5.0914999E+02 6.2033999E-01
5.0963000E+02 6.2027001E-01
5.1010999E+02 6.2005001E-01
5.1059000E+02 6.1838001E-01
5.1107001E+02 6.1851001E-01
5.1156000E+02 6.2006998E-01
5.1203998E+02 6.1992002E-01
5.1252002E+02 6.2029999E-01
5.1300000E+02 6.1997998E-01
5.1348999E+02 6.1865002E-01
5.1396997E+02 6.1681002E-01
5.1445001E+02 6.1527997E-01
5.1492999E+02 6.1511999E-01
5.1540997E+02 6.1521000E-01
5.1590002E+02 6.1651999E-01
5.1638000E+02 6.1546999E-01
5.1685999E+02 6.1164999E-01
5.1734003E+02 6.0990000E-01
5.1782001E+02 6.0891002E-01
5.1831000E+02 6.0690999E-01
5.1878998E+02 6.0573000E-01
5.1927002E+02 6.0509998E-01
5.1975000E+02 6.0255003E-01
5.2023999E+02 5.9988999E-01
5.2071997E+02 5.9740001E-01
5.2120001E+02 5.9399003E-01
5.2167999E+02 5.9192002E-01
5.2215997E+02 5.9039998E-01
5.2265002E+02 5.8828002E-01
5.2313000E+02 5.8499998E-01
5.2360999E+02 5.8028001E-01
5.2409003E+02 5.7670999E-01
5.2457001E+02 5.7384998E-01
5.2506000E+02 5.6997001E-01
5.2553998E+02 5.6617999E-01
5.2602002E+02 5.6208003E-01
5.2650000E+02 5.5748999E-01
5.2698999E+02 5.5359000E-01
5.2746997E+02 5.5023003E-01
5.2795001E+02 5.4685003E-01
5.2842999E+02 5.4303998E-01
5.2890997E+02 5.3930998E-01
5.2940002E+02 5.3582001E-01
5.2988000E+02 5.3141999E-01
5.3035999E+02 5.4988998E-01
5.3084003E+02 5.4176003E-01
5.3132001E+02 5.3373998E-01
5.3181000E+02 5.3185999E-01
5.3228998E+02 5.2511001E-01
5.3277002E+02 5.2152997E-01
5.3325000E+02 5.1678002E-01
5.3373999E+02 5.1027000E-01
5.3421997E+02 5.0926000E-01
5.3470001E+02 5.0147998E-01
5.3517999E+02 4.9662000E-01
5.3565997E+02 4.9518999E-01
5.3615002E+02 4.8971000E-01
5.3663000E+02 4.9083000E-01
5.3710999E+02 4.8721999E-01
5.3759003E+02 4.8157999E-01
5.3807001E+02 4.7942001E-01
5.3856000E+02 4.7544000E-01
5.3903998E+02 4.7393000E-01
5.3952002E+02 4.6981001E-01
5.4000000E+02 4.6669000E-01
5.4048999E+02 4.6342000E-01
5.4096997E+02 4.6044999E-01
5.4145001E+02 4.5934999E-01
5.4192999E+02 4.5552000E-01
5.4240997E+02 4.5396999E-01
5.4290002E+02 4.4986999E-01
5.4338000E+02 4.4611999E-01
5.4385999E+02 4.4464999E-01
5.4434003E+02 4.4220001E-01
5.4482001E+02 4.4136000E-01
5.4531000E+02 4.3856001E-01
5.4578998E+02 4.3550000E-01
5.4627002E+02 4.3259999E-01
5.4675000E+02 4.3009001E-01
5.4723999E+02 4.2822000E-01
5.4771997E+02 4.2534000E-01
5.4820001E+02 4.2387000E-01
5.4867999E+02 4.2128000E-01
5.4915997E+02 4.1648999E-01
5.4965002E+02 4.1520000E-01
5.5013000E+02 4.1542000E-01
5.5060999E+02 4.1257000E-01
5.5109003E+02 4.1126999E-01
5.5157001E+02 4.1124001E-01
5.5206000E+02 4.0917999E-01
5.5253998E+02 4.0858999E-01
5.5302002E+02 4.0920001E-01
5.5350000E+02 4.0759000E-01
5.5398999E+02 4.0610000E-01
5.5446997E+02 4.0542001E-01
5.5495001E+02 4.0454999E-01
5.5542999E+02 4.0485001E-01
5.5590997E+02 4.0472999E-01
5.5640002E+02 4.0496999E-01
5.5688000E+02 4.0531999E-01
5.5735999E+02 4.0454000E-01
5.5784003E+02 4.0432999E-01
5.5832001E+02 4.0454999E-01
5.5881000E+02 4.0593001E-01
5.5928998E+02 4.0741000E-01
5.5977002E+02 4.0902999E-01
5.6025000E+02 4.1190001E-01
5.6073999E+02 4.1293001E-01
5.6121997E+02 4.1422001E-01
5.6170001E+02 4.1775000E-01
5.6217999E+02 4.1966000E-01
5.6265997E+02 4.2274001E-01
5.6315002E+02 4.2686000E-01
5.6363000E+02 4.2792001E-01
5.6410999E+02 4.3167999E-01
5.6459003E+02 4.3814000E-01
5.6507001E+02 4.4171000E-01
5.6556000E+02 4.4501999E-01
5.6603998E+02 4.4846001E-01
5.6652002E+02 4.5144001E-01
5.6700000E+02 4.5640999E-01
5.6748999E+02 4.6145001E-01
5.6796997E+02 4.6423000E-01
5.6845001E+02 4.6629000E-01
5.6892999E+02 4.7031999E-01
5.6940997E+02 4.7468999E-01
5.6990002E+02 4.7668999E-01
5.7038000E+02 4.7905001E-01
5.7085999E+02 4.8240000E-01
5.7134003E+02 4.8506001E-01
5.7182001E+02 4.8765001E-01
5.7231000E+02 4.8974001E-01
5.7278998E+02 4.9162999E-01
5.7327002E+02 4.9463001E-01
5.7375000E+02 4.9619001E-01
5.7423999E+02 4.9713001E-01
5.7471997E+02 5.0036001E-01
5.7520001E+02 5.0055999E-01
5.7567999E+02 4.9884999E-01
5.7615997E+02 5.0195003E-01
5.7665002E+02 5.0497001E-01
5.7713000E+02 5.0500000E-01
5.7760999E+02 5.0493002E-01
5.7809003E+02 5.0450999E-01
5.7857001E+02 5.0545001E-01
5.7906000E+02 5.0699002E-01
5.7953998E+02 5.0638002E-01
5.8002002E+02 5.0550002E-01
5.8050000E+02 5.0569999E-01
5.8098999E+02 5.0632000E-01
5.8146997E+02 5.0601000E-01
5.8195001E+02 5.0498998E-01
5.8242999E+02 5.0419998E-01
5.8290997E+02 5.0224000E-01
5.8340002E+02 5.0079000E-01
5.8388000E+02 5.0129002E-01
5.8435999E+02 4.9985000E-01
5.8484003E+02 4.9816999E-01
5.8532001E+02 4.9794000E-01
5.8581000E+02 4.9469000E-01
5.8628998E+02 4.9127999E-01
5.8677002E+02 4.9070001E-01
5.8725000E+02 4.8971000E-01
5.8773999E+02 4.8919001E-01
5.8821997E+02 4.8912999E-01
5.8870001E+02 4.8686001E-01
5.8917999E+02 4.8502001E-01
5.8965997E+02 4.8413000E-01
5.9015002E+02 4.8078001E-01
5.9063000E+02 4.7725999E-01
5.9110999E+02 4.7595999E-01
5.9159003E+02 4.7422999E-01
5.9207001E+02 4.7147000E-01
5.9256000E+02 4.6935001E-01
5.9303998E+02 4.6669999E-01
5.9352002E+02 4.6393001E-01
5.9400000E+02 4.6263000E-01
5.9448999E+02 4.5923001E-01
5.9496997E+02 4.5504001E-01
5.9545001E+02 4.5493001E-01
5.9592999E+02 4.5286000E-01
5.9640997E+02 4.4786000E-01
5.9690002E+02 4.4650000E-01
5.9738000E+02 4.4437999E-01
5.9785999E+02 4.4016999E-01
5.9834003E+02 4.3735999E-01
5.9882001E+02 4.3388000E-01
5.9931000E+02 4.3121001E-01
5.9978998E+02 4.3028000E-01
6.0027002E+02 4.2684999E-01
6.0075000E+02 4.2177999E-01
6.0123999E+02 4.1927999E-01
6.0171997E+02 4.1664001E-01
6.0220001E+02 4.1306001E-01
6.0267999E+02 4.1130000E-01
6.0315997E+02 4.0832999E-01
6.0365002E+02 4.0436000E-01
6.0413000E+02 4.0195000E-01
6.0460999E+02 3.9860001E-01
6.0509003E+02 3.9420000E-01
6.0557001E+02 3.9208001E-01
6.0606000E+02 3.8990000E-01
6.0653998E+02 3.8448000E-01
6.0702002E+02 3.8159999E-01
6.0750000E+02 3.8093001E-01
6.0798999E+02 3.7724000E-01
6.0846997E+02 3.7492999E-01
6.0895001E+02 3.7254000E-01
6.0942999E+02 3.6790001E-01
6.0990997E+02 3.6605000E-01
6.1040002E+02 3.6399999E-01
6.1088000E+02 3.6032999E-01
6.1135999E+02 3.5861000E-01
6.1184003E+02 3.5608000E-01
6.1232001E+02 3.5191000E-01
6.1281000E+02 3.5012001E-01
6.1328998E+02 3.4849000E-01
6.1377002E+02 3.4472999E-01
6.1425000E+02 3.4305000E-01
6.1473999E+02 3.4180999E-01
6.1521997E+02 3.3789000E-01
6.1570001E+02 3.3535001E-01
6.1617999E+02 3.3464000E-01
6.1665997E+02 3.3204001E-01
6.1715002E+02 3.2942000E-01
6.1763000E+02 3.2887000E-01
6.1810999E+02 3.2637000E-01
6.1859003E+02 3.2335001E-01
6.1907001E+02 3.2290000E-01
6.1956000E+02 3.2032999E-01
6.2003998E+02 3.1781000E-01
6.2052002E+02 3.1762001E-01
6.2100000E+02 3.1465000E-01
6.2148999E+02 3.1208000E-01
6.2196997E+02 3.1213999E-01
6.2245001E+02 3.0981001E-01
6.2292999E+02 3.0656001E-01
6.2340997E+02 3.0574000E-01
6.2390002E+02 3.0465001E-01
6.2438000E+02 3.0311999E-01
6.2485999E+02 3.0256000E-01
6.2534003E+02 3.0017000E-01
6.2582001E+02 2.9760000E-01
6.2631000E+02 2.9723999E-01
6.2678998E+02 2.9536000E-01
6.2727002E+02 2.9238999E-01
6.2775000E+02 2.9238999E-01
6.2823999E+02 2.9232001E-01
6.2871997E+02 2.8953001E-01
6.2920001E+02 2.8815001E-01
6.2967999E+02 2.8712001E-01
6.3015997E+02 2.8527001E-01
6.3065002E+02 2.8591999E-01
6.3113000E+02 2.8538999E-01
6.3160999E+02 2.8301999E-01
6.3209003E+02 2.8343999E-01
6.3258002E+02 2.8312999E-01
6.3306000E+02 2.8082001E-01
6.3353998E+02 2.8075001E-01
6.3402002E+02 2.8062001E-01
6.3450000E+02 2.7952000E-01
6.3498999E+02 2.8083000E-01
6.3546997E+02 2.8112999E-01
6.3595001E+02 2.7891001E-01
6.3642999E+02 2.7862999E-01
6.3690997E+02 2.7886000E-01
6.3740002E+02 2.7801001E-01
6.3788000E+02 2.7825999E-01
6.3835999E+02 2.7832001E-01
6.3884003E+02 2.7669999E-01
6.3933002E+02 2.7647999E-01
6.3981000E+02 2.7743000E-01
6.4028998E+02 2.7563000E-01
6.4077002E+02 2.7500001E-01
6.4125000E+02 2.7645999E-01
6.4173999E+02 2.7508000E-01
6.4221997E+02 2.7419001E-01
6.4270001E+02 2.7483001E-01
6.4317999E+02 2.7373001E-01
6.4365997E+02 2.7371001E-01
6.4415002E+02 2.7452001E-01
6.4463000E+02 2.7289000E-01
6.4510999E+02 2.7175000E-01
6.4559003E+02 2.7188000E-01
6.4608002E+02 2.7068001E-01
6.4656000E+02 2.7041000E-01
6.4703998E+02 2.7046001E-01
6.4752002E+02 2.6853999E-01
6.4800000E+02 2.6897001E-01
6.4848999E+02 2.7035001E-01
6.4896997E+02 2.6786000E-01
6.4945001E+02 2.6703000E-01
6.4992999E+02 2.6887000E-01
6.5040997E+02 2.6675001E-01
6.5090002E+02 2.6457000E-01
6.5138000E+02 2.6673999E-01
6.5185999E+02 2.6631001E-01
6.5234003E+02 2.6390001E-01
6.5283002E+02 2.6684999E-01
6.5331000E+02 2.6729000E-01
6.5378998E+02 2.6155999E-01
6.5427002E+02 2.6047999E-01
6.5475000E+02 2.6271001E-01
6.5523999E+02 2.6203001E-01
6.5571997E+02 2.6135001E-01
6.5620001E+02 2.6203999E-01
6.5667999E+02 2.6284000E-01
6.5715997E+02 2.6236001E-01
6.5765002E+02 2.5881001E-01
6.5813000E+02 2.5532001E-01
6.5860999E+02 2.5690001E-01
6.5909003E+02 2.5997999E-01
6.5958002E+02 2.5922999E-01
6.6006000E+02 2.5753000E-01
6.6053998E+02 2.5644001E-01
6.6102002E+02 2.5610000E-01
6.6150000E+02 2.5769001E-01
6.6198999E+02 2.5724000E-01
6.6246997E+02 2.5417000E-01
6.6295001E+02 2.5317001E-01
6.6342999E+02 2.5292999E-01
6.6390997E+02 2.5167000E-01
6.6440002E+02 2.5274000E-01
6.6488000E+02 2.5336999E-01
6.6535999E+02 2.5104001E-01
6.6584003E+02 2.5176001E-01
6.6633002E+02 2.5260001E-01
6.6681000E+02 2.4984001E-01
6.6728998E+02 2.4943000E-01
6.6777002E+02 2.4948999E-01
6.6825000E+02 2.4711999E-01
6.6873999E+02 2.4740000E-01
6.6921997E+02 2.4794000E-01
6.6970001E+02 2.4529999E-01
6.7017999E+02 2.4499001E-01
6.7065997E+02 2.4562000E-01
6.7115002E+02 2.4349000E-01
6.7163000E+02 2.4349999E-01
6.7210999E+02 2.4427000E-01
6.7259003E+02 2.4243000E-01
6.7308002E+02 2.4259000E-01
6.7356000E+02 2.4293000E-01
6.7403998E+02 2.4031000E-01
6.7452002E+02 2.4003001E-01
6.7500000E+02 2.4107000E-01
6.7548999E+02 2.3932000E-01
6.7596997E+02 2.3814000E-01
6.7645001E+02 2.3794000E-01
6.7692999E+02 2.3624000E-01
6.7740997E+02 2.3532000E-01
6.7790002E+02 2.3588000E-01
6.7838000E+02 2.3522000E-01
6.7885999E+02 2.3376000E-01
6.7934003E+02 2.3385000E-01
6.7983002E+02 2.3363000E-01
6.8031000E+02 2.3198999E-01
6.8078998E+02 2.3263000E-01
6.8127002E+02 2.3295000E-01
6.8175000E+02 2.3027000E-01
6.8223999E+02 2.3028000E-01
6.8271997E+02 2.3054001E-01
6.8320001E+02 2.2800000E-01
6.8367999E+02 2.2837999E-01
6.8415997E+02 2.2833000E-01
6.8465002E+02 2.2588000E-01
6.8513000E+02 2.2665000E-01
6.8560999E+02 2.2619000E-01
6.8609003E+02 2.2334000E-01
6.8658002E+02 2.2322001E-01
6.8706000E+02 2.2276001E-01
6.8753998E+02 2.2114000E-01
6.8802002E+02 2.2090000E-01
6.8850000E+02 2.2085001E-01
6.8898999E+02 2.1963000E-01
6.8946997E+02 2.1894000E-01
6.8995001E+02 2.1952000E-01
6.9042999E+02 2.1752000E-01
6.9090997E+02 2.1634001E-01
6.9140002E+02 2.1734001E-01
6.9188000E+02 2.1540999E-01
6.9235999E+02 2.1490000E-01
6.9284003E+02 2.1513000E-01
6.9333002E+02 2.1312000E-01
6.9381000E+02 2.1279000E-01
6.9428998E+02 2.1331000E-01
6.9477002E+02 2.1174000E-01
6.9525000E+02 2.1006000E-01
6.9573999E+02 2.1091001E-01
6.9621997E+02 2.0956001E-01
6.9670001E+02 2.0764001E-01
6.9717999E+02 2.0872000E-01
6.9765997E+02 2.0734000E-01
6.9815002E+02 2.0578000E-01
6.9863000E+02 2.0660999E-01
6.9910999E+02 2.0545000E-01
6.9959003E+02 2.0396000E-01
7.0008002E+02 2.0439000E-01
7.0056000E+02 2.0299999E-01
7.0103998E+02 2.0149000E-01
7.0152002E+02 2.0241000E-01
7.0200000E+02 2.0137000E-01
7.0248999E+02 1.9953001E-01
7.0296997E+02 1.9970000E-01
7.0345001E+02 1.9873001E-01
7.0392999E+02 1.9689000E-01
7.0440997E+02 1.9690999E-01
7.0490002E+02 1.9660001E-01
7.0538000E+02 1.9531000E-01
7.0585999E+02 1.9558001E-01
7.0634003E+02 1.9543999E-01
7.0683002E+02 1.9383000E-01
7.0731000E+02 1.9384000E-01
7.0778998E+02 1.9372000E-01
7.0827002E+02 1.9155000E-01
7.0875000E+02 1.9126000E-01
7.0923999E+02 1.9108000E-01
7.0971997E+02 1.8874000E-01
7.1020001E+02 1.8916000E-01
7.1067999E+02 1.9001999E-01
7.1115997E+02 1.8787999E-01
7.1165002E+02 1.8762000E-01
7.1213000E+02 1.8775000E-01
7.1260999E+02 1.8568000E-01
7.1309003E+02 1.8558000E-01
7.1358002E+02 1.8566000E-01
7.1406000E+02 1.8379000E-01
7.1453998E+02 1.8370000E-01
7.1502002E+02 1.8395001E-01
7.1550000E+02 1.8209000E-01
7.1598999E+02 1.8148001E-01
7.1646997E+02 1.8208000E-01
7.1695001E+02 1.8049000E-01
7.1742999E+02 1.7944001E-01
7.1790997E+02 1.8031000E-01
7.1840002E+02 1.7937000E-01
7.1888000E+02 1.7868000E-01
7.1935999E+02 1.7947000E-01
7.1984003E+02 1.7794999E-01
7.2033002E+02 1.7680000E-01
7.2081000E+02 1.7768000E-01
7.2128998E+02 1.7655000E-01
7.2177002E+02 1.7530000E-01
7.2225000E+02 1.7598000E-01
7.2273999E+02 1.7509000E-01
7.2321997E+02 1.7402001E-01
7.2370001E+02 1.7477000E-01
7.2417999E+02 1.7366000E-01
7.2465997E+02 1.7247000E-01
7.2515002E+02 1.7354000E-01
7.2563000E+02 1.7275000E-01
7.2610999E+02 1.7154001E-01
7.2659003E+02 1.7259000E-01
7.2708002E+02 1.7196000E-01
7.2756000E+02 1.7022000E-01
7.2803998E+02 1.7064001E-01
7.2852002E+02 1.7031001E-01
7.2900000E+02 1.6920000E-01
7.2948999E+02 1.6988000E-01
7.2996997E+02 1.6914999E-01
7.3045001E+02 1.6728000E-01
7.3092999E+02 1.6790000E-01
7.3140997E+02 1.6787000E-01
7.3190002E+02 1.6621999E-01
7.3238000E+02 1.6674000E-01
7.3285999E+02 1.6686000E-01
7.3334003E+02 1.6529000E-01
7.3383002E+02 1.6588999E-01
7.3431000E+02 1.6601001E-01
7.3478998E+02 1.6421001E-01
7.3527002E+02 1.6474000E-01
7.3575000E+02 1.6531000E-01
7.3623999E+02 1.6360000E-01
7.3671997E+02 1.6345000E-01
7.3720001E+02 1.6370000E-01
7.3767999E+02 1.6226999E-01
7.3815997E+02 1.6253000E-01
7.3865002E+02 1.6322000E-01
7.3913000E+02 1.6180000E-01
7.3960999E+02 1.6145000E-01
7.4009003E+02 1.6176000E-01
7.4058002E+02 1.6033000E-01
7.4106000E+02 1.6013999E-01
7.4153998E+02 1.6089000E-01
7.4202002E+02 1.5927000E-01
7.4250000E+02 1.5850000E-01
7.4298999E+02 1.5925001E-01
7.4346997E+02 1.5800001E-01
7.4395001E+02 1.5770000E-01
7.4442999E+02 1.5893000E-01
7.4490997E+02 1.5752000E-01
7.4540002E+02 1.5667000E-01
7.4588000E+02 1.5769000E-01
7.4635999E+02 1.5644000E-01
7.4684003E+02 1.5564001E-01
7.4733002E+02 1.5650000E-01
7.4781000E+02 1.5559000E-01
7.4828998E+02 1.5501000E-01
7.4877002E+02 1.5571000E-01
7.4925000E+02 1.5504999E-01
7.4973999E+02 1.5457000E-01
7.5021997E+02 1.5545000E-01
7.5070001E+02 1.5469000E-01
7.5117999E+02 1.5369999E-01
7.5165997E+02 1.5470000E-01
7.5215002E+02 1.5425999E-01
7.5263000E+02 1.5332000E-01
7.5310999E+02 1.5425999E-01
7.5359003E+02 1.5374000E-01
7.5408002E+02 1.5287000E-01
7.5456000E+02 1.5390000E-01
7.5503998E+02 1.5356000E-01
7.5552002E+02 1.5265000E-01
7.5600000E+02 1.5383001E-01
7.5648999E+02 1.5365000E-01
7.5696997E+02 1.5229000E-01
7.5745001E+02 1.5357000E-01
7.5792999E+02 1.5367000E-01
7.5840997E+02 1.5209000E-01
7.5890002E+02 1.5315001E-01
7.5938000E+02 1.5336999E-01
7.5985999E+02 1.5208000E-01
7.6034003E+02 1.5285000E-01
7.6083002E+02 1.5312000E-01
7.6131000E+02 1.5202001E-01
7.6178998E+02 1.5256999E-01
7.6227002E+02 1.5307000E-01
7.6275000E+02 1.5177999E-01
7.6323999E+02 1.5205000E-01
7.6371997E+02 1.5284000E-01
7.6420001E+02 1.5167999E-01
7.6467999E+02 1.5209000E-01
7.6516998E+02 1.5283000E-01
7.6565002E+02 1.5154000E-01
7.6613000E+02 1.5197000E-01
7.6660999E+02 1.5276000E-01
7.6709003E+02 1.5136001E-01
7.6758002E+02 1.5172000E-01
7.6806000E+02 1.5329000E-01
7.6853998E+02 1.5218000E-01
7.6902002E+02 1.5187000E-01
7.6950000E+02 1.5304001E-01
7.6998999E+02 1.5195000E-01
7.7046997E+02 1.5205000E-01
7.7095001E+02 1.5346999E-01
7.7142999E+02 1.5232000E-01
7.7191998E+02 1.5223999E-01
7.7240002E+02 1.5381999E-01
7.7288000E+02 1.5310000E-01
7.7335999E+02 1.5264000E-01
7.7384003E+02 1.5420000E-01
7.7433002E+02 1.5376000E-01
7.7481000E+02 1.5310000E-01
7.7528998E+02 1.5463001E-01
7.7577002E+02 1.5401000E-01
7.7625000E+02 1.5329000E-01
7.7673999E+02 1.5538000E-01
7.7721997E+02 1.5527999E-01
7.7770001E+02 1.5406001E-01
7.7817999E+02 1.5545000E-01
7.7866998E+02 1.5537000E-01
7.7915002E+02 1.5437999E-01
7.7963000E+02 1.5629999E-01
7.8010999E+02 1.5652999E-01
7.8059003E+02 1.5511000E-01
7.8108002E+02 1.5668000E-01
7.8156000E+02 1.5679000E-01
7.8203998E+02 1.5533000E-01
7.8252002E+02 1.5705000E-01
7.8300000E+02 1.5755001E-01
7.8348999E+02 1.5620001E-01
7.8396997E+02 1.5768000E-01
7.8445001E+02 1.5845001E-01
7.8492999E+02 1.5713000E-01
7.8541998E+02 1.5820000E-01
7.8590002E+02 1.5916000E-01
7.8638000E+02 1.5809999E-01
7.8685999E+02 1.5952000E-01
7.8734003E+02 1.6075000E-01
7.8783002E+02 1.5922000E-01
7.8831000E+02 1.6012000E-01
7.8878998E+02 1.6163000E-01
7.8927002E+02 1.6051000E-01
7.8975000E+02 1.6109000E-01
7.9023999E+02 1.6277000E-01
7.9071997E+02 1.6191000E-01
7.9120001E+02 1.6226000E-01
7.9167999E+02 1.6418999E-01
7.9216998E+02 1.6349000E-01
7.9265002E+02 1.6388001E-01
7.9313000E+02 1.6583000E-01
7.9360999E+02 1.6501001E-01
7.9409003E+02 1.6557001E-01
7.9458002E+02 1.6776000E-01
7.9506000E+02 1.6710000E-01
7.9553998E+02 1.6742000E-01
7.9602002E+02 1.6914000E-01
7.9650000E+02 1.6829000E-01
7.9698999E+02 1.6888000E-01
7.9746997E+02 1.7205000E-01
7.9795001E+02 1.7230999E-01
7.9842999E+02 1.7217000E-01
7.9891998E+02 1.7429000E-01
7.9940002E+02 1.7371000E-01
7.9988000E+02 1.7283000E-01
8.0035999E+02 1.7523000E-01
8.0084003E+02 1.7606001E-01
8.0133002E+02 1.7637999E-01
8.0181000E+02 1.7939000E-01
8.0228998E+02 1.8012001E-01
8.0277002E+02 1.7958000E-01
8.0325000E+02 1.8234999E-01
8.0373999E+02 1.8345000E-01
8.0421997E+02 1.8288000E-01
8.0470001E+02 1.8523000E-01
8.0517999E+02 1.8623000E-01
8.0566998E+02 1.8621001E-01
8.0615002E+02 1.8954000E-01
8.0663000E+02 1.9149999E-01
8.0710999E+02 1.9137000E-01
8.0759003E+02 1.9413000E-01
8.0808002E+02 1.9643000E-01
8.0856000E+02 1.9651000E-01
8.0903998E+02 1.9900000E-01
8.0952002E+02 2.0152000E-01
8.1000000E+02 2.0186000E-01
8.1048999E+02 2.0462000E-01
8.1096997E+02 2.0806000E-01
8.1145001E+02 2.0889001E-01
8.1192999E+02 2.1143000E-01
8.1241998E+02 2.1502000E-01
8.1290002E+02 2.1626000E-01
8.1338000E+02 2.1930000E-01
8.1385999E+02 2.2349000E-01
8.1434003E+02 2.2499000E-01
8.1483002E+02 2.2793999E-01
8.1531000E+02 2.3255999E-01
8.1578998E+02 2.3458999E-01
8.1627002E+02 2.3774000E-01
8.1675000E+02 2.4312000E-01
8.1723999E+02 2.4608000E-01
8.1771997E+02 2.4979000E-01
8.1820001E+02 2.5584000E-01
8.1867999E+02 2.5951001E-01
8.1916998E+02 2.6363000E-01
8.1965002E+02 2.7052999E-01
8.2013000E+02 2.7530000E-01
8.2060999E+02 2.8014001E-01
8.2109003E+02 2.8841999E-01
8.2158002E+02 2.9477000E-01
8.2206000E+02 3.0043000E-01
8.2253998E+02 3.0978000E-01
8.2302002E+02 3.1784001E-01
8.2350000E+02 3.2514000E-01
8.2398999E+02 3.3618999E-01
8.2446997E+02 3.4590000E-01
8.2495001E+02 3.5494000E-01
8.2542999E+02 3.6837000E-01
8.2591998E+02 3.8065001E-01
8.2640002E+02 3.9219999E-01
8.2688000E+02 4.0834999E-01
8.2735999E+02 4.2324001E-01
8.2784003E+02 4.3641999E-01
8.2833002E+02 4.5386001E-01
8.2881000E+02 4.7113001E-01
8.2928998E+02 4.8587999E-01
8.2977002E+02 5.0221997E-01
8.3025000E+02 5.1703000E-01
8.3073999E+02 5.2879000E-01
8.3121997E+02 5.4092997E-01
8.3170001E+02 5.5057001E-01
8.3217999E+02 5.5554998E-01
8.3266998E+02 5.5949003E-01
8.3315002E+02 5.6042999E-01
8.3363000E+02 5.5526000E-01
8.3410999E+02 5.4899001E-01
8.3459003E+02 5.4127002E-01
8.3508002E+02 5.2925003E-01
8.3556000E+02 5.1784998E-01
8.3603998E+02 5.0632000E-01
8.3652002E+02 4.9226999E-01
8.3700000E+02 4.8052999E-01
8.3748999E+02 4.7025999E-01
8.3796997E+02 4.5875999E-01
8.3845001E+02 4.5043999E-01
8.3892999E+02 4.4483000E-01
8.3941998E+02 4.3834999E-01
8.3990002E+02 4.3454000E-01
8.4038000E+02 4.3369001E-01
8.4085999E+02 4.3178001E-01
8.4134003E+02 4.3187001E-01
8.4183002E+02 4.3496999E-01
8.4231000E+02 4.3606001E-01
8.4278998E+02 4.3845001E-01
8.4327002E+02 4.4417000E-01
8.4375000E+02 4.4852999E-01
8.4423999E+02 4.5390001E-01
8.4471997E+02 4.6134001E-01
8.4520001E+02 4.6687001E-01
8.4567999E+02 4.7318000E-01
8.4616998E+02 4.8201999E-01
8.4665002E+02 4.8899999E-01
8.4713000E+02 4.9595001E-01
8.4760999E+02 5.0571001E-01
8.4809003E+02 5.1414001E-01
8.4858002E+02 5.2240002E-01
8.4906000E+02 5.3320003E-01
8.4953998E+02 5.4211003E-01
8.5002002E+02 5.4953998E-01
8.5050000E+02 5.6070000E-01
8.5098999E+02 5.7152998E-01
8.5146997E+02 5.8015001E-01
8.5195001E+02 5.9166002E-01
8.5242999E+02 6.0224998E-01
8.5291998E+02 6.1129999E-01
8.5340002E+02 6.2390000E-01
8.5388000E+02 6.3621002E-01
8.5435999E+02 6.4640999E-01
8.5484003E+02 6.5867001E-01
8.5533002E+02 6.7123997E-01
8.5581000E+02 6.8217999E-01
8.5628998E+02 6.9567001E-01
8.5677002E+02 7.0964003E-01
8.5725000E+02 7.2091001E-01
8.5773999E+02 7.3381001E-01
8.5821997E+02 7.4716997E-01
8.5870001E+02 7.5848001E-01
8.5917999E+02 7.7144003E-01
8.5966998E+02 7.8500998E-01
8.6015002E+02 7.9606998E-01
8.6063000E+02 8.0852997E-01
8.6110999E+02 8.2220000E-01
8.6159003E+02 8.3278000E-01
8.6208002E+02 8.4478003E-01
8.6256000E+02 8.5842001E-01
8.6303998E+02 8.6938000E-01
8.6352002E+02 8.8164002E-01
8.6400000E+02 8.9423001E-01
8.6448999E+02 9.0390003E-01
8.6496997E+02 9.1472000E-01
8.6545001E+02 9.2706001E-01
8.6592999E+02 9.3737000E-01
8.6641998E+02 9.4638997E-01
8.6690002E+02 9.5668000E-01
8.6738000E+02 9.6670002E-01
8.6785999E+02 9.7632998E-01
8.6834003E+02 9.8703003E-01
8.6883002E+02 9.9505001E-01
8.6931000E+02 1.0025001E+00
8.6978998E+02 1.0130000E+00
8.7027002E+02 1.0202000E+00
8.7075000E+02 1.0267000E+00
8.7123999E+02 1.0369999E+00
8.7171997E+02 1.0439000E+00
8.7220001E+02 1.0500000E+00
8.7267999E+02 1.0589000E+00
8.7316998E+02 1.0631000E+00
8.7365002E+02 1.0661000E+00
8.7413000E+02 1.0738000E+00
8.7460999E+02 1.0805000E+00
8.7509003E+02 1.0857000E+00
8.7558002E+02 1.0915999E+00
8.7606000E+02 1.0954000E+00
8.7653998E+02 1.0976000E+00
8.7702002E+02 1.1023999E+00
8.7750000E+02 1.1064000E+00
8.7798999E+02 1.1076000E+00
8.7846997E+02 1.1114000E+00
8.7895001E+02 1.1141000E+00
8.7942999E+02 1.1152000E+00
8.7991998E+02 1.1180000E+00
8.8040002E+02 1.1188000E+00
8.8088000E+02 1.1181999E+00
8.8135999E+02 1.1179000E+00
8.8184003E+02 1.1183000E+00
8.8233002E+02 1.1196001E+00
8.8281000E+02 1.1224000E+00
8.8328998E+02 1.1241000E+00
8.8377002E+02 1.1224999E+00
8.8426001E+02 1.1219000E+00
8.8473999E+02 1.1210999E+00
8.8521997E+02 1.1201000E+00
8.8570001E+02 1.1217000E+00
8.8617999E+02 1.1208000E+00
8.8666998E+02 1.1176000E+00
8.8715002E+02 1.1163000E+00
8.8763000E+02 1.1163000E+00
8.8810999E+02 1.1149000E+00
8.8859003E+02 1.1129000E+00
8.8908002E+02 1.1115000E+00
8.8956000E+02 1.1082000E+00
8.9003998E+02 1.1066000E+00
8.9052002E+02 1.1075000E+00
8.9101001E+02 1.1059999E+00
8.9148999E+02 1.1038001E+00
8.9196997E+02 1.1027000E+00
8.9245001E+02 1.1003000E+00
8.9292999E+02 1.0974000E+00
8.9341998E+02 1.0972000E+00
8.9390002E+02 1.0955000E+00
8.9438000E+02 1.0920000E+00
8.9485999E+02 1.0903000E+00
8.9534003E+02 1.0875000E+00
8.9583002E+02 1.0861000E+00
8.9631000E+02 1.0865000E+00
8.9678998E+02 1.0825000E+00
8.9727002E+02 1.0779001E+00
8.9776001E+02 1.0762000E+00
8.9823999E+02 1.0725000E+00
8.9871997E+02 1.0685000E+00
8.9920001E+02 1.0675000E+00
8.9967999E+02 1.0656000E+00
9.0016998E+02 1.0621001E+00
9.0065002E+02 1.0594000E+00
9.0113000E+02 1.0575000E+00
9.0160999E+02 1.0556000E+00
9.0209003E+02 1.0547000E+00
9.0258002E+02 1.0526000E+00
9.0306000E+02 1.0473000E+00
9.0353998E+02 1.0454000E+00
9.0402002E+02 1.0440000E+00
9.0451001E+02 1.0382000E+00
9.0498999E+02 1.0353000E+00
9.0546997E+02 1.0335000E+00
9.0595001E+02 1.0292000E+00
9.0642999E+02 1.0287000E+00
9.0691998E+02 1.0286000E+00
9.0740002E+02 1.0247999E+00
9.0788000E+02 1.0217000E+00
9.0835999E+02 1.0194000E+00
9.0884003E+02 1.0153000E+00
9.0933002E+02 1.0128000E+00
9.0981000E+02 1.0122000E+00
9.1028998E+02 1.0096999E+00
9.1077002E+02 1.0067000E+00
9.1126001E+02 1.0043000E+00
9.1173999E+02 1.0022000E+00
9.1221997E+02 9.9965000E-01
9.1270001E+02 9.9725997E-01
9.1317999E+02 9.9526000E-01
9.1366998E+02 9.9229997E-01
9.1415002E+02 9.8945999E-01
9.1463000E+02 9.8711997E-01
9.1510999E+02 9.8572999E-01
9.1559003E+02 9.8395002E-01
9.1608002E+02 9.7973001E-01
9.1656000E+02 9.7812003E-01
9.1703998E+02 9.7902000E-01
9.1752002E+02 9.7666001E-01
9.1801001E+02 9.7421998E-01
9.1848999E+02 9.7406000E-01
9.1896997E+02 9.7213000E-01
9.1945001E+02 9.6945000E-01
9.1992999E+02 9.6836001E-01
9.2041998E+02 9.6574998E-01
9.2090002E+02 9.6241999E-01
9.2138000E+02 9.6105999E-01
9.2185999E+02 9.5901000E-01
9.2234003E+02 9.5770001E-01
9.2283002E+02 9.5765001E-01
9.2331000E+02 9.5520002E-01
9.2378998E+02 9.5305997E-01
9.2427002E+02 9.5236999E-01
9.2476001E+02 9.5085001E-01
9.2523999E+02 9.4910997E-01
9.2571997E+02 9.4828999E-01
9.2620001E+02 9.4695002E-01
9.2667999E+02 9.4344997E-01
9.2716998E+02 9.4080001E-01
9.2765002E+02 9.3809998E-01
9.2813000E+02 9.3330002E-01
9.2860999E+02 9.3006003E-01
9.2909003E+02 9.2725998E-01
9.2958002E+02 9.2273998E-01
9.3006000E+02 9.1816002E-01
9.3053998E+02 9.1197997E-01
9.3102002E+02 9.0390998E-01
9.3151001E+02 8.9642000E-01
9.3198999E+02 8.8787001E-01
9.3246997E+02 8.7865001E-01
9.3295001E+02 8.7028998E-01
9.3342999E+02 8.5943002E-01
9.3391998E+02 8.4596002E-01
9.3440002E+02 8.3376002E-01
9.3488000E+02 8.2248002E-01
9.3535999E+02 8.0912000E-01
9.3584003E+02 7.9624999E-01
9.3633002E+02 7.8523999E-01
9.3681000E+02 7.7285999E-01
9.3728998E+02 7.6239002E-01
9.3777002E+02 7.5489002E-01
9.3826001E+02 7.4646002E-01
9.3873999E+02 7.3953003E-01
9.3921997E+02 7.3536998E-01
9.3970001E+02 7.3073000E-01
9.4017999E+02 7.2665000E-01
9.4066998E+02 7.2499001E-01
9.4115002E+02 7.2341001E-01
9.4163000E+02 7.2320002E-01
9.4210999E+02 7.2579002E-01
9.4259003E+02 7.2747999E-01
9.4308002E+02 7.3013002E-01
9.4356000E+02 7.3539001E-01
9.4403998E+02 7.3991001E-01
9.4452002E+02 7.4575001E-01
9.4501001E+02 7.5392002E-01
9.4548999E+02 7.6058000E-01
9.4596997E+02 7.6776999E-01
9.4645001E+02 7.7868998E-01
9.4692999E+02 7.8925002E-01
9.4741998E+02 7.9856998E-01
9.4790002E+02 8.1022000E-01
9.4838000E+02 8.2182997E-01
9.4885999E+02 8.3236003E-01
9.4934003E+02 8.4525001E-01
9.4983002E+02 8.5785002E-01
9.5031000E+02 8.6796999E-01
9.5078998E+02 8.7936002E-01
9.5127002E+02 8.8994002E-01
9.5176001E+02 8.9669001E-01
9.5223999E+02 9.0412998E-01
9.5271997E+02 9.1198999E-01
9.5320001E+02 9.1644001E-01
9.5367999E+02 9.1964000E-01
9.5416998E+02 9.2224002E-01
9.5465002E+02 9.2341000E-01
9.5513000E+02 9.2496002E-01
9.5560999E+02 9.2465001E-01
9.5609003E+02 9.2133999E-01
9.5658002E+02 9.2110997E-01
9.5706000E+02 9.2205000E-01
9.5753998E+02 9.1858000E-01
9.5802002E+02 9.1608000E-01
9.5851001E+02 9.1384000E-01
9.5898999E+02 9.0736997E-01
9.5946997E+02 9.0324998E-01
9.5995001E+02 9.0211999E-01
9.6042999E+02 8.9819998E-01
9.6091998E+02 8.9427000E-01
9.6140002E+02 8.9239001E-01
9.6188000E+02 8.8913000E-01
9.6235999E+02 8.8593000E-01
9.6284003E+02 8.8437998E-01
9.6333002E+02 8.8037002E-01
9.6381000E+02 8.7594002E-01
9.6428998E+02 8.7439001E-01
9.6477002E+02 8.7142003E-01
9.6526001E+02 8.6843002E-01
9.6573999E+02 8.6750001E-01
9.6621997E+02 8.6514997E-01
9.6670001E+02 8.6259001E-01
9.6717999E+02 8.6167997E-01
9.6766998E+02 8.6019999E-01
9.6815002E+02 8.5696000E-01
9.6863000E+02 8.5570002E-01
9.6910999E+02 8.5597998E-01
9.6959003E+02 8.5469002E-01
9.7008002E+02 8.5434997E-01
9.7056000E+02 8.5315001E-01
9.7103998E+02 8.4995002E-01
9.7152002E+02 8.4850001E-01
9.7201001E+02 8.4719998E-01
9.7248999E+02 8.4508002E-01
9.7296997E+02 8.4465998E-01
9.7345001E+02 8.4410000E-01
9.7392999E+02 8.4240001E-01
9.7441998E+02 8.4298998E-01
9.7490002E+02 8.4320998E-01
9.7538000E+02 8.3985001E-01
9.7585999E+02 8.3767003E-01
9.7634003E+02 8.3677000E-01
9.7683002E+02 8.3424997E-01
9.7731000E+02 8.3331001E-01
9.7778998E+02 8.3329999E-01
9.7827002E+02 8.3052999E-01
9.7876001E+02 8.2808000E-01
9.7923999E+02 8.2688999E-01
9.7971997E+02 8.2457000E-01
9.8020001E+02 8.2397002E-01
9.8067999E+02 8.2423002E-01
9.8116998E+02 8.2117999E-01
9.8165002E+02 8.1926000E-01
9.8213000E+02 8.1959999E-01
9.8260999E+02 8.1678998E-01
9.8309003E+02 8.1387001E-01
9.8358002E+02 8.1309998E-01
9.8406000E+02 8.1115001E-01
9.8453998E+02 8.0940998E-01
9.8502002E+02 8.0776000E-01
9.8551001E+02 8.0417001E-01
9.8598999E+02 8.0216002E-01
9.8646997E+02 8.0247003E-01
9.8695001E+02 7.9988003E-01
9.8742999E+02 7.9561001E-01
9.8791998E+02 7.9378998E-01
9.8840002E+02 7.9154003E-01
9.8888000E+02 7.8890002E-01
9.8935999E+02 7.8759998E-01
9.8984003E+02 7.8451997E-01
9.9033002E+02 7.8156000E-01
9.9081000E+02 7.8097999E-01
9.9128998E+02 7.7818000E-01
9.9177002E+02 7.7384001E-01
9.9226001E+02 7.7253997E-01
9.9273999E+02 7.7100003E-01
9.9321997E+02 7.6721001E-01
9.9370001E+02 7.6477998E-01
9.9417999E+02 7.6213998E-01
9.9466998E+02 7.5752002E-01
9.9515002E+02 7.5411999E-01
9.9563000E+02 7.5155002E-01
9.9610999E+02 7.4795002E-01
9.9659003E+02 7.4545997E-01
9.9708002E+02 7.4285001E-01
9.9756000E+02 7.3817003E-01
9.9803998E+02 7.3563999E-01
9.9852002E+02 7.3403001E-01
9.9901001E+02 7.2939998E-01
9.9948999E+02 7.2587001E-01
9.9996997E+02 7.2342998E-01
1.0005000E+03 7.1877003E-01
1.0009000E+03 7.1517998E-01
1.0014000E+03 7.1270001E-01
1.0019000E+03 7.0819998E-01
1.0024000E+03 7.0427001E-01
1.0029000E+03 7.0166999E-01
1.0033000E+03 6.9744003E-01
1.0038000E+03 6.9360000E-01
1.0043000E+03 6.9103998E-01
1.0048000E+03 6.8658000E-01
1.0053000E+03 6.8251997E-01
1.0058000E+03 6.8014997E-01
1.0062000E+03 6.7506999E-01
1.0067000E+03 6.7018998E-01
1.0072000E+03 6.6837001E-01
1.0077000E+03 6.6398001E-01
1.0082000E+03 6.5823001E-01
1.0086000E+03 6.5490001E-01
1.0091000E+03 6.5105999E-01
1.0096000E+03 6.4678001E-01
1.0101000E+03 6.4381999E-01
1.0106000E+03 6.3990998E-01
1.0111000E+03 6.3489002E-01
1.0115000E+03 6.3129997E-01
1.0120000E+03 6.2731999E-01
1.0125000E+03 6.2225997E-01
1.0130000E+03 6.1875999E-01
1.0135000E+03 6.1548001E-01
1.0140000E+03 6.1131001E-01
1.0144000E+03 6.0688001E-01
1.0149000E+03 6.0159999E-01
1.0154000E+03 5.9680003E-01
1.0159000E+03 5.9375000E-01
1.0164000E+03 5.8933997E-01
1.0168000E+03 5.8410001E-01
1.0173000E+03 5.8157998E-01
1.0178000E+03 5.7797998E-01
1.0183000E+03 5.7222998E-01
1.0188000E+03 5.6871998E-01
1.0193000E+03 5.6471002E-01
1.0197000E+03 5.5805999E-01
1.0202000E+03 5.5387002E-01
1.0207000E+03 5.5219001E-01
1.0212000E+03 5.4812998E-01
1.0217000E+03 5.4310000E-01
1.0221000E+03 5.3877997E-01
1.0226000E+03 5.3338999E-01
1.0231000E+03 5.2920002E-01
1.0236000E+03 5.2596003E-01
1.0241000E+03 5.2083999E-01
1.0246000E+03 5.1735997E-01
1.0250000E+03 5.1555997E-01
1.0255000E+03 5.1069999E-01
1.0260000E+03 5.0503999E-01
1.0265000E+03 5.0125003E-01
1.0270000E+03 4.9726999E-01
1.0275000E+03 4.9329001E-01
1.0279000E+03 4.8949000E-01
1.0284000E+03 4.8445001E-01
1.0289000E+03 4.8026001E-01
1.0294000E+03 4.7817999E-01
1.0299000E+03 4.7540000E-01
1.0303000E+03 4.7137001E-01
1.0308000E+03 4.6737000E-01
1.0313000E+03 4.6303999E-01
1.0318000E+03 4.5890999E-01
1.0323000E+03 4.5598000E-01
1.0328000E+03 4.5243001E-01
1.0332000E+03 4.4784001E-01
1.0337000E+03 4.4464001E-01
1.0342000E+03 4.4163001E-01
1.0347000E+03 4.3787000E-01
1.0352000E+03 4.3555999E-01
1.0356000E+03 4.3294001E-01
1.0361000E+03 4.2932999E-01
1.0366000E+03 4.2675999E-01
1.0371000E+03 4.2337999E-01
1.0376000E+03 4.1934001E-01
1.0381000E+03 4.1668999E-01
1.0385000E+03 4.1391999E-01
1.0390000E+03 4.1049001E-01
1.0395000E+03 4.0806001E-01
1.0400000E+03 4.0572000E-01
1.0405000E+03 4.0281999E-01
1.0410000E+03 4.0097001E-01
1.0414000E+03 3.9866000E-01
1.0419000E+03 3.9493001E-01
1.0424000E+03 3.9251000E-01
1.0429000E+03 3.9072001E-01
1.0434000E+03 3.8778001E-01
1.0438000E+03 3.8532999E-01
1.0443000E+03 3.8350999E-01
1.0448000E+03 3.8082001E-01
1.0453000E+03 3.7829000E-01
1.0458000E+03 3.7661001E-01
1.0463000E+03 3.7424001E-01
1.0467000E+03 3.7202001E-01
1.0472000E+03 3.7048000E-01
1.0477000E+03 3.6791000E-01
1.0482000E+03 3.6581999E-01
1.0487000E+03 3.6493000E-01
1.0491000E+03 3.6300001E-01
1.0496000E+03 3.6072999E-01
1.0501000E+03 3.5935000E-01
1.0506000E+03 3.5769999E-01
1.0511000E+03 3.5563999E-01
1.0516000E+03 3.5391000E-01
1.0520000E+03 3.5177001E-01
1.0525000E+03 3.4946999E-01
1.0530000E+03 3.4817001E-01
1.0535000E+03 3.4670001E-01
1.0540000E+03 3.4445000E-01
1.0545000E+03 3.4285000E-01
1.0549000E+03 3.4153000E-01
1.0554000E+03 3.3981001E-01
1.0559000E+03 3.3860001E-01
1.0564000E+03 3.3706000E-01
1.0569000E+03 3.3522999E-01
1.0573000E+03 3.3450001E-01
1.0578000E+03 3.3296001E-01
1.0583000E+03 3.3034000E-01
1.0588000E+03 3.2953000E-01
1.0593000E+03 3.2881999E-01
1.0598000E+03 3.2653999E-01
1.0602000E+03 3.2527000E-01
1.0607000E+03 3.2415000E-01
1.0612000E+03 3.2205001E-01
1.0617000E+03 3.2069001E-01
1.0622000E+03 3.1946999E-01
1.0626000E+03 3.1795001E-01
1.0631000E+03 3.1676999E-01
1.0636000E+03 3.1518000E-01
1.0641000E+03 3.1318000E-01
1.0646000E+03 3.1222001E-01
1.0651000E+03 3.1162000E-01
1.0655000E+03 3.1003001E-01
1.0660000E+03 3.0884001E-01
1.0665000E+03 3.0812001E-01
1.0670000E+03 3.0655000E-01
1.0675000E+03 3.0548999E-01
1.0680000E+03 3.0496001E-01
1.0684000E+03 3.0318001E-01
1.0689000E+03 3.0179000E-01
1.0694000E+03 3.0142000E-01
1.0699000E+03 2.9962999E-01
1.0704000E+03 2.9778001E-01
1.0708000E+03 2.9716000E-01
1.0713000E+03 2.9574999E-01
1.0718000E+03 2.9453000E-01
1.0723000E+03 2.9391000E-01
1.0728000E+03 2.9199001E-01
1.0733000E+03 2.8997999E-01
1.0737000E+03 2.8893000E-01
1.0742000E+03 2.8746000E-01
1.0747000E+03 2.8573000E-01
1.0752000E+03 2.8523001E-01
1.0757000E+03 2.8426999E-01
1.0761000E+03 2.8198001E-01
1.0766000E+03 2.8086999E-01
1.0771000E+03 2.7969000E-01
1.0776000E+03 2.7798000E-01
1.0781000E+03 2.7728000E-01
1.0786000E+03 2.7579001E-01
1.0790000E+03 2.7392000E-01
1.0795000E+03 2.7300000E-01
1.0800000E+03 2.7184001E-01
1.0805000E+03 2.7021000E-01
1.0810000E+03 2.6921001E-01
1.0815000E+03 2.6813000E-01
1.0819000E+03 2.6618001E-01
1.0824000E+03 2.6493999E-01
1.0829000E+03 2.6370001E-01
1.0834000E+03 2.6177001E-01
1.0839000E+03 2.6064000E-01
1.0843000E+03 2.5946000E-01
1.0848000E+03 2.5744000E-01
1.0853000E+03 2.5623000E-01
1.0858000E+03 2.5556001E-01
1.0863000E+03 2.5382000E-01
1.0868000E+03 2.5215000E-01
1.0872000E+03 2.5108001E-01
1.0877000E+03 2.4954000E-01
1.0882000E+03 2.4817000E-01
1.0887000E+03 2.4692000E-01
1.0892000E+03 2.4491000E-01
1.0896000E+03 2.4369000E-01
1.0901000E+03 2.4327999E-01
1.0906000E+03 2.4168000E-01
1.0911000E+03 2.4056000E-01
1.0916000E+03 2.4004000E-01
1.0921000E+03 2.3786999E-01
1.0925000E+03 2.3638999E-01
1.0930000E+03 2.3646000E-01
1.0935000E+03 2.3511000E-01
1.0940000E+03 2.3277000E-01
1.0945000E+03 2.3161000E-01
1.0950000E+03 2.3041999E-01
1.0954000E+03 2.2869000E-01
1.0959000E+03 2.2793999E-01
1.0964000E+03 2.2732000E-01
1.0969000E+03 2.2608000E-01
1.0974000E+03 2.2481000E-01
1.0978000E+03 2.2299001E-01
1.0983000E+03 2.2123000E-01
1.0988000E+03 2.2040001E-01
1.0993000E+03 2.1904001E-01
1.0998000E+03 2.1748000E-01
1.1003000E+03 2.1698000E-01
1.1007000E+03 2.1608000E-01
1.1012000E+03 2.1416000E-01
1.1017000E+03 2.1265000E-01
1.1022000E+03 2.1168999E-01
1.1027000E+03 2.1065000E-01
1.1031000E+03 2.0960000E-01
1.1036000E+03 2.0807999E-01
1.1041000E+03 2.0637000E-01
1.1046000E+03 2.0534000E-01
1.1051000E+03 2.0446999E-01
1.1056000E+03 2.0333999E-01
1.1060000E+03 2.0232999E-01
1.1065000E+03 2.0093000E-01
1.1070000E+03 1.9898000E-01
1.1075000E+03 1.9776000E-01
1.1080000E+03 1.9695000E-01
1.1085000E+03 1.9561000E-01
1.1089000E+03 1.9454999E-01
1.1094000E+03 1.9356000E-01
1.1099000E+03 1.9217999E-01
1.1104000E+03 1.9134000E-01
1.1109000E+03 1.9069999E-01
1.1113000E+03 1.8883000E-01
1.1118000E+03 1.8682000E-01
1.1123000E+03 1.8590000E-01
1.1128000E+03 1.8471999E-01
1.1133000E+03 1.8337999E-01
1.1138000E+03 1.8261001E-01
1.1142000E+03 1.8129000E-01
1.1147000E+03 1.7964999E-01
1.1152000E+03 1.7885999E-01
1.1157000E+03 1.7792000E-01
1.1162000E+03 1.7653000E-01
1.1166000E+03 1.7570999E-01
1.1171000E+03 1.7439000E-01
1.1176000E+03 1.7285000E-01
1.1181000E+03 1.7225000E-01
1.1186000E+03 1.7086001E-01
1.1191000E+03 1.6909000E-01
1.1195000E+03 1.6844000E-01
1.1200000E+03 1.6695000E-01
1.1205000E+03 1.6513000E-01
1.1210000E+03 1.6475999E-01
1.1215000E+03 1.6377001E-01
1.1220000E+03 1.6205999E-01
1.1224000E+03 1.6136000E-01
1.1229000E+03 1.6052000E-01
1.1234000E+03 1.5907000E-01
1.1239000E+03 1.5823001E-01
1.1244000E+03 1.5739000E-01
1.1248000E+03 1.5593000E-01
1.1253000E+03 1.5488000E-01
1.1258000E+03 1.5387000E-01
1.1263000E+03 1.5233000E-01
1.1268000E+03 1.5133999E-01
1.1273000E+03 1.5053000E-01
1.1277000E+03 1.4895000E-01
1.1282000E+03 1.4793000E-01
1.1287000E+03 1.4732000E-01
1.1292000E+03 1.4565000E-01
1.1297000E+03 1.4435001E-01
1.1301000E+03 1.4370000E-01
1.1306000E+03 1.4247000E-01
1.1311000E+03 1.4165001E-01
1.1316000E+03 1.4105999E-01
1.1321000E+03 1.3965000E-01
1.1326000E+03 1.3849001E-01
1.1330000E+03 1.3784000E-01
1.1335000E+03 1.3694000E-01
1.1340000E+03 1.3598999E-01
1.1345000E+03 1.3516000E-01
1.1350000E+03 1.3414000E-01
1.1355000E+03 1.3293999E-01
1.1359000E+03 1.3220000E-01
1.1364000E+03 1.3146000E-01
1.1369000E+03 1.3028000E-01
1.1374000E+03 1.2972000E-01
1.1379000E+03 1.2902001E-01
1.1383000E+03 1.2770000E-01
1.1388000E+03 1.2721001E-01
1.1393000E+03 1.2653001E-01
1.1398000E+03 1.2510000E-01
1.1403000E+03 1.2476000E-01
1.1408000E+03 1.2430000E-01
1.1412000E+03 1.2297000E-01
1.1417000E+03 1.2241000E-01
1.1422000E+03 1.2171000E-01
1.1427000E+03 1.2084000E-01
1.1432000E+03 1.2037000E-01
1.1436000E+03 1.1940000E-01
1.1441000E+03 1.1869000E-01
1.1446000E+03 1.1819000E-01
1.1451000E+03 1.1731000E-01
1.1456000E+03 1.1658000E-01
1.1461000E+03 1.1588000E-01
1.1465000E+03 1.1525000E-01
1.1470000E+03 1.1434000E-01
1.1475000E+03 1.1338000E-01
1.1480000E+03 1.1311000E-01
1.1485000E+03 1.1267000E-01
1.1490000E+03 1.1206000E-01
1.1494000E+03 1.1152000E-01
1.1499000E+03 1.1058000E-01
1.1504000E+03 1.1006000E-01
1.1509000E+03 1.0988000E-01
1.1514000E+03 1.0880000E-01
1.1518000E+03 1.0779000E-01
1.1523000E+03 1.0748000E-01
1.1528000E+03 1.0695000E-01
1.1533000E+03 1.0644000E-01
1.1538000E+03 1.0619000E-01
1.1543000E+03 1.0562000E-01
1.1547000E+03 1.0504000E-01
1.1552000E+03 1.0453000E-01
1.1557000E+03 1.0355000E-01
1.1562000E+03 1.0285000E-01
1.1567000E+03 1.0241000E-01
1.1571000E+03 1.0160000E-01
1.1576000E+03 1.0091000E-01
1.1581000E+03 1.0039000E-01
1.1586000E+03 9.9932998E-02
1.1591000E+03 9.9214002E-02
1.1596000E+03 9.8523997E-02
1.1600000E+03 9.8040998E-02
1.1605000E+03 9.7043000E-02
1.1610000E+03 9.6449003E-02
1.1615000E+03 9.5835000E-02
1.1620000E+03 9.4669998E-02
1.1625000E+03 9.4221003E-02
1.1629000E+03 9.3565002E-02
1.1634000E+03 9.2522003E-02
1.1639000E+03 9.2096001E-02
1.1644000E+03 9.1622002E-02
1.1649000E+03 9.0999000E-02
1.1653000E+03 9.0677999E-02
1.1658000E+03 8.9767002E-02
1.1663000E+03 8.8582002E-02
1.1668000E+03 8.8275999E-02
1.1673000E+03 8.7773003E-02
1.1678000E+03 8.6869001E-02
1.1682000E+03 8.6089000E-02
1.1687000E+03 8.5359998E-02
1.1692000E+03 8.4798001E-02
1.1697000E+03 8.3939999E-02
1.1702000E+03 8.3071001E-02
1.1706000E+03 8.2359999E-02
1.1711000E+03 8.1638001E-02
1.1716000E+03 8.1023999E-02
1.1721000E+03 8.0150001E-02
1.1726000E+03 7.9507001E-02
1.1731000E+03 7.9242997E-02
1.1735000E+03 7.8253001E-02
1.1740000E+03 7.7230997E-02
1.1745000E+03 7.6917998E-02
1.1750000E+03 7.6387003E-02
1.1755000E+03 7.5709000E-02
1.1760000E+03 7.4867003E-02
1.1764000E+03 7.3978998E-02
1.1769000E+03 7.3680997E-02
1.1774000E+03 7.3205002E-02
1.1779000E+03 7.2296001E-02
1.1784000E+03 7.1650997E-02
1.1788000E+03 7.1050003E-02
1.1793000E+03 7.0450000E-02
1.1798000E+03 7.0065998E-02
1.1803000E+03 6.9440000E-02
1.1808000E+03 6.8788998E-02
1.1813000E+03 6.8242997E-02
1.1817000E+03 6.7739002E-02
1.1822000E+03 6.7261003E-02
1.1827000E+03 6.6464998E-02
1.1832000E+03 6.6219002E-02
1.1837000E+03 6.5986998E-02
1.1841000E+03 6.4928003E-02
1.1846000E+03 6.4611003E-02
1.1851000E+03 6.4493001E-02
1.1856000E+03 6.3767999E-02
1.1861000E+03 6.3367002E-02
1.1866000E+03 6.2541001E-02
1.1870000E+03 6.1937999E-02
1.1875000E+03 6.2132999E-02
1.1880000E+03 6.1535001E-02
1.1885000E+03 6.1009999E-02
1.1890000E+03 6.0922001E-02
1.1895000E+03 6.0412001E-02
1.1899000E+03 5.9948999E-02
1.1904000E+03 5.9273999E-02
1.1909000E+03 5.8690000E-02
1.1914000E+03 5.8718000E-02
1.1919000E+03 5.8616001E-02
1.1923000E+03 5.8215000E-02
1.1928000E+03 5.7712000E-02
1.1933000E+03 5.7367999E-02
1.1938000E+03 5.7207000E-02
1.1943000E+03 5.6566000E-02
1.1948000E+03 5.6118999E-02
1.1952000E+03 5.6086000E-02
1.1957000E+03 5.5399001E-02
1.1962000E+03 5.5089999E-02
1.1967000E+03 5.5225000E-02
1.1972000E+03 5.4650001E-02
1.1976000E+03 5.4427002E-02
1.1981000E+03 5.4256000E-02
1.1986000E+03 5.3488001E-02
1.1991000E+03 5.3275000E-02
1.1996000E+03 5.3059999E-02
1.2001000E+03 5.2531999E-02
1.2005000E+03 5.2460000E-02
1.2010000E+03 5.2186999E-02
1.2015000E+03 5.1607002E-02
1.2020000E+03 5.1268999E-02
1.2025000E+03 5.0964002E-02
1.2030000E+03 5.0624002E-02
1.2034000E+03 5.0303999E-02
1.2039000E+03 5.0115000E-02
1.2044000E+03 4.9771000E-02
1.2049000E+03 4.9040001E-02
1.2054000E+03 4.8969001E-02
1.2058000E+03 4.8877001E-02
1.2063000E+03 4.8021998E-02
1.2068000E+03 4.7929000E-02
1.2073000E+03 4.7773998E-02
1.2078000E+03 4.7366001E-02
1.2083000E+03 4.7485001E-02
1.2087000E+03 4.6631999E-02
1.2092000E+03 4.6071000E-02
1.2097000E+03 4.6468999E-02
1.2102000E+03 4.6016999E-02
1.2107000E+03 4.5536999E-02
1.2111000E+03 4.5403998E-02
1.2116000E+03 4.5139000E-02
1.2121000E+03 4.5015000E-02
1.2126000E+03 4.4753999E-02
1.2131000E+03 4.4431999E-02
1.2136000E+03 4.4307001E-02
1.2140000E+03 4.4266000E-02
1.2145000E+03 4.4059999E-02
1.2150000E+03 4.3543000E-02
1.2155000E+03 4.3276999E-02
1.2160000E+03 4.3462999E-02
1.2165000E+03 4.3134000E-02
1.2169000E+03 4.2849999E-02
1.2174000E+03 4.3159999E-02
1.2179000E+03 4.2659000E-02
1.2184000E+03 4.2436000E-02
1.2189000E+03 4.2661998E-02
1.2193000E+03 4.1728999E-02
1.2198000E+03 4.1565001E-02
1.2203000E+03 4.1931000E-02
1.2208000E+03 4.1310001E-02
1.2213000E+03 4.1322999E-02
1.2218000E+03 4.1561000E-02
1.2222000E+03 4.1343000E-02
1.2227000E+03 4.1328002E-02
1.2232000E+03 4.0922999E-02
1.2237000E+03 4.0580001E-02
1.2242000E+03 4.0940002E-02
1.2246000E+03 4.1062001E-02
1.2251000E+03 4.0495999E-02
1.2256000E+03 3.9995998E-02
1.2261000E+03 4.0222000E-02
1.2266000E+03 4.0337998E-02
1.2271000E+03 3.9859999E-02
1.2275000E+03 3.9732002E-02
1.2280000E+03 3.9599001E-02
1.2285000E+03 3.9345998E-02
1.2290000E+03 3.9643999E-02
1.2295000E+03 3.9228000E-02
1.2300000E+03 3.8555998E-02
1.2304000E+03 3.9030999E-02
1.2309000E+03 3.8823001E-02
1.2314000E+03 3.8107999E-02
1.2319000E+03 3.8504001E-02
1.2324000E+03 3.8468000E-02
1.2328000E+03 3.8139999E-02
1.2333000E+03 3.8385998E-02
1.2338000E+03 3.7974000E-02
1.2343000E+03 3.7712999E-02
1.2348000E+03 3.7957001E-02
1.2353000E+03 3.7501000E-02
1.2357000E+03 3.6881998E-02
1.2362000E+03 3.6922999E-02
1.2367000E+03 3.7416998E-02
1.2372000E+03 3.7108999E-02
1.2377000E+03 3.6471002E-02
1.2381000E+03 3.6649998E-02
1.2386000E+03 3.6207002E-02
1.2391000E+03 3.5964001E-02
1.2396000E+03 3.6502000E-02
1.2401000E+03 3.5712000E-02
1.2406000E+03 3.5321999E-02
1.2410000E+03 3.5824001E-02
1.2415000E+03 3.5133000E-02
1.2420000E+03 3.4777001E-02
1.2425000E+03 3.5009999E-02
1.2430000E+03 3.4703001E-02
1.2435000E+03 3.4745999E-02
1.2439000E+03 3.4582999E-02
1.2444000E+03 3.3752002E-02
1.2449000E+03 3.3519998E-02
1.2454000E+03 3.3601001E-02
1.2459000E+03 3.3252001E-02
1.2463000E+03 3.2894000E-02
1.2468000E+03 3.2823000E-02
1.2473000E+03 3.2593999E-02
1.2478000E+03 3.1993002E-02
1.2483000E+03 3.2088000E-02
1.2488000E+03 3.2198999E-02
1.2492000E+03 3.1323001E-02
1.2497000E+03 3.1350002E-02
1.2502000E+03 3.1358998E-02
1.2507000E+03 3.0270001E-02
1.2512000E+03 3.0532001E-02
1.2516000E+03 3.0593000E-02
1.2521000E+03 2.9446000E-02
1.2526000E+03 2.9692000E-02
1.2531000E+03 2.9711001E-02
1.2536000E+03 2.8819000E-02
1.2541000E+03 2.9045001E-02
1.2545000E+03 2.9072000E-02
1.2550000E+03 2.8562000E-02
1.2555000E+03 2.8519001E-02
1.2560000E+03 2.8057000E-02
1.2565000E+03 2.7399000E-02
1.2570000E+03 2.7373999E-02
1.2574000E+03 2.7549000E-02
1.2579000E+03 2.7062999E-02
1.2584000E+03 2.6663000E-02
1.2589000E+03 2.7233001E-02
1.2594000E+03 2.6869999E-02
1.2598000E+03 2.6131000E-02
1.2603000E+03 2.6566001E-02
1.2608000E+03 2.6124001E-02
1.2613000E+03 2.5668999E-02
1.2618000E+03 2.6325000E-02
1.2623000E+03 2.5901999E-02
1.2627000E+03 2.5695000E-02
1.2632000E+03 2.6388001E-02
1.2637000E+03 2.5911000E-02
1.2642000E+03 2.5691001E-02
1.2647000E+03 2.6048999E-02
1.2652000E+03 2.5676001E-02
1.2656000E+03 2.5659001E-02
1.2661000E+03 2.5823999E-02
1.2666000E+03 2.5549000E-02
1.2671000E+03 2.5659001E-02
1.2676000E+03 2.6086001E-02
1.2680000E+03 2.5931001E-02
1.2685000E+03 2.5511000E-02
1.2690000E+03 2.5766000E-02
1.2695000E+03 2.5966000E-02
1.2700000E+03 2.5574001E-02
1.2705000E+03 2.5777999E-02
1.2709000E+03 2.5976000E-02
1.2714000E+03 2.5412999E-02
1.2719000E+03 2.5908001E-02
1.2724000E+03 2.6230000E-02
1.2729000E+03 2.5232000E-02
1.2733000E+03 2.5705000E-02
1.2738000E+03 2.6401000E-02
1.2743000E+03 2.5967000E-02
1.2748000E+03 2.6457001E-02
1.2753000E+03 2.6478000E-02
1.2758000E+03 2.5897000E-02
