1.3934000E+02 9.0556003E-02
1.3982001E+02 9.0769999E-02
1.4030000E+02 9.0845004E-02
1.4078999E+02 9.0544999E-02
1.4127000E+02 9.0786003E-02
1.4175000E+02 9.1325998E-02
1.4223000E+02 9.1523997E-02
1.4272000E+02 9.1369003E-02
1.4320000E+02 9.1266997E-02
1.4367999E+02 9.1765001E-02
1.4416000E+02 9.2738003E-02
1.4464000E+02 9.3005002E-02
1.4513000E+02 9.2566997E-02
1.4561000E+02 9.2427999E-02
1.4609000E+02 9.2471004E-02
1.4657001E+02 9.2652000E-02
1.4705000E+02 9.3096003E-02
1.4753999E+02 9.3635999E-02
1.4802000E+02 9.4182000E-02
1.4850000E+02 9.3877003E-02
1.4898000E+02 9.3102001E-02
1.4947000E+02 9.3684003E-02
1.4995000E+02 9.3920000E-02
1.5042999E+02 9.2802003E-02
1.5091000E+02 9.2711002E-02
1.5139000E+02 9.3428001E-02
1.5188000E+02 9.3994997E-02
1.5236000E+02 9.4192997E-02
1.5284000E+02 9.3791001E-02
1.5332001E+02 9.3059003E-02
1.5380000E+02 9.2850000E-02
1.5428999E+02 9.3850002E-02
1.5477000E+02 9.4357997E-02
1.5525000E+02 9.3904004E-02
1.5573000E+02 9.3519002E-02
1.5622000E+02 9.2797004E-02
1.5670000E+02 9.2380002E-02
1.5717999E+02 9.2390001E-02
1.5766000E+02 9.2000000E-02
1.5814000E+02 9.2363998E-02
1.5863000E+02 9.2929997E-02
1.5911000E+02 9.3052998E-02
1.5959000E+02 9.3181998E-02
1.6007001E+02 9.2855997E-02
1.6055000E+02 9.2726998E-02
1.6103999E+02 9.2834003E-02
1.6152000E+02 9.3225002E-02
1.6200000E+02 9.3667999E-02
1.6248000E+02 9.4070002E-02
1.6297000E+02 9.4572000E-02
1.6345000E+02 9.4582997E-02
1.6392999E+02 9.5118001E-02
1.6441000E+02 9.5528997E-02
1.6489000E+02 9.5523998E-02
1.6538000E+02 9.5957004E-02
1.6586000E+02 9.5988996E-02
1.6634000E+02 9.5904000E-02
1.6682001E+02 9.6032001E-02
1.6730000E+02 9.6578002E-02
1.6778999E+02 9.7364001E-02
1.6827000E+02 9.7588003E-02
1.6875000E+02 9.7561002E-02
1.6923000E+02 9.7615004E-02
1.6972000E+02 9.7512998E-02
1.7020000E+02 9.6519001E-02
1.7067999E+02 9.5872000E-02
1.7116000E+02 9.7193003E-02
1.7164000E+02 9.8278001E-02
1.7213000E+02 9.8497003E-02
1.7261000E+02 9.8465003E-02
1.7309000E+02 9.7599000E-02
1.7357001E+02 9.7267002E-02
1.7405000E+02 9.7347997E-02
1.7453999E+02 9.7401001E-02
1.7502000E+02 9.8203003E-02
1.7550000E+02 9.8529004E-02
1.7598000E+02 9.8036997E-02
1.7647000E+02 9.8273002E-02
1.7695000E+02 9.9209003E-02
1.7742999E+02 9.8770000E-02
1.7791000E+02 9.8701000E-02
1.7839000E+02 1.0093000E-01
1.7888000E+02 1.0125000E-01
1.7936000E+02 9.9748999E-02
1.7984000E+02 1.0012000E-01
1.8032001E+02 1.0086000E-01
1.8080000E+02 9.8765001E-02
1.8128999E+02 9.6091002E-02
1.8177000E+02 1.0044000E-01
1.8225000E+02 1.0743000E-01
1.8273000E+02 1.0712000E-01
1.8322000E+02 1.0397000E-01
1.8370000E+02 1.0386000E-01
1.8417999E+02 1.0443000E-01
1.8466000E+02 1.0467000E-01
1.8514000E+02 1.0557000E-01
1.8563000E+02 1.0486000E-01
1.8611000E+02 1.0359000E-01
1.8659000E+02 1.0537000E-01
1.8707001E+02 1.0593000E-01
1.8755000E+02 1.0569000E-01
1.8803999E+02 1.0755000E-01
1.8852000E+02 1.0719000E-01
1.8900000E+02 1.0809000E-01
1.8948000E+02 1.0995000E-01
1.8997000E+02 1.0898000E-01
1.9045000E+02 1.0971000E-01
1.9092999E+02 1.1003000E-01
1.9141000E+02 1.1040000E-01
1.9189000E+02 1.1171000E-01
1.9238000E+02 1.1123000E-01
1.9286000E+02 1.1189000E-01
1.9334000E+02 1.1183000E-01
1.9382001E+02 1.1127000E-01
1.9430000E+02 1.1090000E-01
1.9478999E+02 1.1057000E-01
1.9527000E+02 1.1202000E-01
1.9575000E+02 1.1236000E-01
1.9623000E+02 1.1253000E-01
1.9672000E+02 1.1283000E-01
1.9720000E+02 1.1228000E-01
1.9767999E+02 1.1195000E-01
1.9816000E+02 1.1184000E-01
1.9864000E+02 1.1242000E-01
1.9913000E+02 1.1281000E-01
1.9961000E+02 1.1303000E-01
2.0009000E+02 1.1340000E-01
2.0057001E+02 1.1389000E-01
2.0105000E+02 1.1456000E-01
2.0153999E+02 1.1504000E-01
2.0202000E+02 1.1490000E-01
2.0250000E+02 1.1267000E-01
2.0298000E+02 1.1137000E-01
2.0347000E+02 1.1364000E-01
2.0395000E+02 1.1555000E-01
2.0442999E+02 1.1631000E-01
2.0491000E+02 1.1699000E-01
2.0539000E+02 1.1723000E-01
2.0588000E+02 1.1751000E-01
2.0636000E+02 1.1786000E-01
2.0684000E+02 1.1804000E-01
2.0732001E+02 1.1835000E-01
2.0780000E+02 1.1859000E-01
2.0828999E+02 1.1824000E-01
2.0877000E+02 1.1827000E-01
2.0925000E+02 1.1910000E-01
2.0973000E+02 1.1971000E-01
2.1022000E+02 1.2000000E-01
2.1070000E+02 1.2002000E-01
2.1117999E+02 1.1982000E-01
2.1166000E+02 1.1991000E-01
2.1214000E+02 1.1985000E-01
2.1263000E+02 1.1960000E-01
2.1311000E+02 1.2045000E-01
2.1359000E+02 1.2118000E-01
2.1407001E+02 1.2089000E-01
2.1455000E+02 1.2090000E-01
2.1503999E+02 1.2099000E-01
2.1552000E+02 1.2137000E-01
2.1600000E+02 1.2187000E-01
2.1648000E+02 1.2217000E-01
2.1697000E+02 1.2267000E-01
2.1745000E+02 1.2332000E-01
2.1792999E+02 1.2407000E-01
2.1841000E+02 1.2455000E-01
2.1889000E+02 1.2472000E-01
2.1938000E+02 1.2498000E-01
2.1986000E+02 1.2530001E-01
2.2034000E+02 1.2574001E-01
2.2082001E+02 1.2653001E-01
2.2130000E+02 1.2682000E-01
2.2178999E+02 1.2689000E-01
2.2227000E+02 1.2775999E-01
2.2275000E+02 1.2857001E-01
2.2323000E+02 1.2871000E-01
2.2372000E+02 1.2853000E-01
2.2420000E+02 1.2909000E-01
2.2467999E+02 1.3000999E-01
2.2516000E+02 1.3046999E-01
2.2564000E+02 1.3099000E-01
2.2613000E+02 1.3096000E-01
2.2661000E+02 1.3108000E-01
2.2709000E+02 1.3184001E-01
2.2757001E+02 1.3135999E-01
2.2805000E+02 1.3073000E-01
2.2853999E+02 1.3156000E-01
2.2902000E+02 1.3258000E-01
2.2950000E+02 1.3312000E-01
2.2998000E+02 1.3358000E-01
2.3047000E+02 1.3403000E-01
2.3095000E+02 1.3394000E-01
2.3142999E+02 1.3382000E-01
2.3191000E+02 1.3397001E-01
2.3239000E+02 1.3410001E-01
2.3288000E+02 1.3448000E-01
2.3336000E+02 1.3482000E-01
2.3384000E+02 1.3559000E-01
2.3432001E+02 1.3647000E-01
2.3480000E+02 1.3654000E-01
2.3528999E+02 1.3666999E-01
2.3577000E+02 1.3721000E-01
2.3625000E+02 1.3773000E-01
2.3673000E+02 1.3766000E-01
2.3722000E+02 1.3783000E-01
2.3770000E+02 1.3866000E-01
2.3817999E+02 1.3850001E-01
2.3866000E+02 1.3876000E-01
2.3914000E+02 1.4101000E-01
2.3963000E+02 1.4229999E-01
2.4011000E+02 1.4116000E-01
2.4059000E+02 1.4070000E-01
2.4107001E+02 1.4212000E-01
2.4155000E+02 1.4083000E-01
2.4203999E+02 1.3693000E-01
2.4252000E+02 1.3812000E-01
2.4300000E+02 1.4393000E-01
2.4348000E+02 1.4647000E-01
2.4397000E+02 1.4488000E-01
2.4445000E+02 1.4371000E-01
2.4492999E+02 1.4324000E-01
2.4541000E+02 1.4250000E-01
2.4589000E+02 1.4387000E-01
2.4638000E+02 1.4455999E-01
2.4686000E+02 1.4331999E-01
2.4734000E+02 1.4386000E-01
2.4782001E+02 1.4312001E-01
2.4830000E+02 1.4178000E-01
2.4878999E+02 1.4363000E-01
2.4927000E+02 1.4428000E-01
2.4975000E+02 1.4358000E-01
2.5023000E+02 1.4508000E-01
2.5072000E+02 1.4600000E-01
2.5120000E+02 1.4577000E-01
2.5167999E+02 1.4684001E-01
2.5216000E+02 1.4690000E-01
2.5264000E+02 1.4710000E-01
2.5313000E+02 1.4816000E-01
2.5361000E+02 1.4669000E-01
2.5409000E+02 1.4612000E-01
2.5457001E+02 1.4756000E-01
2.5506000E+02 1.4895999E-01
2.5553999E+02 1.5022001E-01
2.5601999E+02 1.5064999E-01
2.5650000E+02 1.5149000E-01
2.5698001E+02 1.5186000E-01
2.5747000E+02 1.5214001E-01
2.5795001E+02 1.5298000E-01
2.5842999E+02 1.5351000E-01
2.5891000E+02 1.5434000E-01
2.5939001E+02 1.5514000E-01
2.5988000E+02 1.5590000E-01
2.6035999E+02 1.5656000E-01
2.6084000E+02 1.5705000E-01
2.6132001E+02 1.5742999E-01
2.6181000E+02 1.5773000E-01
2.6229001E+02 1.5816000E-01
2.6276999E+02 1.5858001E-01
2.6325000E+02 1.5904000E-01
2.6373001E+02 1.5964000E-01
2.6422000E+02 1.6071001E-01
2.6470001E+02 1.6132000E-01
2.6517999E+02 1.6163000E-01
2.6566000E+02 1.6203000E-01
2.6614001E+02 1.6192999E-01
2.6663000E+02 1.6219001E-01
2.6710999E+02 1.6275001E-01
2.6759000E+02 1.6343001E-01
2.6807001E+02 1.6440000E-01
2.6856000E+02 1.6517000E-01
2.6904001E+02 1.6545001E-01
2.6951999E+02 1.6542999E-01
2.7000000E+02 1.6568001E-01
2.7048001E+02 1.6606000E-01
2.7097000E+02 1.6655999E-01
2.7145001E+02 1.6716000E-01
2.7192999E+02 1.6750000E-01
2.7241000E+02 1.6782001E-01
2.7289001E+02 1.6818000E-01
2.7338000E+02 1.6847000E-01
2.7385999E+02 1.6870999E-01
2.7434000E+02 1.6886000E-01
2.7482001E+02 1.6909000E-01
2.7531000E+02 1.6924000E-01
2.7579001E+02 1.6931000E-01
2.7626999E+02 1.6956000E-01
2.7675000E+02 1.6969000E-01
2.7723001E+02 1.7001000E-01
2.7772000E+02 1.7012000E-01
2.7820001E+02 1.6947000E-01
2.7867999E+02 1.6947000E-01
2.7916000E+02 1.7041001E-01
2.7964001E+02 1.7116000E-01
2.8013000E+02 1.7136000E-01
2.8060999E+02 1.7140999E-01
2.8109000E+02 1.7203000E-01
2.8157001E+02 1.7240000E-01
2.8206000E+02 1.7174999E-01
2.8254001E+02 1.7147000E-01
2.8301999E+02 1.7224000E-01
2.8350000E+02 1.7309000E-01
2.8398001E+02 1.7341000E-01
2.8447000E+02 1.7365000E-01
2.8495001E+02 1.7410000E-01
2.8542999E+02 1.7445000E-01
2.8591000E+02 1.7463000E-01
2.8639001E+02 1.7481001E-01
2.8688000E+02 1.7501999E-01
2.8735999E+02 1.7531000E-01
2.8784000E+02 1.7566000E-01
2.8832001E+02 1.7626999E-01
2.8881000E+02 1.7687000E-01
2.8929001E+02 1.7659000E-01
2.8976999E+02 1.7656000E-01
2.9025000E+02 1.7744000E-01
2.9073001E+02 1.7784999E-01
2.9122000E+02 1.7809001E-01
2.9170001E+02 1.7857000E-01
2.9217999E+02 1.7903000E-01
2.9266000E+02 1.7946000E-01
2.9314001E+02 1.7968000E-01
2.9363000E+02 1.8018000E-01
2.9410999E+02 1.8088999E-01
2.9459000E+02 1.8117000E-01
2.9507001E+02 1.8158001E-01
2.9556000E+02 1.8224999E-01
2.9604001E+02 1.8248001E-01
2.9651999E+02 1.8288000E-01
2.9700000E+02 1.8387000E-01
2.9748001E+02 1.8482000E-01
2.9797000E+02 1.8538000E-01
2.9845001E+02 1.8622001E-01
2.9892999E+02 1.8750000E-01
2.9941000E+02 1.8782000E-01
2.9989001E+02 1.8794000E-01
3.0038000E+02 1.8937001E-01
3.0085999E+02 1.9106001E-01
3.0134000E+02 1.9182999E-01
3.0182001E+02 1.9326000E-01
3.0231000E+02 1.9606000E-01
3.0279001E+02 1.9616000E-01
3.0326999E+02 1.9396999E-01
3.0375000E+02 1.9498999E-01
3.0423001E+02 1.9801000E-01
3.0472000E+02 1.9983999E-01
3.0520001E+02 2.0139000E-01
3.0567999E+02 2.0318000E-01
3.0616000E+02 2.0440000E-01
3.0664001E+02 2.0596001E-01
3.0713000E+02 2.0821001E-01
3.0760999E+02 2.0976000E-01
3.0809000E+02 2.1072000E-01
3.0857001E+02 2.1219000E-01
3.0906000E+02 2.1355000E-01
3.0954001E+02 2.1489000E-01
3.1001999E+02 2.1690001E-01
3.1050000E+02 2.1827000E-01
3.1098001E+02 2.1961001E-01
3.1147000E+02 2.2175001E-01
3.1195001E+02 2.2317000E-01
3.1242999E+02 2.2486000E-01
3.1291000E+02 2.2741000E-01
3.1339001E+02 2.2924000E-01
3.1388000E+02 2.3146001E-01
3.1435999E+02 2.3406000E-01
3.1484000E+02 2.3542000E-01
3.1532001E+02 2.3752999E-01
3.1581000E+02 2.4015000E-01
3.1629001E+02 2.4219000E-01
3.1676999E+02 2.4465001E-01
3.1725000E+02 2.4674000E-01
3.1773001E+02 2.4928001E-01
3.1822000E+02 2.5206000E-01
3.1870001E+02 2.5415999E-01
3.1917999E+02 2.5657001E-01
3.1966000E+02 2.5896999E-01
3.2014001E+02 2.6152000E-01
3.2063000E+02 2.6412001E-01
3.2110999E+02 2.6684999E-01
3.2159000E+02 2.6995999E-01
3.2207001E+02 2.7272999E-01
3.2256000E+02 2.7541000E-01
3.2304001E+02 2.7825001E-01
3.2351999E+02 2.8064999E-01
3.2400000E+02 2.8251001E-01
3.2448001E+02 2.8536001E-01
3.2497000E+02 2.8884000E-01
3.2545001E+02 2.9176000E-01
3.2592999E+02 2.9462001E-01
3.2641000E+02 2.9745001E-01
3.2689001E+02 3.0030999E-01
3.2738000E+02 3.0226001E-01
3.2785999E+02 3.0421001E-01
3.2834000E+02 3.0757999E-01
3.2882001E+02 3.1075999E-01
3.2931000E+02 3.1369999E-01
3.2979001E+02 3.1671000E-01
3.3026999E+02 3.1962001E-01
3.3075000E+02 3.2242000E-01
3.3123001E+02 3.2506999E-01
3.3172000E+02 3.2804000E-01
3.3220001E+02 3.3081001E-01
3.3267999E+02 3.3329001E-01
3.3316000E+02 3.3620000E-01
3.3364001E+02 3.3923000E-01
3.3413000E+02 3.4176001E-01
3.3460999E+02 3.4389001E-01
3.3509000E+02 3.4608999E-01
3.3557001E+02 3.4845999E-01
3.3606000E+02 3.5084000E-01
3.3654001E+02 3.5326999E-01
3.3701999E+02 3.5565001E-01
3.3750000E+02 3.5786000E-01
3.3798001E+02 3.5978001E-01
3.3847000E+02 3.6170000E-01
3.3895001E+02 3.6368001E-01
3.3942999E+02 3.6528000E-01
3.3991000E+02 3.6710000E-01
3.4039001E+02 3.6890000E-01
3.4088000E+02 3.7020001E-01
3.4135999E+02 3.7171999E-01
3.4184000E+02 3.7312001E-01
3.4232001E+02 3.7439001E-01
3.4281000E+02 3.7542000E-01
3.4329001E+02 3.7608999E-01
3.4376999E+02 3.7707999E-01
3.4425000E+02 3.7783000E-01
3.4473001E+02 3.7825000E-01
3.4522000E+02 3.7887001E-01
3.4570001E+02 3.7933999E-01
3.4617999E+02 3.7950000E-01
3.4666000E+02 3.7950000E-01
3.4714001E+02 3.7959999E-01
3.4763000E+02 3.7963000E-01
3.4810999E+02 3.7940001E-01
3.4859000E+02 3.7935999E-01
3.4907001E+02 3.7904999E-01
3.4956000E+02 3.7803999E-01
3.5004001E+02 3.7728000E-01
3.5051999E+02 3.7689000E-01
3.5100000E+02 3.7602001E-01
3.5148001E+02 3.7457001E-01
3.5197000E+02 3.7342000E-01
3.5245001E+02 3.7261000E-01
3.5292999E+02 3.7103999E-01
3.5341000E+02 3.6919001E-01
3.5389001E+02 3.6787000E-01
3.5438000E+02 3.6632001E-01
3.5485999E+02 3.6447001E-01
3.5534000E+02 3.6298001E-01
3.5582001E+02 3.6179000E-01
3.5631000E+02 3.6011001E-01
3.5679001E+02 3.5758999E-01
3.5726999E+02 3.5547999E-01
3.5775000E+02 3.5409999E-01
3.5823001E+02 3.5225001E-01
3.5872000E+02 3.5040000E-01
3.5920001E+02 3.4941000E-01
3.5967999E+02 3.4801999E-01
3.6016000E+02 3.4560001E-01
3.6064001E+02 3.4395000E-01
3.6113000E+02 3.4342000E-01
3.6160999E+02 3.4200001E-01
3.6209000E+02 3.4007001E-01
3.6257001E+02 3.3976001E-01
3.6306000E+02 3.3952001E-01
3.6354001E+02 3.3675000E-01
3.6401999E+02 3.3403999E-01
3.6450000E+02 3.3401000E-01
3.6498001E+02 3.3432999E-01
3.6547000E+02 3.3360001E-01
3.6595001E+02 3.3287999E-01
3.6642999E+02 3.3171001E-01
3.6691000E+02 3.3059999E-01
3.6739001E+02 3.3098999E-01
3.6788000E+02 3.3135000E-01
3.6835999E+02 3.3045000E-01
3.6884000E+02 3.3001000E-01
3.6932001E+02 3.2984999E-01
3.6981000E+02 3.2894999E-01
3.7029001E+02 3.2958001E-01
3.7076999E+02 3.3111000E-01
3.7125000E+02 3.3103999E-01
3.7173001E+02 3.3171001E-01
3.7222000E+02 3.3311000E-01
3.7270001E+02 3.3364001E-01
3.7317999E+02 3.3544999E-01
3.7366000E+02 3.3732000E-01
3.7414001E+02 3.3781001E-01
3.7463000E+02 3.3972001E-01
3.7510999E+02 3.4174001E-01
3.7559000E+02 3.4259999E-01
3.7607001E+02 3.4509999E-01
3.7656000E+02 3.4782001E-01
3.7704001E+02 3.4928000E-01
3.7751999E+02 3.5189000E-01
3.7800000E+02 3.5442999E-01
3.7848001E+02 3.5703999E-01
3.7897000E+02 3.5986000E-01
3.7945001E+02 3.6072999E-01
3.7992999E+02 3.6348999E-01
3.8041000E+02 3.6528999E-01
3.8089001E+02 3.6578000E-01
3.8138000E+02 3.6934000E-01
3.8185999E+02 3.7152001E-01
3.8234000E+02 3.7360001E-01
3.8282001E+02 3.7523001E-01
3.8331000E+02 3.7700999E-01
3.8379001E+02 3.8043001E-01
3.8426999E+02 3.8181001E-01
3.8475000E+02 3.8361001E-01
3.8523001E+02 3.8518000E-01
3.8572000E+02 3.8703001E-01
3.8620001E+02 3.8931000E-01
3.8667999E+02 3.9028999E-01
3.8716000E+02 3.9212999E-01
3.8764999E+02 3.9291000E-01
3.8813000E+02 3.9287999E-01
3.8860999E+02 3.9294001E-01
3.8909000E+02 3.9251000E-01
3.8957001E+02 3.9199999E-01
3.9006000E+02 3.9098999E-01
3.9054001E+02 3.8999000E-01
3.9101999E+02 3.8846001E-01
3.9150000E+02 3.8657999E-01
3.9198001E+02 3.8479000E-01
3.9247000E+02 3.8201001E-01
3.9295001E+02 3.7893000E-01
3.9342999E+02 3.7650999E-01
3.9391000E+02 3.7400001E-01
3.9439999E+02 3.7114000E-01
3.9488000E+02 3.6840001E-01
3.9535999E+02 3.6572999E-01
3.9584000E+02 3.6287001E-01
3.9632001E+02 3.5964000E-01
3.9681000E+02 3.5699999E-01
3.9729001E+02 3.5442999E-01
3.9776999E+02 3.5139000E-01
3.9825000E+02 3.4930000E-01
3.9873001E+02 3.4682000E-01
3.9922000E+02 3.4367001E-01
3.9970001E+02 3.4105000E-01
4.0017999E+02 3.3837000E-01
4.0066000E+02 3.3612001E-01
4.0114999E+02 3.3374000E-01
4.0163000E+02 3.3094999E-01
4.0210999E+02 3.2859001E-01
4.0259000E+02 3.2622001E-01
4.0307001E+02 3.2383999E-01
4.0356000E+02 3.2150000E-01
4.0404001E+02 3.1900001E-01
4.0451999E+02 3.1650999E-01
4.0500000E+02 3.1439000E-01
4.0548001E+02 3.1263000E-01
4.0597000E+02 3.1073001E-01
4.0645001E+02 3.0899000E-01
4.0692999E+02 3.0755001E-01
4.0741000E+02 3.0610001E-01
4.0789999E+02 3.0445999E-01
4.0838000E+02 3.0256999E-01
4.0885999E+02 3.0120999E-01
4.0934000E+02 3.0048001E-01
4.0982001E+02 2.9967999E-01
4.1031000E+02 2.9899001E-01
4.1079001E+02 2.9831001E-01
4.1126999E+02 2.9756001E-01
4.1175000E+02 2.9699999E-01
4.1223001E+02 2.9644001E-01
4.1272000E+02 2.9581001E-01
4.1320001E+02 2.9513001E-01
4.1367999E+02 2.9464000E-01
4.1416000E+02 2.9445001E-01
4.1464999E+02 2.9407001E-01
4.1513000E+02 2.9341999E-01
4.1560999E+02 2.9289001E-01
4.1609000E+02 2.9240999E-01
4.1657001E+02 2.9189000E-01
4.1706000E+02 2.9144999E-01
4.1754001E+02 2.9095000E-01
4.1801999E+02 2.9029000E-01
4.1850000E+02 2.8959000E-01
4.1898001E+02 2.8896001E-01
4.1947000E+02 2.8836000E-01
4.1995001E+02 2.8810000E-01
4.2042999E+02 2.8759000E-01
4.2091000E+02 2.8635001E-01
4.2139999E+02 2.8551000E-01
4.2188000E+02 2.8543001E-01
4.2235999E+02 2.8494999E-01
4.2284000E+02 2.8373000E-01
4.2332001E+02 2.8338999E-01
4.2381000E+02 2.8387001E-01
4.2429001E+02 2.8272000E-01
4.2476999E+02 2.8016999E-01
4.2525000E+02 2.7843001E-01
4.2573001E+02 2.7810001E-01
4.2622000E+02 2.7818000E-01
4.2670001E+02 2.7761000E-01
4.2717999E+02 2.7608001E-01
4.2766000E+02 2.7461001E-01
4.2814999E+02 2.7472001E-01
4.2863000E+02 2.7498999E-01
4.2910999E+02 2.7392000E-01
4.2959000E+02 2.7307001E-01
4.3007001E+02 2.7239001E-01
4.3056000E+02 2.7094999E-01
4.3104001E+02 2.7010000E-01
4.3151999E+02 2.7004001E-01
4.3200000E+02 2.6907000E-01
4.3248001E+02 2.6774001E-01
4.3297000E+02 2.6747999E-01
4.3345001E+02 2.6690000E-01
4.3392999E+02 2.6600000E-01
4.3441000E+02 2.6570001E-01
4.3489999E+02 2.6473001E-01
4.3538000E+02 2.6381999E-01
4.3585999E+02 2.6348001E-01
4.3634000E+02 2.6216000E-01
4.3682001E+02 2.6073000E-01
4.3731000E+02 2.5944999E-01
4.3779001E+02 2.5727999E-01
4.3826999E+02 2.5582999E-01
4.3875000E+02 2.5499001E-01
4.3923001E+02 2.5314000E-01
4.3972000E+02 2.5132000E-01
4.4020001E+02 2.4968000E-01
4.4067999E+02 2.4808000E-01
4.4116000E+02 2.4686000E-01
4.4164999E+02 2.4529000E-01
4.4213000E+02 2.4410000E-01
4.4260999E+02 2.4324000E-01
4.4309000E+02 2.4222000E-01
4.4357001E+02 2.4157999E-01
4.4406000E+02 2.4058001E-01
4.4454001E+02 2.4020000E-01
4.4501999E+02 2.4026000E-01
4.4550000E+02 2.3937000E-01
4.4598001E+02 2.3886999E-01
4.4647000E+02 2.3839000E-01
4.4695001E+02 2.3780000E-01
4.4742999E+02 2.3774999E-01
4.4791000E+02 2.3754001E-01
4.4839999E+02 2.3723000E-01
4.4888000E+02 2.3683000E-01
4.4935999E+02 2.3668000E-01
4.4984000E+02 2.3672999E-01
4.5032001E+02 2.3660000E-01
4.5081000E+02 2.3644000E-01
4.5129001E+02 2.3633000E-01
4.5176999E+02 2.3658000E-01
4.5225000E+02 2.3687001E-01
4.5273001E+02 2.3693000E-01
4.5322000E+02 2.3716000E-01
4.5370001E+02 2.3768000E-01
4.5417999E+02 2.3794000E-01
4.5466000E+02 2.3797999E-01
4.5514999E+02 2.3836000E-01
4.5563000E+02 2.3913001E-01
4.5610999E+02 2.3993000E-01
4.5659000E+02 2.4022999E-01
4.5707001E+02 2.4065000E-01
4.5756000E+02 2.4113999E-01
4.5804001E+02 2.4130000E-01
4.5851999E+02 2.4201000E-01
4.5900000E+02 2.4273001E-01
4.5948001E+02 2.4302000E-01
4.5997000E+02 2.4341001E-01
4.6045001E+02 2.4408001E-01
4.6092999E+02 2.4472000E-01
4.6141000E+02 2.4487001E-01
4.6189999E+02 2.4512000E-01
4.6238000E+02 2.4586000E-01
4.6285999E+02 2.4670000E-01
4.6334000E+02 2.4747001E-01
4.6382001E+02 2.4832000E-01
4.6431000E+02 2.4964000E-01
4.6479001E+02 2.5108999E-01
4.6526999E+02 2.5251001E-01
4.6575000E+02 2.5435001E-01
4.6623001E+02 2.5626001E-01
4.6672000E+02 2.5827000E-01
4.6720001E+02 2.6086000E-01
4.6767999E+02 2.6370001E-01
4.6816000E+02 2.6664001E-01
4.6864999E+02 2.6993999E-01
4.6913000E+02 2.7399001E-01
4.6960999E+02 2.7823001E-01
4.7009000E+02 2.8191999E-01
4.7057001E+02 2.8630000E-01
4.7106000E+02 2.9144999E-01
4.7154001E+02 2.9618001E-01
4.7201999E+02 3.0098999E-01
4.7250000E+02 3.0576000E-01
4.7298001E+02 3.1020999E-01
4.7347000E+02 3.1496999E-01
4.7395001E+02 3.2006001E-01
4.7442999E+02 3.2519999E-01
4.7491000E+02 3.3004001E-01
4.7539999E+02 3.3471000E-01
4.7588000E+02 3.3928999E-01
4.7635999E+02 3.4358001E-01
4.7684000E+02 3.4784001E-01
4.7732001E+02 3.5258001E-01
4.7781000E+02 3.5769999E-01
4.7829001E+02 3.6166000E-01
4.7876999E+02 3.6460999E-01
4.7925000E+02 3.6829999E-01
4.7973001E+02 3.7222001E-01
4.8022000E+02 3.7599000E-01
4.8070001E+02 3.7987000E-01
4.8117999E+02 3.8269001E-01
4.8166000E+02 3.8387001E-01
4.8214999E+02 3.8519999E-01
4.8263000E+02 3.8881001E-01
4.8310999E+02 3.9217001E-01
4.8359000E+02 3.9359000E-01
4.8407001E+02 3.9625999E-01
4.8456000E+02 3.9993000E-01
4.8504001E+02 4.0121999E-01
4.8551999E+02 3.9974001E-01
4.8600000E+02 3.9804000E-01
4.8648001E+02 3.9805001E-01
4.8697000E+02 3.9941001E-01
4.8745001E+02 4.0088999E-01
4.8792999E+02 4.0075999E-01
4.8841000E+02 3.9934000E-01
4.8889999E+02 3.9912999E-01
4.8938000E+02 3.9960000E-01
4.8985999E+02 3.9923999E-01
4.9034000E+02 3.9851999E-01
4.9082001E+02 3.9757001E-01
4.9131000E+02 3.9596000E-01
4.9179001E+02 3.9412999E-01
4.9226999E+02 3.9357999E-01
4.9275000E+02 3.9307001E-01
4.9323001E+02 3.9155999E-01
4.9372000E+02 3.9089999E-01
4.9420001E+02 3.9010000E-01
4.9467999E+02 3.8935000E-01
4.9516000E+02 3.8999000E-01
4.9564999E+02 3.8992000E-01
4.9613000E+02 3.8945001E-01
4.9660999E+02 3.8970000E-01
4.9709000E+02 3.8977000E-01
4.9757001E+02 3.9004001E-01
4.9806000E+02 3.9039999E-01
4.9854001E+02 3.8995001E-01
4.9901999E+02 3.8986999E-01
4.9950000E+02 3.9035001E-01
4.9998001E+02 3.9017999E-01
5.0047000E+02 3.9065000E-01
5.0095001E+02 3.9137000E-01
5.0142999E+02 3.9109001E-01
5.0191000E+02 3.9177001E-01
5.0239999E+02 3.9307001E-01
5.0288000E+02 3.9388001E-01
5.0335999E+02 3.9493999E-01
5.0384000E+02 3.9607999E-01
5.0432001E+02 3.9776999E-01
5.0481000E+02 3.9972001E-01
5.0529001E+02 4.0105999E-01
5.0576999E+02 4.0248999E-01
5.0625000E+02 4.0300000E-01
5.0673001E+02 4.0264001E-01
5.0722000E+02 4.0312999E-01
5.0770001E+02 4.0329000E-01
5.0817999E+02 4.0384001E-01
5.0866000E+02 4.0505001E-01
5.0914999E+02 4.0559000E-01
5.0963000E+02 4.0640000E-01
5.1010999E+02 4.0753001E-01
5.1059000E+02 4.0946001E-01
5.1107001E+02 4.1108999E-01
5.1156000E+02 4.1163000E-01
5.1203998E+02 4.1260001E-01
5.1252002E+02 4.1367999E-01
5.1300000E+02 4.1411000E-01
5.1348999E+02 4.1428000E-01
5.1396997E+02 4.1514000E-01
5.1445001E+02 4.1571000E-01
5.1492999E+02 4.1558000E-01
5.1540997E+02 4.1556001E-01
5.1590002E+02 4.1530001E-01
5.1638000E+02 4.1532001E-01
5.1685999E+02 4.1523999E-01
5.1734003E+02 4.1495001E-01
5.1782001E+02 4.1451001E-01
5.1831000E+02 4.1376001E-01
5.1878998E+02 4.1349000E-01
5.1927002E+02 4.1305000E-01
5.1975000E+02 4.1205999E-01
5.2023999E+02 4.1126001E-01
5.2071997E+02 4.1110000E-01
5.2120001E+02 4.1126001E-01
5.2167999E+02 4.1090000E-01
5.2215997E+02 4.1005000E-01
5.2265002E+02 4.0898001E-01
5.2313000E+02 4.0797001E-01
5.2360999E+02 4.0709999E-01
5.2409003E+02 4.0597999E-01
5.2457001E+02 4.0465000E-01
5.2506000E+02 4.0343001E-01
5.2553998E+02 4.0248999E-01
5.2602002E+02 4.0121001E-01
5.2650000E+02 3.9954999E-01
5.2698999E+02 3.9847001E-01
5.2746997E+02 3.9741001E-01
5.2795001E+02 3.9574000E-01
5.2842999E+02 3.9444000E-01
5.2890997E+02 3.9331001E-01
5.2940002E+02 3.9139000E-01
5.2988000E+02 3.8938001E-01
5.3035999E+02 3.8766000E-01
5.3084003E+02 3.8593000E-01
5.3132001E+02 3.8385001E-01
5.3181000E+02 3.8130000E-01
5.3228998E+02 3.7966001E-01
5.3277002E+02 3.7819001E-01
5.3325000E+02 3.7549999E-01
5.3373999E+02 3.7279001E-01
5.3421997E+02 3.7068999E-01
5.3470001E+02 3.6888000E-01
5.3517999E+02 3.6642000E-01
5.3565997E+02 3.6366001E-01
5.3615002E+02 3.6142999E-01
5.3663000E+02 3.5870001E-01
5.3710999E+02 3.5583001E-01
5.3952002E+02 3.4222999E-01
5.4000000E+02 3.4204999E-01
5.4048999E+02 3.4307000E-01
5.4096997E+02 3.3497000E-01
5.4145001E+02 3.3346999E-01
5.4192999E+02 3.2633999E-01
5.4240997E+02 3.2312000E-01
5.4290002E+02 3.1834999E-01
5.4338000E+02 3.1075999E-01
5.4385999E+02 3.0706000E-01
5.4434003E+02 3.0208001E-01
5.4482001E+02 2.9892001E-01
5.4531000E+02 2.9337001E-01
5.4578998E+02 2.8931001E-01
5.4627002E+02 2.8580001E-01
5.4675000E+02 2.8314999E-01
5.4723999E+02 2.8106999E-01
5.4771997E+02 2.7814001E-01
5.4820001E+02 2.7658001E-01
5.4867999E+02 2.7344000E-01
5.4915997E+02 2.7099001E-01
5.4965002E+02 2.6918000E-01
5.5013000E+02 2.6671001E-01
5.5060999E+02 2.6429999E-01
5.5109003E+02 2.6233000E-01
5.5157001E+02 2.5983000E-01
5.5206000E+02 2.5725001E-01
5.5253998E+02 2.5533000E-01
5.5302002E+02 2.5274000E-01
5.5350000E+02 2.5029001E-01
5.5398999E+02 2.4828000E-01
5.5446997E+02 2.4551000E-01
5.5495001E+02 2.4363001E-01
5.5542999E+02 2.4331000E-01
5.5590997E+02 2.4197000E-01
5.5640002E+02 2.4079999E-01
5.5688000E+02 2.3925000E-01
5.5735999E+02 2.3706000E-01
5.5784003E+02 2.3648000E-01
5.5832001E+02 2.3633000E-01
5.5881000E+02 2.3542000E-01
5.5928998E+02 2.3422000E-01
5.5977002E+02 2.3341000E-01
5.6025000E+02 2.3266999E-01
5.6073999E+02 2.3217000E-01
5.6121997E+02 2.3216000E-01
5.6170001E+02 2.3296000E-01
5.6217999E+02 2.3371001E-01
5.6265997E+02 2.3423000E-01
5.6315002E+02 2.3551001E-01
5.6363000E+02 2.3644000E-01
5.6410999E+02 2.3771000E-01
5.6459003E+02 2.3921999E-01
5.6507001E+02 2.4076000E-01
5.6556000E+02 2.4338000E-01
5.6603998E+02 2.4578001E-01
5.6652002E+02 2.4758001E-01
5.6700000E+02 2.4958000E-01
5.6748999E+02 2.5200999E-01
5.6796997E+02 2.5549001E-01
5.6845001E+02 2.5942001E-01
5.6892999E+02 2.6199999E-01
5.6940997E+02 2.6434001E-01
5.6990002E+02 2.6763001E-01
5.7038000E+02 2.7131000E-01
5.7085999E+02 2.7487001E-01
5.7134003E+02 2.7711001E-01
5.7182001E+02 2.7965000E-01
5.7231000E+02 2.8331000E-01
5.7278998E+02 2.8573000E-01
5.7327002E+02 2.8891999E-01
5.7375000E+02 2.9372001E-01
5.7423999E+02 2.9552001E-01
5.7471997E+02 2.9547000E-01
5.7520001E+02 2.9802001E-01
5.7567999E+02 3.0061001E-01
5.7615997E+02 3.0219999E-01
5.7665002E+02 3.0596000E-01
5.7713000E+02 3.0980000E-01
5.7760999E+02 3.1011000E-01
5.7809003E+02 3.0937001E-01
5.7857001E+02 3.1088001E-01
5.7906000E+02 3.1373000E-01
5.7953998E+02 3.1608999E-01
5.8002002E+02 3.1676000E-01
5.8050000E+02 3.1670001E-01
5.8098999E+02 3.1880000E-01
5.8146997E+02 3.2093000E-01
5.8195001E+02 3.1986001E-01
5.8242999E+02 3.1876001E-01
5.8290997E+02 3.1926000E-01
5.8340002E+02 3.1979999E-01
5.8388000E+02 3.2187000E-01
5.8435999E+02 3.2365999E-01
5.8484003E+02 3.2302999E-01
5.8532001E+02 3.2275999E-01
5.8581000E+02 3.2295001E-01
5.8628998E+02 3.2249001E-01
5.8677002E+02 3.2161000E-01
5.8725000E+02 3.2086000E-01
5.8773999E+02 3.2042000E-01
5.8821997E+02 3.2012001E-01
5.8870001E+02 3.1987000E-01
5.8917999E+02 3.1933999E-01
5.8965997E+02 3.1905001E-01
5.9015002E+02 3.1816000E-01
5.9063000E+02 3.1720999E-01
5.9110999E+02 3.1768000E-01
5.9159003E+02 3.1628001E-01
5.9207001E+02 3.1319001E-01
5.9256000E+02 3.1217000E-01
5.9303998E+02 3.1167999E-01
5.9352002E+02 3.1027001E-01
5.9400000E+02 3.0844000E-01
5.9448999E+02 3.0633000E-01
5.9496997E+02 3.0526999E-01
5.9545001E+02 3.0438000E-01
5.9592999E+02 3.0249000E-01
5.9640997E+02 3.0077001E-01
5.9690002E+02 2.9844999E-01
5.9738000E+02 2.9655001E-01
5.9785999E+02 2.9530999E-01
5.9834003E+02 2.9236999E-01
5.9882001E+02 2.8977999E-01
5.9931000E+02 2.8797999E-01
5.9978998E+02 2.8532001E-01
6.0027002E+02 2.8262001E-01
6.0075000E+02 2.7990001E-01
6.0123999E+02 2.7768999E-01
6.0171997E+02 2.7579999E-01
6.0220001E+02 2.7327001E-01
6.0267999E+02 2.7056000E-01
6.0315997E+02 2.6815000E-01
6.0365002E+02 2.6631001E-01
6.0413000E+02 2.6324001E-01
6.0460999E+02 2.5972000E-01
6.0509003E+02 2.5771999E-01
6.0557001E+02 2.5514001E-01
6.0606000E+02 2.5198001E-01
6.0653998E+02 2.4859001E-01
6.0702002E+02 2.4479000E-01
6.0750000E+02 2.4177000E-01
6.0798999E+02 2.3906000E-01
6.0846997E+02 2.3580000E-01
6.0895001E+02 2.3239000E-01
6.0942999E+02 2.2957000E-01
6.0990997E+02 2.2656000E-01
6.1040002E+02 2.2296000E-01
6.1088000E+02 2.1986000E-01
6.1135999E+02 2.1687999E-01
6.1184003E+02 2.1369000E-01
6.1232001E+02 2.1094000E-01
6.1281000E+02 2.0747000E-01
6.1328998E+02 2.0378000E-01
6.1377002E+02 2.0158000E-01
6.1425000E+02 1.9869000E-01
6.1473999E+02 1.9473000E-01
6.1521997E+02 1.9168000E-01
6.1570001E+02 1.8889000E-01
6.1617999E+02 1.8571000E-01
6.1665997E+02 1.8262000E-01
6.1715002E+02 1.7946000E-01
6.1763000E+02 1.7660999E-01
6.1810999E+02 1.7433000E-01
6.1859003E+02 1.7124000E-01
6.1907001E+02 1.6808000E-01
6.1956000E+02 1.6599999E-01
6.2003998E+02 1.6366000E-01
6.2052002E+02 1.6080999E-01
6.2100000E+02 1.5830000E-01
6.2148999E+02 1.5604000E-01
6.2196997E+02 1.5361001E-01
6.2245001E+02 1.5142000E-01
6.2292999E+02 1.4923000E-01
6.2340997E+02 1.4653000E-01
6.2390002E+02 1.4474000E-01
6.2438000E+02 1.4319000E-01
6.2485999E+02 1.4053001E-01
6.2534003E+02 1.3840000E-01
6.2582001E+02 1.3675000E-01
6.2631000E+02 1.3477001E-01
6.2678998E+02 1.3291000E-01
6.2727002E+02 1.3085000E-01
6.2775000E+02 1.2882000E-01
6.2823999E+02 1.2752999E-01
6.2871997E+02 1.2613000E-01
6.2920001E+02 1.2397000E-01
6.2967999E+02 1.2240000E-01
6.3015997E+02 1.2130000E-01
6.3065002E+02 1.1957000E-01
6.3113000E+02 1.1809000E-01
6.3160999E+02 1.1682000E-01
6.3209003E+02 1.1522000E-01
6.3258002E+02 1.1392000E-01
6.3306000E+02 1.1280000E-01
6.3353998E+02 1.1147000E-01
6.3402002E+02 1.1036000E-01
6.3450000E+02 1.0971000E-01
6.3498999E+02 1.0838000E-01
6.3546997E+02 1.0670000E-01
6.3595001E+02 1.0583000E-01
6.3642999E+02 1.0477000E-01
6.3690997E+02 1.0369000E-01
6.3740002E+02 1.0301000E-01
6.3788000E+02 1.0174000E-01
6.3835999E+02 1.0060000E-01
6.3884003E+02 9.9846996E-02
6.3933002E+02 9.8720998E-02
6.3981000E+02 9.7726002E-02
6.4028998E+02 9.7287998E-02
6.4077002E+02 9.6525997E-02
6.4125000E+02 9.5385998E-02
6.4173999E+02 9.4414003E-02
6.4221997E+02 9.3395002E-02
6.4270001E+02 9.2712000E-02
6.4317999E+02 9.2279002E-02
6.4365997E+02 9.1371998E-02
6.4415002E+02 9.0241998E-02
6.4463000E+02 8.9633003E-02
6.4510999E+02 8.9134999E-02
6.4559003E+02 8.8083997E-02
6.4608002E+02 8.7352999E-02
6.4656000E+02 8.6641997E-02
6.4703998E+02 8.5721001E-02
6.4752002E+02 8.5455999E-02
6.4800000E+02 8.4739998E-02
6.4848999E+02 8.3692998E-02
6.4896997E+02 8.3301999E-02
6.4945001E+02 8.2576998E-02
6.4992999E+02 8.1464998E-02
6.5040997E+02 8.0851004E-02
6.5090002E+02 8.0219001E-02
6.5138000E+02 7.9200000E-02
6.5185999E+02 7.8548998E-02
6.5234003E+02 7.7995002E-02
6.5283002E+02 7.7247001E-02
6.5331000E+02 7.6808996E-02
6.5378998E+02 7.6269999E-02
6.5427002E+02 7.5306997E-02
6.5475000E+02 7.4511997E-02
6.5523999E+02 7.4125998E-02
6.5571997E+02 7.3441997E-02
6.5620001E+02 7.2618999E-02
6.5667999E+02 7.2251000E-02
6.5715997E+02 7.1548998E-02
6.5765002E+02 7.0859998E-02
6.5813000E+02 7.0515998E-02
6.5860999E+02 6.9581002E-02
6.5909003E+02 6.8990998E-02
6.5958002E+02 6.8781003E-02
6.6006000E+02 6.7920998E-02
6.6053998E+02 6.7381002E-02
6.6102002E+02 6.7088000E-02
6.6150000E+02 6.6372000E-02
6.6198999E+02 6.5842003E-02
6.6246997E+02 6.5419003E-02
6.6295001E+02 6.4726003E-02
6.6342999E+02 6.4312004E-02
6.6390997E+02 6.4060003E-02
6.6440002E+02 6.3386001E-02
6.6488000E+02 6.2930003E-02
6.6535999E+02 6.2748998E-02
6.6584003E+02 6.2242001E-02
6.6633002E+02 6.1735000E-02
6.6681000E+02 6.1535001E-02
6.6728998E+02 6.1186001E-02
6.6777002E+02 6.0580999E-02
6.6825000E+02 6.0288001E-02
6.6873999E+02 5.9693001E-02
6.6921997E+02 5.8952998E-02
6.6970001E+02 5.8915999E-02
6.7017999E+02 5.8343999E-02
6.7065997E+02 5.7526000E-02
6.7115002E+02 5.7619002E-02
6.7163000E+02 5.7264999E-02
6.7210999E+02 5.6437001E-02
6.7259003E+02 5.6171998E-02
6.7308002E+02 5.5633001E-02
6.7356000E+02 5.4953001E-02
6.7403998E+02 5.4912001E-02
6.7452002E+02 5.4478999E-02
6.7500000E+02 5.3725999E-02
6.7548999E+02 5.3544000E-02
6.7596997E+02 5.3107001E-02
6.7645001E+02 5.2352998E-02
6.7692999E+02 5.2149002E-02
6.7740997E+02 5.1828001E-02
6.7790002E+02 5.1219001E-02
6.7838000E+02 5.1050998E-02
6.7885999E+02 5.0781000E-02
6.7934003E+02 5.0144002E-02
6.7983002E+02 4.9911998E-02
6.8031000E+02 4.9763002E-02
6.8078998E+02 4.9098000E-02
6.8127002E+02 4.8827998E-02
6.8175000E+02 4.8740000E-02
6.8223999E+02 4.8106998E-02
6.8271997E+02 4.7874000E-02
6.8320001E+02 4.7752999E-02
6.8367999E+02 4.7233000E-02
6.8415997E+02 4.7107000E-02
6.8465002E+02 4.6953000E-02
6.8513000E+02 4.6372000E-02
6.8560999E+02 4.6163000E-02
6.8609003E+02 4.6085000E-02
6.8658002E+02 4.5649000E-02
6.8706000E+02 4.5545001E-02
6.8753998E+02 4.5407001E-02
6.8802002E+02 4.4826999E-02
6.8850000E+02 4.4626001E-02
6.8898999E+02 4.4537000E-02
6.8946997E+02 4.4108000E-02
6.8995001E+02 4.3772999E-02
6.9042999E+02 4.3627001E-02
6.9090997E+02 4.3308999E-02
6.9140002E+02 4.2993002E-02
6.9188000E+02 4.2987000E-02
6.9235999E+02 4.2658001E-02
6.9284003E+02 4.2293999E-02
6.9333002E+02 4.2383999E-02
6.9381000E+02 4.2027999E-02
6.9428998E+02 4.1614000E-02
6.9477002E+02 4.1698001E-02
6.9525000E+02 4.1359000E-02
6.9573999E+02 4.0916000E-02
6.9621997E+02 4.0959999E-02
6.9670001E+02 4.0716998E-02
6.9717999E+02 4.0383000E-02
6.9765997E+02 4.0424000E-02
6.9815002E+02 4.0178999E-02
6.9863000E+02 3.9831001E-02
6.9910999E+02 3.9661001E-02
6.9959003E+02 3.9388999E-02
7.0008002E+02 3.9360002E-02
7.0056000E+02 3.9434999E-02
7.0103998E+02 3.9237998E-02
7.0152002E+02 3.9037999E-02
7.0200000E+02 3.8803000E-02
7.0248999E+02 3.8307000E-02
7.0296997E+02 3.8093001E-02
7.0345001E+02 3.8500000E-02
7.0392999E+02 3.8462002E-02
7.0440997E+02 3.7985001E-02
7.0490002E+02 3.8003001E-02
7.0538000E+02 3.7847001E-02
7.0585999E+02 3.7368000E-02
7.0634003E+02 3.7423000E-02
7.0683002E+02 3.7659001E-02
7.0731000E+02 3.7491001E-02
7.0778998E+02 3.7404999E-02
7.0827002E+02 3.7381999E-02
7.0875000E+02 3.7163001E-02
7.0923999E+02 3.7278999E-02
7.0971997E+02 3.7211001E-02
7.1020001E+02 3.6814999E-02
7.1067999E+02 3.6961999E-02
7.1115997E+02 3.7075002E-02
7.1165002E+02 3.6867999E-02
7.1213000E+02 3.6920000E-02
7.1260999E+02 3.6966000E-02
7.1309003E+02 3.6720999E-02
7.1358002E+02 3.6665000E-02
7.1406000E+02 3.6793999E-02
7.1453998E+02 3.6488000E-02
7.1502002E+02 3.6297001E-02
7.1550000E+02 3.6467999E-02
7.1598999E+02 3.6295999E-02
7.1646997E+02 3.6245000E-02
7.1695001E+02 3.6387000E-02
7.1742999E+02 3.6116999E-02
7.1790997E+02 3.5989001E-02
7.1840002E+02 3.6183000E-02
7.1888000E+02 3.6006998E-02
7.1935999E+02 3.5806999E-02
7.1984003E+02 3.5953999E-02
7.2033002E+02 3.5847999E-02
7.2081000E+02 3.5815999E-02
7.2128998E+02 3.6044002E-02
7.2177002E+02 3.5960998E-02
7.2225000E+02 3.6079001E-02
7.2273999E+02 3.6387000E-02
7.2321997E+02 3.6237001E-02
7.2370001E+02 3.6058001E-02
7.2417999E+02 3.6194000E-02
7.2465997E+02 3.6144000E-02
7.2515002E+02 3.6014002E-02
7.2563000E+02 3.6353000E-02
7.2610999E+02 3.6394998E-02
7.2659003E+02 3.6129002E-02
7.2708002E+02 3.6430001E-02
7.2756000E+02 3.6477000E-02
7.2803998E+02 3.6272001E-02
7.2852002E+02 3.6595002E-02
7.2900000E+02 3.6646999E-02
7.2948999E+02 3.6502998E-02
7.2996997E+02 3.6752000E-02
7.3045001E+02 3.6699001E-02
7.3092999E+02 3.6579002E-02
7.3140997E+02 3.6899000E-02
7.3190002E+02 3.6903001E-02
7.3238000E+02 3.6800001E-02
7.3285999E+02 3.7181001E-02
7.3334003E+02 3.7308998E-02
7.3383002E+02 3.7161000E-02
7.3431000E+02 3.7425000E-02
7.3478998E+02 3.7684999E-02
7.3527002E+02 3.7641000E-02
7.3575000E+02 3.7787002E-02
7.3623999E+02 3.7888002E-02
7.3671997E+02 3.7677001E-02
7.3720001E+02 3.7836999E-02
7.3767999E+02 3.8132999E-02
7.3815997E+02 3.8105000E-02
7.3865002E+02 3.8286999E-02
7.3913000E+02 3.8444001E-02
7.3960999E+02 3.8261000E-02
7.4009003E+02 3.8348000E-02
7.4058002E+02 3.8624998E-02
7.4106000E+02 3.8617000E-02
7.4153998E+02 3.8833000E-02
7.4202002E+02 3.9181001E-02
7.4250000E+02 3.9120998E-02
7.4298999E+02 3.9259002E-02
7.4346997E+02 3.9510999E-02
7.4395001E+02 3.9365001E-02
7.4442999E+02 3.9466999E-02
7.4490997E+02 3.9820999E-02
7.4540002E+02 3.9871000E-02
7.4588000E+02 4.0066000E-02
7.4635999E+02 4.0336002E-02
7.4684003E+02 4.0339999E-02
7.4733002E+02 4.0578000E-02
7.4781000E+02 4.0886998E-02
7.4828998E+02 4.0851001E-02
7.4877002E+02 4.0897001E-02
7.4925000E+02 4.1317001E-02
7.4973999E+02 4.1540999E-02
7.5021997E+02 4.1607000E-02
7.5070001E+02 4.1932002E-02
7.5117999E+02 4.2119998E-02
7.5165997E+02 4.2346001E-02
7.5215002E+02 4.2741999E-02
7.5263000E+02 4.2849001E-02
7.5310999E+02 4.2900000E-02
7.5359003E+02 4.3257002E-02
7.5408002E+02 4.3501001E-02
7.5456000E+02 4.3561999E-02
7.5503998E+02 4.3970998E-02
7.5552002E+02 4.4295002E-02
7.5600000E+02 4.4385999E-02
7.5648999E+02 4.4721000E-02
7.5696997E+02 4.4955999E-02
7.5745001E+02 4.5168001E-02
7.5792999E+02 4.5588002E-02
7.5840997E+02 4.5747001E-02
7.5890002E+02 4.5747001E-02
7.5938000E+02 4.6041001E-02
7.5985999E+02 4.6390999E-02
7.6034003E+02 4.6558000E-02
7.6083002E+02 4.6856001E-02
7.6131000E+02 4.7166999E-02
7.6178998E+02 4.7357999E-02
7.6227002E+02 4.7619000E-02
7.6275000E+02 4.7720999E-02
7.6323999E+02 4.8041999E-02
7.6371997E+02 4.8716001E-02
7.6420001E+02 4.8907001E-02
7.6467999E+02 4.8902001E-02
7.6516998E+02 4.9185999E-02
7.6565002E+02 4.9260002E-02
7.6613000E+02 4.9339999E-02
7.6660999E+02 5.0251000E-02
7.6709003E+02 5.0902002E-02
7.6758002E+02 5.0563000E-02
7.6806000E+02 5.0813999E-02
7.6853998E+02 5.1302001E-02
7.6902002E+02 5.1208999E-02
7.6950000E+02 5.1679000E-02
7.6998999E+02 5.2632999E-02
7.7046997E+02 5.3126000E-02
7.7095001E+02 5.3162999E-02
7.7142999E+02 5.3126000E-02
7.7191998E+02 5.3371999E-02
7.7240002E+02 5.4134998E-02
7.7288000E+02 5.4646999E-02
7.7335999E+02 5.4552998E-02
7.7384003E+02 5.5027999E-02
7.7433002E+02 5.5870000E-02
7.7481000E+02 5.6177001E-02
7.7528998E+02 5.6372002E-02
7.7577002E+02 5.6586001E-02
7.7625000E+02 5.6795001E-02
7.7673999E+02 5.7390999E-02
7.7721997E+02 5.8008999E-02
7.7770001E+02 5.8116000E-02
7.7817999E+02 5.8552999E-02
7.7866998E+02 5.9404999E-02
7.7915002E+02 5.9739999E-02
7.7963000E+02 6.0116000E-02
7.8010999E+02 6.0577001E-02
7.8059003E+02 6.0609002E-02
7.8108002E+02 6.0952999E-02
7.8156000E+02 6.1549000E-02
7.8203998E+02 6.1859999E-02
7.8252002E+02 6.2311999E-02
7.8300000E+02 6.3014001E-02
7.8348999E+02 6.3571997E-02
7.8396997E+02 6.4144000E-02
7.8445001E+02 6.4753003E-02
7.8492999E+02 6.5059997E-02
7.8541998E+02 6.5442003E-02
7.8590002E+02 6.5926000E-02
7.8638000E+02 6.6251002E-02
7.8685999E+02 6.6725999E-02
7.8734003E+02 6.7185998E-02
7.8783002E+02 6.7656003E-02
7.8831000E+02 6.8348996E-02
7.8878998E+02 6.9092996E-02
7.8927002E+02 6.9752999E-02
7.8975000E+02 7.0214003E-02
7.9023999E+02 7.0684001E-02
7.9071997E+02 7.1377002E-02
7.9120001E+02 7.1929999E-02
7.9167999E+02 7.2339997E-02
7.9216998E+02 7.3046997E-02
7.9265002E+02 7.3549002E-02
7.9313000E+02 7.4042000E-02
7.9360999E+02 7.4943997E-02
7.9409003E+02 7.5352997E-02
7.9458002E+02 7.5966999E-02
7.9506000E+02 7.6944001E-02
7.9553998E+02 7.7469997E-02
7.9602002E+02 7.8386001E-02
7.9650000E+02 7.9190999E-02
7.9698999E+02 7.9646997E-02
7.9746997E+02 8.0464996E-02
7.9795001E+02 8.1055999E-02
7.9842999E+02 8.1506997E-02
7.9891998E+02 8.2241997E-02
7.9940002E+02 8.3144002E-02
7.9988000E+02 8.3870001E-02
8.0035999E+02 8.4600002E-02
8.0084003E+02 8.5740000E-02
8.0133002E+02 8.6580999E-02
8.0181000E+02 8.7405004E-02
8.0228998E+02 8.8614002E-02
8.0277002E+02 8.9474000E-02
8.0325000E+02 9.0549000E-02
8.0373999E+02 9.1771998E-02
8.0421997E+02 9.2501998E-02
8.0470001E+02 9.3502000E-02
8.0517999E+02 9.4540000E-02
8.0566998E+02 9.5339999E-02
8.0615002E+02 9.6222997E-02
8.0663000E+02 9.7278997E-02
8.0710999E+02 9.8456003E-02
8.0759003E+02 9.9469997E-02
8.0808002E+02 1.0082000E-01
8.0856000E+02 1.0210000E-01
8.0903998E+02 1.0324000E-01
8.0952002E+02 1.0478000E-01
8.1000000E+02 1.0613000E-01
8.1048999E+02 1.0750000E-01
8.1096997E+02 1.0910000E-01
8.1145001E+02 1.1078000E-01
8.1192999E+02 1.1242000E-01
8.1241998E+02 1.1416000E-01
8.1290002E+02 1.1595000E-01
8.1338000E+02 1.1768000E-01
8.1385999E+02 1.1987000E-01
8.1434003E+02 1.2187000E-01
8.1483002E+02 1.2383000E-01
8.1531000E+02 1.2621000E-01
8.1578998E+02 1.2848000E-01
8.1627002E+02 1.3089000E-01
8.1675000E+02 1.3368000E-01
8.1723999E+02 1.3650000E-01
8.1771997E+02 1.3917001E-01
8.1820001E+02 1.4219999E-01
8.1867999E+02 1.4551000E-01
8.1916998E+02 1.4890000E-01
8.1965002E+02 1.5245999E-01
8.2013000E+02 1.5611000E-01
8.2060999E+02 1.6005000E-01
8.2109003E+02 1.6422001E-01
8.2158002E+02 1.6852000E-01
8.2206000E+02 1.7321000E-01
8.2253998E+02 1.7827000E-01
8.2302002E+02 1.8355000E-01
8.2350000E+02 1.8922000E-01
8.2398999E+02 1.9523001E-01
8.2446997E+02 1.9599999E-01
8.2495001E+02 2.0224001E-01
8.2542999E+02 2.0908000E-01
8.2591998E+02 2.1659000E-01
8.2640002E+02 2.2447000E-01
8.2688000E+02 2.3312999E-01
8.2735999E+02 2.4253000E-01
8.2784003E+02 2.5257000E-01
8.2833002E+02 2.6339000E-01
8.2881000E+02 2.7485001E-01
8.2928998E+02 2.8650001E-01
8.2977002E+02 2.9846001E-01
8.3025000E+02 3.1106001E-01
8.3073999E+02 3.2330999E-01
8.3121997E+02 3.3508000E-01
8.3170001E+02 3.4650999E-01
8.3217999E+02 3.5655999E-01
8.3266998E+02 3.6488000E-01
8.3315002E+02 3.7151000E-01
8.3363000E+02 3.7593001E-01
8.3410999E+02 3.7770000E-01
8.3459003E+02 3.7709001E-01
8.3508002E+02 3.7400001E-01
8.3556000E+02 3.6860999E-01
8.3603998E+02 3.6164999E-01
8.3652002E+02 3.5325000E-01
8.3700000E+02 3.4401000E-01
8.3748999E+02 3.3465999E-01
8.3796997E+02 3.2523000E-01
8.3845001E+02 3.1652999E-01
8.3892999E+02 3.0912000E-01
8.3941998E+02 3.0201000E-01
8.3990002E+02 2.9561999E-01
8.4038000E+02 2.9080001E-01
8.4085999E+02 2.8687999E-01
8.4134003E+02 2.8393999E-01
8.4183002E+02 2.8222001E-01
8.4231000E+02 2.8149000E-01
8.4278998E+02 2.8162000E-01
8.4327002E+02 2.8264001E-01
8.4375000E+02 2.8417000E-01
8.4423999E+02 2.8591999E-01
8.4471997E+02 2.8858000E-01
8.4520001E+02 2.9186001E-01
8.4567999E+02 2.9532999E-01
8.4616998E+02 2.9953000E-01
8.4665002E+02 3.0396000E-01
8.4713000E+02 3.0847001E-01
8.4760999E+02 3.1356999E-01
8.4809003E+02 3.1863999E-01
8.4858002E+02 3.2370999E-01
8.4906000E+02 3.2931000E-01
8.4953998E+02 3.3484000E-01
8.5002002E+02 3.4057999E-01
8.5050000E+02 3.4703001E-01
8.5098999E+02 3.5359001E-01
8.5146997E+02 3.6002001E-01
8.5195001E+02 3.6669999E-01
8.5242999E+02 3.7368000E-01
8.5291998E+02 3.8073999E-01
8.5340002E+02 3.8824999E-01
8.5388000E+02 3.9603001E-01
8.5435999E+02 4.0368000E-01
8.5484003E+02 4.1176000E-01
8.5533002E+02 4.2045000E-01
8.5581000E+02 4.2950001E-01
8.5628998E+02 4.3884999E-01
8.5677002E+02 4.4843999E-01
8.5725000E+02 4.5798001E-01
8.5773999E+02 4.6819001E-01
8.5821997E+02 4.7898000E-01
8.5870001E+02 4.8929000E-01
8.5917999E+02 5.0044000E-01
8.5966998E+02 5.1221001E-01
8.6015002E+02 5.2357000E-01
8.6063000E+02 5.3551000E-01
8.6110999E+02 5.4762000E-01
8.6159003E+02 5.5962998E-01
8.6208002E+02 5.7214999E-01
8.6256000E+02 5.8508003E-01
8.6303998E+02 5.9783000E-01
8.6352002E+02 6.1063999E-01
8.6400000E+02 6.2410998E-01
8.6448999E+02 6.3714999E-01
8.6496997E+02 6.4998001E-01
8.6545001E+02 6.6329998E-01
8.6592999E+02 6.7620999E-01
8.6641998E+02 6.8911999E-01
8.6690002E+02 7.0238000E-01
8.6738000E+02 7.1516001E-01
8.6785999E+02 7.2757000E-01
8.6834003E+02 7.4014002E-01
8.6883002E+02 7.5195003E-01
8.6931000E+02 7.6363999E-01
8.6978998E+02 7.7626002E-01
8.7027002E+02 7.8808999E-01
8.7075000E+02 7.9933000E-01
8.7123999E+02 8.1051999E-01
8.7171997E+02 8.2112998E-01
8.7220001E+02 8.3133000E-01
8.7267999E+02 8.4091997E-01
8.7316998E+02 8.5113001E-01
8.7365002E+02 8.6129999E-01
8.7413000E+02 8.7018001E-01
8.7460999E+02 8.7908000E-01
8.7509003E+02 8.8701999E-01
8.7558002E+02 8.9350998E-01
8.7606000E+02 9.0042001E-01
8.7653998E+02 9.0701997E-01
8.7702002E+02 9.1237003E-01
8.7750000E+02 9.1790003E-01
8.7798999E+02 9.2276001E-01
8.7846997E+02 9.2682999E-01
8.7895001E+02 9.3159997E-01
8.7942999E+02 9.3458998E-01
8.7991998E+02 9.3729001E-01
8.8040002E+02 9.4134003E-01
8.8088000E+02 9.4335002E-01
8.8135999E+02 9.4501001E-01
8.8184003E+02 9.4713002E-01
8.8233002E+02 9.4799000E-01
8.8281000E+02 9.4894999E-01
8.8328998E+02 9.4985998E-01
8.8377002E+02 9.4988000E-01
8.8425000E+02 9.4876999E-01
8.8473999E+02 9.4753999E-01
8.8521997E+02 9.4774997E-01
8.8570001E+02 9.4805998E-01
8.8617999E+02 9.4761002E-01
8.8666998E+02 9.4647998E-01
8.8715002E+02 9.4489002E-01
8.8763000E+02 9.4367999E-01
8.8810999E+02 9.4168001E-01
8.8859003E+02 9.3918997E-01
8.8908002E+02 9.3785000E-01
8.8956000E+02 9.3610001E-01
8.9003998E+02 9.3355000E-01
8.9052002E+02 9.3185002E-01
8.9101001E+02 9.3023002E-01
8.9148999E+02 9.2778999E-01
8.9196997E+02 9.2567003E-01
8.9245001E+02 9.2341000E-01
8.9292999E+02 9.2072999E-01
8.9341998E+02 9.1834998E-01
8.9390002E+02 9.1551000E-01
8.9438000E+02 9.1311002E-01
8.9485999E+02 9.1096002E-01
8.9534003E+02 9.0775001E-01
8.9583002E+02 9.0513003E-01
8.9631000E+02 9.0294999E-01
8.9678998E+02 9.0000999E-01
8.9727002E+02 8.9715999E-01
8.9776001E+02 8.9486003E-01
8.9823999E+02 8.9254999E-01
8.9871997E+02 8.8963002E-01
8.9920001E+02 8.8704997E-01
8.9967999E+02 8.8420999E-01
9.0016998E+02 8.7959999E-01
9.0065002E+02 8.7668002E-01
9.0113000E+02 8.7541997E-01
9.0160999E+02 8.7177002E-01
9.0209003E+02 8.6826003E-01
9.0258002E+02 8.6612999E-01
9.0306000E+02 8.6341000E-01
9.0353998E+02 8.6084002E-01
9.0402002E+02 8.5797000E-01
9.0451001E+02 8.5500002E-01
9.0498999E+02 8.5281003E-01
9.0546997E+02 8.4978998E-01
9.0595001E+02 8.4634000E-01
9.0642999E+02 8.4417999E-01
9.0691998E+02 8.4178001E-01
9.0740002E+02 8.3848000E-01
9.0788000E+02 8.3608001E-01
9.0835999E+02 8.3394998E-01
9.0884003E+02 8.3112001E-01
9.0933002E+02 8.2849002E-01
9.0981000E+02 8.2604998E-01
9.1028998E+02 8.2366002E-01
9.1077002E+02 8.2142001E-01
9.1126001E+02 8.1914002E-01
9.1173999E+02 8.1620002E-01
9.1221997E+02 8.1330001E-01
9.1270001E+02 8.1168997E-01
9.1317999E+02 8.0932999E-01
9.1366998E+02 8.0655998E-01
9.1415002E+02 8.0500001E-01
9.1463000E+02 8.0256999E-01
9.1510999E+02 7.9995000E-01
9.1559003E+02 7.9737002E-01
9.1608002E+02 7.9363000E-01
9.1656000E+02 7.9139000E-01
9.1703998E+02 7.9066002E-01
9.1752002E+02 7.8876001E-01
9.1801001E+02 7.8602999E-01
9.1848999E+02 7.8329003E-01
9.1896997E+02 7.8087002E-01
9.1945001E+02 7.7888000E-01
9.1992999E+02 7.7644002E-01
9.2041998E+02 7.7392000E-01
9.2090002E+02 7.7214998E-01
9.2138000E+02 7.7016997E-01
9.2185999E+02 7.6782000E-01
9.2234003E+02 7.6576000E-01
9.2283002E+02 7.6388001E-01
9.2331000E+02 7.6242000E-01
9.2378998E+02 7.6084000E-01
9.2427002E+02 7.5897002E-01
9.2476001E+02 7.5712001E-01
9.2523999E+02 7.5493002E-01
9.2571997E+02 7.5362998E-01
9.2620001E+02 7.5253999E-01
9.2667999E+02 7.5037003E-01
9.2716998E+02 7.4870998E-01
9.2765002E+02 7.4764001E-01
9.2813000E+02 7.4660999E-01
9.2860999E+02 7.4575001E-01
9.2909003E+02 7.4405003E-01
9.2958002E+02 7.4238998E-01
9.3006000E+02 7.4179000E-01
9.3053998E+02 7.4043000E-01
9.3102002E+02 7.3864001E-01
9.3151001E+02 7.3693001E-01
9.3198999E+02 7.3461002E-01
9.3246997E+02 7.3311001E-01
9.3295001E+02 7.3093998E-01
9.3342999E+02 7.2701001E-01
9.3391998E+02 7.2316998E-01
9.3440002E+02 7.1885997E-01
9.3488000E+02 7.1385002E-01
9.3535999E+02 7.0793003E-01
9.3584003E+02 7.0125997E-01
9.3633002E+02 6.9431001E-01
9.3681000E+02 6.8526000E-01
9.3728998E+02 6.7535001E-01
9.3777002E+02 6.6601998E-01
9.3826001E+02 6.5587002E-01
9.3873999E+02 6.4585000E-01
9.3921997E+02 6.3600999E-01
9.3970001E+02 6.2599999E-01
9.4017999E+02 6.1707997E-01
9.4066998E+02 6.0860002E-01
9.4115002E+02 6.0048002E-01
9.4163000E+02 5.9331000E-01
9.4210999E+02 5.8679998E-01
9.4259003E+02 5.8148003E-01
9.4308002E+02 5.7695001E-01
9.4356000E+02 5.7248998E-01
9.4403998E+02 5.6906998E-01
9.4452002E+02 5.6693000E-01
9.4501001E+02 5.6554002E-01
9.4548999E+02 5.6465000E-01
9.4596997E+02 5.6375998E-01
9.4645001E+02 5.6405997E-01
9.4692999E+02 5.6569999E-01
9.4741998E+02 5.6726003E-01
9.4790002E+02 5.7036000E-01
9.4838000E+02 5.7467002E-01
9.4885999E+02 5.7897002E-01
9.4934003E+02 5.8478999E-01
9.4983002E+02 5.9096003E-01
9.5031000E+02 5.9758002E-01
9.5078998E+02 6.0596001E-01
9.5127002E+02 6.1430001E-01
9.5176001E+02 6.2317002E-01
9.5223999E+02 6.3340998E-01
9.5271997E+02 6.4348000E-01
9.5320001E+02 6.8005002E-01
9.5367999E+02 6.8731999E-01
9.5416998E+02 6.9507998E-01
9.5465002E+02 7.0065999E-01
9.5513000E+02 7.0437002E-01
9.5560999E+02 7.0880002E-01
9.5609003E+02 7.1338999E-01
9.5658002E+02 7.1578997E-01
9.5706000E+02 7.1649998E-01
9.5753998E+02 7.1639001E-01
9.5802002E+02 7.1508002E-01
9.5851001E+02 7.1398997E-01
9.5898999E+02 7.1552002E-01
9.5946997E+02 7.1737999E-01
9.5995001E+02 7.1403998E-01
9.6042999E+02 7.0797998E-01
9.6091998E+02 7.0459002E-01
9.6140002E+02 7.0191002E-01
9.6188000E+02 6.9787002E-01
9.6235999E+02 6.9497001E-01
9.6284003E+02 6.9268000E-01
9.6333002E+02 6.8787003E-01
9.6381000E+02 6.8224001E-01
9.6428998E+02 6.7847002E-01
9.6477002E+02 6.7672002E-01
9.6526001E+02 6.7431998E-01
9.6573999E+02 6.6913003E-01
9.6621997E+02 6.6508001E-01
9.6670001E+02 6.6404003E-01
9.6717999E+02 6.6136998E-01
9.6766998E+02 6.5661001E-01
9.6815002E+02 6.5267998E-01
9.6863000E+02 6.4984000E-01
9.6910999E+02 6.4792001E-01
9.6959003E+02 6.4578998E-01
9.7008002E+02 6.4257002E-01
9.7056000E+02 6.4016002E-01
9.7103998E+02 6.3896000E-01
9.7152002E+02 6.3726997E-01
9.7201001E+02 6.3459003E-01
9.7248999E+02 6.3239998E-01
9.7296997E+02 6.3033003E-01
9.7345001E+02 6.2809002E-01
9.7392999E+02 6.2645000E-01
9.7441998E+02 6.2485999E-01
9.7490002E+02 6.2333000E-01
9.7538000E+02 6.2234998E-01
9.7585999E+02 6.2147999E-01
9.7634003E+02 6.1973000E-01
9.7683002E+02 6.1748999E-01
9.7731000E+02 6.1584997E-01
9.7778998E+02 6.1365998E-01
9.7827002E+02 6.1207998E-01
9.7876001E+02 6.1097997E-01
9.7923999E+02 6.0830998E-01
9.7971997E+02 6.0633999E-01
9.8020001E+02 6.0633999E-01
9.8067999E+02 6.0589999E-01
9.8116998E+02 6.0459000E-01
9.8165002E+02 6.0290003E-01
9.8213000E+02 6.0087001E-01
9.8260999E+02 5.9890997E-01
9.8309003E+02 5.9742999E-01
9.8358002E+02 5.9584999E-01
9.8406000E+02 5.9399003E-01
9.8453998E+02 5.9289998E-01
9.8502002E+02 5.9179997E-01
9.8551001E+02 5.9021997E-01
9.8598999E+02 5.8890998E-01
9.8646997E+02 5.8699000E-01
9.8695001E+02 5.8464003E-01
9.8742999E+02 5.8361000E-01
9.8791998E+02 5.8235002E-01
9.8840002E+02 5.7999998E-01
9.8888000E+02 5.7819998E-01
9.8935999E+02 5.7612002E-01
9.8984003E+02 5.7410002E-01
9.9033002E+02 5.7261997E-01
9.9081000E+02 5.7049000E-01
9.9128998E+02 5.6857997E-01
9.9177002E+02 5.6645000E-01
9.9226001E+02 5.6399000E-01
9.9273999E+02 5.6268001E-01
9.9321997E+02 5.6076998E-01
9.9370001E+02 5.5786997E-01
9.9417999E+02 5.5563003E-01
9.9466998E+02 5.5321997E-01
9.9515002E+02 5.5054998E-01
9.9563000E+02 5.4842001E-01
9.9610999E+02 5.4694003E-01
9.9659003E+02 5.4505998E-01
9.9708002E+02 5.4194999E-01
9.9756000E+02 5.3937000E-01
9.9803998E+02 5.3744000E-01
9.9852002E+02 5.3474998E-01
9.9901001E+02 5.3214002E-01
9.9948999E+02 5.2993000E-01
9.9996997E+02 5.2697998E-01
1.0005000E+03 5.2345997E-01
1.0009000E+03 5.2077001E-01
1.0014000E+03 5.1862001E-01
1.0019000E+03 5.1568002E-01
1.0024000E+03 5.1235998E-01
1.0029000E+03 5.0869000E-01
1.0033000E+03 5.0470001E-01
1.0038000E+03 5.0195003E-01
1.0043000E+03 4.9963999E-01
1.0048000E+03 4.9669001E-01
1.0053000E+03 4.9366999E-01
1.0058000E+03 4.8965001E-01
1.0062000E+03 4.8576999E-01
1.0067000E+03 4.8286000E-01
1.0072000E+03 4.7957999E-01
1.0077000E+03 4.7661999E-01
1.0082000E+03 4.7363999E-01
1.0086000E+03 4.6992999E-01
1.0091000E+03 4.6564999E-01
1.0096000E+03 4.6164000E-01
1.0101000E+03 4.5831999E-01
1.0106000E+03 4.5427001E-01
1.0111000E+03 4.5043999E-01
1.0115000E+03 4.4760999E-01
1.0120000E+03 4.4367999E-01
1.0125000E+03 4.3869999E-01
1.0130000E+03 4.3500999E-01
1.0135000E+03 4.3151999E-01
1.0140000E+03 4.2690000E-01
1.0144000E+03 4.2298001E-01
1.0149000E+03 4.1920000E-01
1.0154000E+03 4.1444999E-01
1.0159000E+03 4.1044000E-01
1.0164000E+03 4.0698001E-01
1.0168000E+03 4.0189999E-01
1.0173000E+03 3.9664000E-01
1.0178000E+03 3.9284000E-01
1.0183000E+03 3.8804001E-01
1.0188000E+03 3.8286999E-01
1.0193000E+03 3.8077000E-01
1.0197000E+03 3.7808001E-01
1.0202000E+03 3.7064999E-01
1.0207000E+03 3.6408001E-01
1.0212000E+03 3.6048999E-01
1.0217000E+03 3.5565999E-01
1.0221000E+03 3.5214001E-01
1.0226000E+03 3.5106000E-01
1.0231000E+03 3.4570000E-01
1.0236000E+03 3.3643001E-01
1.0241000E+03 3.3037999E-01
1.0246000E+03 3.2785001E-01
1.0250000E+03 3.2442999E-01
1.0255000E+03 3.1966999E-01
1.0260000E+03 3.1523001E-01
1.0265000E+03 3.1057999E-01
1.0270000E+03 3.0515000E-01
1.0275000E+03 2.9936999E-01
1.0279000E+03 2.9460999E-01
1.0284000E+03 2.9150999E-01
1.0289000E+03 2.8716001E-01
1.0294000E+03 2.8119999E-01
1.0299000E+03 2.7713999E-01
1.0303000E+03 2.7412999E-01
1.0308000E+03 2.6929000E-01
1.0313000E+03 2.6350001E-01
1.0318000E+03 2.5810999E-01
1.0323000E+03 2.5395000E-01
1.0328000E+03 2.5121000E-01
1.0332000E+03 2.4739000E-01
1.0337000E+03 2.4217001E-01
1.0342000E+03 2.3793000E-01
1.0347000E+03 2.3450001E-01
1.0352000E+03 2.3072000E-01
1.0356000E+03 2.2624999E-01
1.0361000E+03 2.2107001E-01
1.0366000E+03 2.1660000E-01
1.0371000E+03 2.1374001E-01
1.0376000E+03 2.1087000E-01
1.0381000E+03 2.0732000E-01
1.0385000E+03 2.0392001E-01
1.0390000E+03 2.0052999E-01
1.0395000E+03 1.9678999E-01
1.0400000E+03 1.9288000E-01
1.0405000E+03 1.8894000E-01
1.0410000E+03 1.8527000E-01
1.0414000E+03 1.8232000E-01
1.0419000E+03 1.7978001E-01
1.0424000E+03 1.7702000E-01
1.0429000E+03 1.7437001E-01
1.0434000E+03 1.7185000E-01
1.0438000E+03 1.6926999E-01
1.0443000E+03 1.6666999E-01
1.0448000E+03 1.6368000E-01
1.0453000E+03 1.6057000E-01
1.0458000E+03 1.5779001E-01
1.0463000E+03 1.5520000E-01
1.0467000E+03 1.5301999E-01
1.0472000E+03 1.5114000E-01
1.0477000E+03 1.4901000E-01
1.0482000E+03 1.4723000E-01
1.0487000E+03 1.4560001E-01
1.0491000E+03 1.4332999E-01
1.0496000E+03 1.4139999E-01
1.0501000E+03 1.3941000E-01
1.0506000E+03 1.3691001E-01
1.0511000E+03 1.3516000E-01
1.0516000E+03 1.3338999E-01
1.0520000E+03 1.3123000E-01
1.0525000E+03 1.2994000E-01
1.0530000E+03 1.2848000E-01
1.0535000E+03 1.2684000E-01
1.0540000E+03 1.2596001E-01
1.0545000E+03 1.2425000E-01
1.0549000E+03 1.2245000E-01
1.0554000E+03 1.2160000E-01
1.0559000E+03 1.2004000E-01
1.0564000E+03 1.1854000E-01
1.0569000E+03 1.1743000E-01
1.0573000E+03 1.1566000E-01
1.0578000E+03 1.1440000E-01
1.0583000E+03 1.1330000E-01
1.0588000E+03 1.1188000E-01
1.0593000E+03 1.1100000E-01
1.0598000E+03 1.1003000E-01
1.0602000E+03 1.0920000E-01
1.0607000E+03 1.0835000E-01
1.0612000E+03 1.0713000E-01
1.0617000E+03 1.0643000E-01
1.0622000E+03 1.0537000E-01
1.0626000E+03 1.0429000E-01
1.0631000E+03 1.0353000E-01
1.0636000E+03 1.0226000E-01
1.0641000E+03 1.0166000E-01
1.0646000E+03 1.0089000E-01
1.0651000E+03 9.9638999E-02
1.0655000E+03 9.9169001E-02
1.0660000E+03 9.8573998E-02
1.0665000E+03 9.8059997E-02
1.0670000E+03 9.7704999E-02
1.0675000E+03 9.7055003E-02
1.0680000E+03 9.6551999E-02
1.0684000E+03 9.5780998E-02
1.0689000E+03 9.5251001E-02
1.0694000E+03 9.4600998E-02
1.0699000E+03 9.3492001E-02
1.0704000E+03 9.2928998E-02
1.0708000E+03 9.1760002E-02
1.0713000E+03 9.0715997E-02
1.0718000E+03 9.0464003E-02
1.0723000E+03 8.9524999E-02
1.0728000E+03 8.9010999E-02
1.0733000E+03 8.8656001E-02
1.0737000E+03 8.7825000E-02
1.0742000E+03 8.7503001E-02
1.0747000E+03 8.7268002E-02
1.0752000E+03 8.6939998E-02
1.0757000E+03 8.6579002E-02
1.0761000E+03 8.6398996E-02
1.0766000E+03 8.5988998E-02
1.0771000E+03 8.5459001E-02
1.0776000E+03 8.5230000E-02
1.0781000E+03 8.4590003E-02
1.0786000E+03 8.4092997E-02
1.0790000E+03 8.3633997E-02
1.0795000E+03 8.3240002E-02
1.0800000E+03 8.2858004E-02
1.0805000E+03 8.2432002E-02
1.0810000E+03 8.2284003E-02
1.0815000E+03 8.1529997E-02
1.0819000E+03 8.1354998E-02
1.0824000E+03 8.1404001E-02
1.0829000E+03 8.0683000E-02
1.0834000E+03 8.0596000E-02
1.0839000E+03 8.0623001E-02
1.0843000E+03 8.0158003E-02
1.0848000E+03 7.9820000E-02
1.0853000E+03 7.9525001E-02
1.0858000E+03 7.8945003E-02
1.0863000E+03 7.8726999E-02
1.0868000E+03 7.8699000E-02
1.0872000E+03 7.8514002E-02
1.0877000E+03 7.8387998E-02
1.0882000E+03 7.7933997E-02
1.0887000E+03 7.7671997E-02
1.0892000E+03 7.7578999E-02
1.0896000E+03 7.7366002E-02
1.0901000E+03 7.7234998E-02
1.0906000E+03 7.7071004E-02
1.0911000E+03 7.7131003E-02
1.0916000E+03 7.6944999E-02
1.0921000E+03 7.6443002E-02
1.0925000E+03 7.6448001E-02
1.0930000E+03 7.6366000E-02
1.0935000E+03 7.5902000E-02
1.0940000E+03 7.5819999E-02
1.0945000E+03 7.5715996E-02
1.0950000E+03 7.5590000E-02
1.0954000E+03 7.5682998E-02
1.0959000E+03 7.5310998E-02
1.0964000E+03 7.5142004E-02
1.0969000E+03 7.5415000E-02
1.0974000E+03 7.5180002E-02
1.0978000E+03 7.5033002E-02
