9.5946999E+01 1.3293000E-02
9.6429001E+01 1.2703000E-02
9.6911003E+01 1.1866000E-02
9.7392998E+01 1.2432000E-02
9.7875999E+01 1.2824000E-02
9.8358002E+01 1.3050000E-02
9.8839996E+01 1.3906000E-02
9.9321999E+01 1.3614000E-02
9.9804001E+01 1.3012000E-02
1.0029000E+02 1.3909000E-02
1.0077000E+02 1.4277000E-02
1.0125000E+02 1.3814000E-02
1.0173000E+02 1.3715000E-02
1.0221000E+02 1.3515000E-02
1.0270000E+02 1.3608000E-02
1.0318000E+02 1.4013000E-02
1.0366000E+02 1.4419000E-02
1.0414000E+02 1.4705000E-02
1.0463000E+02 1.3897000E-02
1.0511000E+02 1.3891000E-02
1.0559000E+02 1.5387000E-02
1.0607000E+02 1.5143000E-02
1.0655000E+02 1.4166000E-02
1.0704000E+02 1.4392000E-02
1.0752000E+02 1.4363000E-02
1.0800000E+02 1.4024000E-02
1.0848000E+02 1.3856000E-02
1.0896000E+02 1.3955000E-02
1.0945000E+02 1.4389000E-02
1.0993000E+02 1.4146000E-02
1.1041000E+02 1.4427000E-02
1.1089000E+02 1.5698001E-02
1.1138000E+02 1.5451000E-02
1.1186000E+02 1.4678000E-02
1.1234000E+02 1.4556000E-02
1.1282000E+02 1.4351000E-02
1.1330000E+02 1.4638000E-02
1.1379000E+02 1.4682000E-02
1.1427000E+02 1.4383000E-02
1.1475000E+02 1.4909000E-02
1.1523000E+02 1.5250000E-02
1.1571000E+02 1.5114000E-02
1.1620000E+02 1.5145000E-02
1.1668000E+02 1.4751000E-02
1.1716000E+02 1.4557000E-02
1.1764000E+02 1.5132000E-02
1.1813000E+02 1.5338000E-02
1.1861000E+02 1.5492000E-02
1.1909000E+02 1.5930999E-02
1.1957000E+02 1.5472000E-02
1.2005000E+02 1.4604000E-02
1.2054000E+02 1.4161000E-02
1.2102000E+02 1.4284000E-02
1.2150000E+02 1.5466000E-02
1.2198000E+02 1.6656000E-02
1.2246000E+02 1.6001999E-02
1.2295000E+02 1.4068000E-02
1.2343000E+02 1.2888000E-02
1.2391000E+02 1.3109000E-02
1.2439000E+02 1.3182000E-02
1.2488000E+02 1.2822000E-02
1.2536000E+02 1.2893000E-02
1.2584000E+02 1.3076000E-02
1.2632000E+02 1.4000000E-02
1.2680000E+02 1.5206000E-02
1.2729000E+02 1.4740000E-02
1.2777000E+02 1.3865000E-02
1.2825000E+02 1.3733000E-02
1.2873000E+02 1.3872000E-02
1.2922000E+02 1.3970000E-02
1.2970000E+02 1.3950000E-02
1.3017999E+02 1.4124000E-02
1.3066000E+02 1.4450000E-02
1.3114000E+02 1.4625000E-02
1.3163000E+02 1.4879000E-02
1.3211000E+02 1.5510000E-02
1.3259000E+02 1.5949000E-02
1.3307001E+02 1.5674001E-02
1.3355000E+02 1.5258000E-02
1.3403999E+02 1.5320000E-02
1.3452000E+02 1.5571000E-02
1.3500000E+02 1.5761999E-02
1.3548000E+02 1.5705001E-02
1.3597000E+02 1.5454000E-02
1.3645000E+02 1.5564000E-02
1.3692999E+02 1.5829001E-02
1.3741000E+02 1.5991000E-02
1.3789000E+02 1.5640000E-02
1.3838000E+02 1.5542000E-02
1.3886000E+02 1.6407000E-02
1.3934000E+02 1.6576000E-02
1.3982001E+02 1.6071999E-02
1.4030000E+02 1.6021000E-02
1.4078999E+02 1.6163001E-02
1.4127000E+02 1.6029000E-02
1.4175000E+02 1.5919000E-02
1.4223000E+02 1.5967000E-02
1.4272000E+02 1.5853001E-02
1.4320000E+02 1.6046001E-02
1.4367999E+02 1.6455000E-02
1.4416000E+02 1.6488999E-02
1.4464000E+02 1.6336000E-02
1.4513000E+02 1.6364999E-02
1.4561000E+02 1.6357001E-02
1.4609000E+02 1.6199000E-02
1.4657001E+02 1.6301000E-02
1.4705000E+02 1.6497999E-02
1.4753999E+02 1.6573001E-02
1.4802000E+02 1.6706999E-02
1.4850000E+02 1.7200001E-02
1.4898000E+02 1.7529000E-02
1.4947000E+02 1.7154999E-02
1.4995000E+02 1.7553000E-02
1.5042999E+02 1.8602001E-02
1.5091000E+02 1.8502001E-02
1.5139000E+02 1.7889000E-02
1.5188000E+02 1.7774001E-02
1.5236000E+02 1.7948000E-02
1.5284000E+02 1.8363999E-02
1.5332001E+02 1.8719001E-02
1.5380000E+02 1.8474000E-02
1.5428999E+02 1.8316999E-02
1.5477000E+02 1.8471001E-02
1.5525000E+02 1.8449999E-02
1.5573000E+02 1.8828999E-02
1.5622000E+02 1.9351000E-02
1.5670000E+02 1.9376000E-02
1.5717999E+02 1.9661000E-02
1.5766000E+02 2.0070000E-02
1.5814000E+02 1.9653000E-02
1.5863000E+02 1.9249000E-02
1.5911000E+02 1.9307001E-02
1.5959000E+02 1.9394999E-02
1.6007001E+02 1.9804999E-02
1.6055000E+02 2.0052001E-02
1.6103999E+02 1.9994000E-02
1.6152000E+02 2.0129999E-02
1.6200000E+02 2.0155000E-02
1.6248000E+02 2.0151000E-02
1.6297000E+02 2.0357000E-02
1.6345000E+02 2.0548999E-02
1.6392999E+02 2.0625001E-02
1.6441000E+02 2.0730000E-02
1.6489000E+02 2.0912001E-02
1.6538000E+02 2.1296000E-02
1.6586000E+02 2.1747001E-02
1.6634000E+02 2.1846000E-02
1.6682001E+02 2.1627000E-02
1.6730000E+02 2.1693001E-02
1.6778999E+02 2.2072000E-02
1.6827000E+02 2.2182001E-02
1.6875000E+02 2.2345999E-02
1.6923000E+02 2.2507001E-02
1.6972000E+02 2.2930000E-02
1.7020000E+02 2.3708999E-02
1.7067999E+02 2.3386000E-02
1.7116000E+02 2.2879001E-02
1.7164000E+02 2.3101000E-02
1.7213000E+02 2.3337999E-02
1.7261000E+02 2.3712000E-02
1.7309000E+02 2.4258001E-02
1.7357001E+02 2.4227999E-02
1.7405000E+02 2.3630001E-02
1.7453999E+02 2.3631001E-02
1.7502000E+02 2.4118001E-02
1.7550000E+02 2.4923000E-02
1.7598000E+02 2.5736000E-02
1.7647000E+02 2.5374999E-02
1.7695000E+02 2.5191000E-02
1.7742999E+02 2.5775000E-02
1.7791000E+02 2.5723999E-02
1.7839000E+02 2.5443999E-02
1.7888000E+02 2.5697000E-02
1.7936000E+02 2.6055001E-02
1.7984000E+02 2.6083000E-02
1.8032001E+02 2.6219999E-02
1.8080000E+02 2.6877001E-02
1.8128999E+02 2.7220000E-02
1.8177000E+02 2.7046001E-02
1.8225000E+02 2.7186999E-02
1.8273000E+02 2.7121000E-02
1.8322000E+02 2.6600000E-02
1.8370000E+02 2.7410001E-02
1.8417999E+02 2.9166000E-02
1.8466000E+02 2.9276000E-02
1.8514000E+02 2.8581999E-02
1.8563000E+02 2.8626001E-02
1.8611000E+02 2.8656000E-02
1.8659000E+02 2.8831000E-02
1.8707001E+02 2.9339001E-02
1.8755000E+02 2.9736999E-02
1.8803999E+02 3.0500000E-02
1.8852000E+02 3.0967999E-02
1.8900000E+02 3.0904001E-02
1.8948000E+02 3.1289000E-02
1.8997000E+02 3.1372000E-02
1.9045000E+02 3.1608000E-02
1.9092999E+02 3.2205001E-02
1.9141000E+02 3.2141998E-02
1.9189000E+02 3.2111000E-02
1.9238000E+02 3.2207001E-02
1.9286000E+02 3.2648001E-02
1.9334000E+02 3.3112999E-02
1.9382001E+02 3.3397000E-02
1.9430000E+02 3.3953998E-02
1.9478999E+02 3.3872001E-02
1.9527000E+02 3.3884000E-02
1.9575000E+02 3.4366999E-02
1.9623000E+02 3.4457002E-02
1.9672000E+02 3.4621999E-02
1.9720000E+02 3.5096999E-02
1.9767999E+02 3.5429999E-02
1.9816000E+02 3.5461001E-02
1.9864000E+02 3.5595000E-02
1.9913000E+02 3.5751998E-02
1.9961000E+02 3.5916999E-02
2.0009000E+02 3.6231998E-02
2.0057001E+02 3.6486998E-02
2.0105000E+02 3.6975000E-02
2.0153999E+02 3.7432000E-02
2.0202000E+02 3.8532000E-02
2.0250000E+02 4.0121999E-02
2.0298000E+02 3.9248999E-02
2.0347000E+02 3.7861999E-02
2.0395000E+02 3.7983000E-02
2.0442999E+02 3.8113002E-02
2.0491000E+02 3.8293000E-02
2.0539000E+02 3.8699001E-02
2.0588000E+02 3.9101001E-02
2.0636000E+02 3.9429002E-02
2.0684000E+02 3.9675999E-02
2.0732001E+02 3.9848998E-02
2.0780000E+02 4.0403001E-02
2.0828999E+02 4.1249000E-02
2.0877000E+02 4.1065000E-02
2.0925000E+02 4.0794998E-02
2.0973000E+02 4.1216001E-02
2.1022000E+02 4.1595999E-02
2.1070000E+02 4.1914001E-02
2.1117999E+02 4.2098001E-02
2.1166000E+02 4.2473000E-02
2.1214000E+02 4.3180000E-02
2.1263000E+02 4.3600000E-02
2.1311000E+02 4.3848999E-02
2.1359000E+02 4.4411998E-02
2.1407001E+02 4.5033000E-02
2.1455000E+02 4.5428999E-02
2.1503999E+02 4.5543000E-02
2.1552000E+02 4.5612000E-02
2.1600000E+02 4.6085998E-02
2.1648000E+02 4.6693999E-02
2.1697000E+02 4.6962999E-02
2.1745000E+02 4.7176000E-02
2.1792999E+02 4.7603998E-02
2.1841000E+02 4.8012000E-02
2.1889000E+02 4.8445001E-02
2.1938000E+02 4.8958998E-02
2.1986000E+02 4.9384002E-02
2.2034000E+02 4.9731001E-02
2.2082001E+02 5.0269000E-02
2.2130000E+02 5.1033001E-02
2.2178999E+02 5.1461000E-02
2.2227000E+02 5.1619999E-02
2.2275000E+02 5.2069001E-02
2.2323000E+02 5.2808002E-02
2.2372000E+02 5.3415999E-02
2.2420000E+02 5.3580001E-02
2.2467999E+02 5.3800002E-02
2.2516000E+02 5.4249000E-02
2.2564000E+02 5.4807998E-02
2.2613000E+02 5.5612002E-02
2.2661000E+02 5.6024000E-02
2.2709000E+02 5.6570999E-02
2.2757001E+02 5.7820000E-02
2.2805000E+02 5.8008000E-02
2.2853999E+02 5.7633001E-02
2.2902000E+02 5.8216002E-02
2.2950000E+02 5.8844998E-02
2.2998000E+02 5.9358999E-02
2.3047000E+02 6.0114000E-02
2.3095000E+02 6.0743000E-02
2.3142999E+02 6.1207999E-02
2.3191000E+02 6.1689999E-02
2.3239000E+02 6.2204000E-02
2.3288000E+02 6.2652998E-02
2.3336000E+02 6.3097998E-02
2.3384000E+02 6.3551001E-02
2.3432001E+02 6.4126998E-02
2.3480000E+02 6.4690001E-02
2.3528999E+02 6.5113999E-02
2.3577000E+02 6.5718003E-02
2.3625000E+02 6.6384003E-02
2.3673000E+02 6.6946998E-02
2.3722000E+02 6.7530997E-02
2.3770000E+02 6.8094000E-02
2.3817999E+02 6.8347000E-02
2.3866000E+02 6.8448998E-02
2.3914000E+02 6.8934999E-02
2.3963000E+02 6.9502003E-02
2.4011000E+02 6.9848999E-02
2.4059000E+02 7.0321999E-02
2.4107001E+02 7.0959002E-02
2.4155000E+02 7.1445003E-02
2.4203999E+02 7.1603999E-02
2.4252000E+02 7.1984001E-02
2.4300000E+02 7.2682001E-02
2.4348000E+02 7.2980002E-02
2.4397000E+02 7.3289998E-02
2.4445000E+02 7.3942997E-02
2.4492999E+02 7.4317999E-02
2.4541000E+02 7.4224003E-02
2.4589000E+02 7.4387997E-02
2.4638000E+02 7.5037003E-02
2.4686000E+02 7.5273000E-02
2.4734000E+02 7.5742997E-02
2.4782001E+02 7.6619998E-02
2.4830000E+02 7.6653004E-02
2.4878999E+02 7.6571003E-02
2.4927000E+02 7.6747000E-02
2.4975000E+02 7.6811999E-02
2.5023000E+02 7.7101998E-02
2.5072000E+02 7.7428997E-02
2.5120000E+02 7.7845000E-02
2.5167999E+02 7.8309998E-02
2.5216000E+02 7.8648999E-02
2.5264000E+02 7.9081997E-02
2.5313000E+02 7.9833001E-02
2.5361000E+02 8.1207998E-02
2.5409000E+02 8.1583999E-02
2.5457001E+02 8.0571003E-02
2.5506000E+02 8.0580004E-02
2.5553999E+02 8.1130996E-02
2.5601999E+02 8.1468999E-02
2.5650000E+02 8.2029000E-02
2.5698001E+02 8.2396001E-02
2.5747000E+02 8.2657002E-02
2.5795001E+02 8.2958996E-02
2.5842999E+02 8.3351001E-02
2.5891000E+02 8.3811998E-02
2.5939001E+02 8.4146999E-02
2.5988000E+02 8.4472999E-02
2.6035999E+02 8.4898002E-02
2.6084000E+02 8.5419998E-02
2.6132001E+02 8.5873000E-02
2.6181000E+02 8.6314000E-02
2.6229001E+02 8.6889997E-02
2.6276999E+02 8.7420002E-02
2.6325000E+02 8.7872997E-02
2.6373001E+02 8.8388003E-02
2.6422000E+02 8.8836998E-02
2.6470001E+02 8.9257002E-02
2.6517999E+02 8.9808002E-02
2.6566000E+02 9.0411998E-02
2.6614001E+02 9.1064997E-02
2.6663000E+02 9.1641001E-02
2.6710999E+02 9.2142999E-02
2.6759000E+02 9.2607997E-02
2.6807001E+02 9.2955001E-02
2.6856000E+02 9.3335003E-02
2.6904001E+02 9.3804002E-02
2.6951999E+02 9.4347000E-02
2.7000000E+02 9.4962999E-02
2.7048001E+02 9.5440999E-02
2.7097000E+02 9.5872998E-02
2.7145001E+02 9.6408002E-02
2.7192999E+02 9.6864998E-02
2.7241000E+02 9.7249001E-02
2.7289001E+02 9.7478002E-02
2.7338000E+02 9.7649001E-02
2.7385999E+02 9.7992003E-02
2.7434000E+02 9.8461002E-02
2.7482001E+02 9.8987997E-02
2.7531000E+02 9.9395998E-02
2.7579001E+02 9.9714004E-02
2.7626999E+02 9.9840999E-02
2.7675000E+02 9.9931002E-02
2.7723001E+02 1.0027000E-01
2.7772000E+02 1.0081000E-01
2.7820001E+02 1.0136000E-01
2.7867999E+02 1.0133000E-01
2.7916000E+02 1.0107000E-01
2.7964001E+02 1.0136000E-01
2.8013000E+02 1.0183000E-01
2.8060999E+02 1.0195000E-01
2.8109000E+02 1.0187000E-01
2.8157001E+02 1.0219000E-01
2.8206000E+02 1.0252000E-01
2.8254001E+02 1.0217000E-01
2.8301999E+02 1.0205000E-01
2.8350000E+02 1.0249000E-01
2.8398001E+02 1.0276000E-01
2.8447000E+02 1.0284000E-01
2.8495001E+02 1.0296000E-01
2.8542999E+02 1.0316000E-01
2.8591000E+02 1.0322000E-01
2.8639001E+02 1.0329000E-01
2.8688000E+02 1.0357000E-01
2.8735999E+02 1.0375000E-01
2.8784000E+02 1.0401000E-01
2.8832001E+02 1.0439000E-01
2.8881000E+02 1.0477000E-01
2.8929001E+02 1.0524000E-01
2.8976999E+02 1.0549000E-01
2.9025000E+02 1.0561000E-01
2.9073001E+02 1.0590000E-01
2.9122000E+02 1.0617000E-01
2.9170001E+02 1.0666000E-01
2.9217999E+02 1.0732000E-01
2.9266000E+02 1.0763000E-01
2.9314001E+02 1.0797000E-01
2.9363000E+02 1.0856000E-01
2.9410999E+02 1.0897000E-01
2.9459000E+02 1.0945000E-01
2.9507001E+02 1.1007000E-01
2.9556000E+02 1.1044000E-01
2.9604001E+02 1.1085000E-01
2.9651999E+02 1.1156000E-01
2.9700000E+02 1.1220000E-01
2.9748001E+02 1.1273000E-01
2.9797000E+02 1.1337000E-01
2.9845001E+02 1.1403000E-01
2.9892999E+02 1.1473000E-01
2.9941000E+02 1.1544000E-01
2.9989001E+02 1.1624000E-01
3.0038000E+02 1.1718000E-01
3.0085999E+02 1.1799000E-01
3.0134000E+02 1.1876000E-01
3.0182001E+02 1.1942000E-01
3.0231000E+02 1.2030000E-01
3.0279001E+02 1.2180000E-01
3.0326999E+02 1.2275000E-01
3.0375000E+02 1.2320000E-01
3.0423001E+02 1.2417000E-01
3.0472000E+02 1.2510000E-01
3.0520001E+02 1.2600000E-01
3.0567999E+02 1.2712000E-01
3.0616000E+02 1.2833001E-01
3.0664001E+02 1.2962000E-01
3.0713000E+02 1.3075000E-01
3.0760999E+02 1.3191999E-01
3.0809000E+02 1.3302000E-01
3.0857001E+02 1.3423000E-01
3.0906000E+02 1.3578001E-01
3.0954001E+02 1.3708000E-01
3.1001999E+02 1.3831000E-01
3.1050000E+02 1.3980000E-01
3.1098001E+02 1.4138000E-01
3.1147000E+02 1.4287999E-01
3.1195001E+02 1.4427000E-01
3.1242999E+02 1.4587000E-01
3.1291000E+02 1.4763001E-01
3.1339001E+02 1.4939000E-01
3.1388000E+02 1.5118000E-01
3.1435999E+02 1.5289000E-01
3.1484000E+02 1.5460999E-01
3.1532001E+02 1.5617999E-01
3.1581000E+02 1.5771000E-01
3.1629001E+02 1.5967000E-01
3.1676999E+02 1.6154000E-01
3.1725000E+02 1.6328000E-01
3.1773001E+02 1.6527000E-01
3.1822000E+02 1.6735999E-01
3.1870001E+02 1.6940001E-01
3.1917999E+02 1.7139000E-01
3.1966000E+02 1.7360000E-01
3.2014001E+02 1.7588000E-01
3.2063000E+02 1.7814000E-01
3.2110999E+02 1.8061000E-01
3.2159000E+02 1.8275000E-01
3.2207001E+02 1.8459000E-01
3.2256000E+02 1.8681000E-01
3.2304001E+02 1.8929000E-01
3.2351999E+02 1.9198000E-01
3.2400000E+02 1.9460000E-01
3.2448001E+02 1.9657999E-01
3.2497000E+02 1.9867000E-01
3.2545001E+02 2.0119999E-01
3.2592999E+02 2.0355999E-01
3.2641000E+02 2.0622000E-01
3.2689001E+02 2.0912001E-01
3.2738000E+02 2.1170001E-01
3.2785999E+02 2.1423000E-01
3.2834000E+02 2.1649000E-01
3.2882001E+02 2.1840000E-01
3.2931000E+02 2.2070999E-01
3.2979001E+02 2.2339000E-01
3.3026999E+02 2.2577000E-01
3.3075000E+02 2.2799000E-01
3.3123001E+02 2.3046000E-01
3.3172000E+02 2.3285000E-01
3.3220001E+02 2.3510000E-01
3.3267999E+02 2.3740999E-01
3.3316000E+02 2.3969001E-01
3.3364001E+02 2.4196000E-01
3.3413000E+02 2.4393000E-01
3.3460999E+02 2.4587999E-01
3.3509000E+02 2.4816000E-01
3.3557001E+02 2.5007001E-01
3.3606000E+02 2.5167000E-01
3.3654001E+02 2.5353000E-01
3.3701999E+02 2.5543001E-01
3.3750000E+02 2.5740999E-01
3.3798001E+02 2.5927001E-01
3.3847000E+02 2.6076001E-01
3.3895001E+02 2.6220000E-01
3.3942999E+02 2.6350999E-01
3.3991000E+02 2.6504999E-01
3.4039001E+02 2.6701000E-01
3.4088000E+02 2.6822001E-01
3.4135999E+02 2.6877001E-01
3.4184000E+02 2.6988000E-01
3.4232001E+02 2.7107999E-01
3.4281000E+02 2.7192000E-01
3.4329001E+02 2.7296001E-01
3.4376999E+02 2.7368999E-01
3.4425000E+02 2.7412000E-01
3.4473001E+02 2.7484000E-01
3.4522000E+02 2.7541000E-01
3.4570001E+02 2.7570999E-01
3.4617999E+02 2.7623999E-01
3.4666000E+02 2.7691001E-01
3.4714001E+02 2.7724001E-01
3.4763000E+02 2.7720001E-01
3.4810999E+02 2.7687001E-01
3.4859000E+02 2.7654001E-01
3.4907001E+02 2.7666000E-01
3.4956000E+02 2.7671999E-01
3.5004001E+02 2.7629000E-01
3.5051999E+02 2.7563000E-01
3.5100000E+02 2.7496001E-01
3.5148001E+02 2.7443001E-01
3.5197000E+02 2.7366000E-01
3.5245001E+02 2.7269000E-01
3.5292999E+02 2.7189001E-01
3.5341000E+02 2.7111000E-01
3.5389001E+02 2.7043000E-01
3.5438000E+02 2.6944000E-01
3.5485999E+02 2.6791000E-01
3.5534000E+02 2.6639000E-01
3.5582001E+02 2.6495001E-01
3.5631000E+02 2.6361999E-01
3.5679001E+02 2.6249999E-01
3.5726999E+02 2.6139000E-01
3.5775000E+02 2.6021001E-01
3.5823001E+02 2.5885001E-01
3.5872000E+02 2.5731000E-01
3.5920001E+02 2.5571999E-01
3.5967999E+02 2.5417000E-01
3.6016000E+02 2.5295001E-01
3.6064001E+02 2.5174999E-01
3.6113000E+02 2.5020999E-01
3.6160999E+02 2.4896000E-01
3.6209000E+02 2.4778999E-01
3.6257001E+02 2.4643999E-01
3.6306000E+02 2.4547000E-01
3.6354001E+02 2.4439999E-01
3.6401999E+02 2.4293999E-01
3.6450000E+02 2.4196000E-01
3.6498001E+02 2.4128000E-01
3.6547000E+02 2.4025001E-01
3.6595001E+02 2.3944999E-01
3.6642999E+02 2.3910999E-01
3.6691000E+02 2.3807999E-01
3.6739001E+02 2.3653001E-01
3.6788000E+02 2.3627999E-01
3.6835999E+02 2.3723000E-01
3.6884000E+02 2.3758000E-01
3.6932001E+02 2.3705000E-01
3.6981000E+02 2.3647000E-01
3.7029001E+02 2.3627000E-01
3.7076999E+02 2.3641001E-01
3.7125000E+02 2.3649000E-01
3.7173001E+02 2.3649000E-01
3.7222000E+02 2.3705000E-01
3.7270001E+02 2.3819999E-01
3.7317999E+02 2.3909000E-01
3.7366000E+02 2.3995000E-01
3.7414001E+02 2.4106000E-01
3.7463000E+02 2.4207000E-01
3.7510999E+02 2.4366000E-01
3.7559000E+02 2.4499001E-01
3.7607001E+02 2.4608000E-01
3.7656000E+02 2.4766999E-01
3.7704001E+02 2.4834000E-01
3.7751999E+02 2.4947999E-01
3.7800000E+02 2.5163999E-01
3.7848001E+02 2.5310999E-01
3.7897000E+02 2.5511000E-01
3.7945001E+02 2.5731000E-01
3.7992999E+02 2.5940999E-01
3.8041000E+02 2.6175001E-01
3.8089001E+02 2.6293001E-01
3.8138000E+02 2.6484001E-01
3.8185999E+02 2.6728001E-01
3.8234000E+02 2.6896000E-01
3.8282001E+02 2.7151000E-01
3.8331000E+02 2.7359000E-01
3.8379001E+02 2.7546999E-01
3.8426999E+02 2.7724001E-01
3.8475000E+02 2.7893999E-01
3.8523001E+02 2.8204000E-01
3.8572000E+02 2.8420001E-01
3.8620001E+02 2.8579000E-01
3.8667999E+02 2.8828001E-01
3.8716000E+02 2.9025000E-01
3.8764999E+02 2.9214001E-01
3.8813000E+02 2.9449999E-01
3.8860999E+02 2.9598001E-01
3.8909000E+02 2.9683000E-01
3.8957001E+02 2.9778001E-01
3.9006000E+02 2.9817000E-01
3.9054001E+02 2.9844999E-01
3.9101999E+02 2.9866001E-01
3.9150000E+02 2.9857999E-01
3.9198001E+02 2.9791999E-01
3.9247000E+02 2.9708001E-01
3.9295001E+02 2.9701999E-01
3.9342999E+02 2.9633999E-01
3.9391000E+02 2.9521999E-01
3.9439999E+02 2.9464999E-01
3.9488000E+02 2.9330999E-01
3.9535999E+02 2.9126000E-01
3.9584000E+02 2.8966999E-01
3.9632001E+02 2.8843999E-01
3.9681000E+02 2.8720999E-01
3.9729001E+02 2.8578001E-01
3.9776999E+02 2.8365999E-01
3.9825000E+02 2.8108999E-01
3.9873001E+02 2.7873999E-01
3.9922000E+02 2.7682999E-01
3.9970001E+02 2.7526999E-01
4.0017999E+02 2.7383000E-01
4.0066000E+02 2.7230999E-01
4.0114999E+02 2.7024001E-01
4.0163000E+02 2.6809001E-01
4.0210999E+02 2.6662999E-01
4.0259000E+02 2.6513001E-01
4.0307001E+02 2.6344001E-01
4.0356000E+02 2.6183000E-01
4.0404001E+02 2.5994000E-01
4.0451999E+02 2.5821000E-01
4.0500000E+02 2.5680000E-01
4.0548001E+02 2.5496000E-01
4.0597000E+02 2.5288999E-01
4.0645001E+02 2.5119999E-01
4.0692999E+02 2.4968000E-01
4.0741000E+02 2.4823000E-01
4.0789999E+02 2.4676000E-01
4.0838000E+02 2.4541999E-01
4.0885999E+02 2.4435000E-01
4.0934000E+02 2.4338000E-01
4.0982001E+02 2.4218000E-01
4.1031000E+02 2.4056999E-01
4.1079001E+02 2.3924001E-01
4.1126999E+02 2.3822001E-01
4.1175000E+02 2.3728999E-01
4.1223001E+02 2.3657000E-01
4.1272000E+02 2.3543000E-01
4.1320001E+02 2.3415001E-01
4.1367999E+02 2.3344000E-01
4.1416000E+02 2.3287000E-01
4.1464999E+02 2.3188999E-01
4.1513000E+02 2.3108999E-01
4.1560999E+02 2.3059000E-01
4.1609000E+02 2.2976001E-01
4.1657001E+02 2.2894999E-01
4.1706000E+02 2.2837000E-01
4.1754001E+02 2.2763000E-01
4.1801999E+02 2.2696000E-01
4.1850000E+02 2.2668000E-01
4.1898001E+02 2.2604001E-01
4.1947000E+02 2.2487000E-01
4.1995001E+02 2.2401001E-01
4.2042999E+02 2.2313000E-01
4.2091000E+02 2.2222000E-01
4.2139999E+02 2.2174001E-01
4.2188000E+02 2.2114000E-01
4.2235999E+02 2.2028001E-01
4.2284000E+02 2.1936999E-01
4.2332001E+02 2.1852000E-01
4.2381000E+02 2.1773000E-01
4.2429001E+02 2.1683000E-01
4.2476999E+02 2.1614000E-01
4.2525000E+02 2.1550000E-01
4.2573001E+02 2.1454000E-01
4.2622000E+02 2.1375000E-01
4.2670001E+02 2.1303999E-01
4.2717999E+02 2.1186000E-01
4.2766000E+02 2.1086000E-01
4.2814999E+02 2.1036001E-01
4.2863000E+02 2.0971000E-01
4.2910999E+02 2.0896000E-01
4.2959000E+02 2.0795000E-01
4.3007001E+02 2.0691000E-01
4.3056000E+02 2.0634000E-01
4.3104001E+02 2.0558999E-01
4.3151999E+02 2.0487000E-01
4.3200000E+02 2.0431000E-01
4.3248001E+02 2.0351000E-01
4.3297000E+02 2.0264000E-01
4.3345001E+02 2.0183000E-01
4.3392999E+02 2.0112000E-01
4.3441000E+02 2.0033000E-01
4.3489999E+02 1.9937000E-01
4.3538000E+02 1.9839001E-01
4.3585999E+02 1.9747999E-01
4.3634000E+02 1.9654000E-01
4.3682001E+02 1.9583000E-01
4.3731000E+02 1.9501001E-01
4.3779001E+02 1.9388001E-01
4.3826999E+02 1.9287001E-01
4.3875000E+02 1.9182000E-01
4.3923001E+02 1.9107001E-01
4.3972000E+02 1.9046000E-01
4.4020001E+02 1.8973000E-01
4.4067999E+02 1.8916000E-01
4.4116000E+02 1.8853000E-01
4.4164999E+02 1.8765000E-01
4.4213000E+02 1.8658000E-01
4.4260999E+02 1.8595999E-01
4.4309000E+02 1.8564001E-01
4.4357001E+02 1.8522000E-01
4.4406000E+02 1.8469000E-01
4.4454001E+02 1.8406001E-01
4.4501999E+02 1.8369000E-01
4.4550000E+02 1.8358999E-01
4.4598001E+02 1.8336999E-01
4.4647000E+02 1.8298000E-01
4.4695001E+02 1.8255000E-01
4.4742999E+02 1.8220000E-01
4.4791000E+02 1.8189999E-01
4.4839999E+02 1.8152000E-01
4.4888000E+02 1.8134999E-01
4.4935999E+02 1.8141000E-01
4.4984000E+02 1.8118000E-01
4.5032001E+02 1.8075000E-01
4.5081000E+02 1.8055999E-01
4.5129001E+02 1.8066999E-01
4.5176999E+02 1.8079001E-01
4.5225000E+02 1.8109000E-01
4.5273001E+02 1.8133000E-01
4.5322000E+02 1.8104000E-01
4.5370001E+02 1.8085000E-01
4.5417999E+02 1.8103001E-01
4.5466000E+02 1.8144000E-01
4.5514999E+02 1.8179999E-01
4.5563000E+02 1.8177000E-01
4.5610999E+02 1.8172000E-01
4.5659000E+02 1.8212000E-01
4.5707001E+02 1.8278000E-01
4.5756000E+02 1.8311000E-01
4.5804001E+02 1.8351001E-01
4.5851999E+02 1.8419001E-01
4.5900000E+02 1.8458000E-01
4.5948001E+02 1.8500000E-01
4.5997000E+02 1.8572000E-01
4.6045001E+02 1.8639000E-01
4.6092999E+02 1.8708999E-01
4.6141000E+02 1.8782000E-01
4.6189999E+02 1.8830000E-01
4.6238000E+02 1.8874000E-01
4.6285999E+02 1.8968999E-01
4.6334000E+02 1.9097000E-01
4.6382001E+02 1.9213000E-01
4.6431000E+02 1.9325000E-01
4.6479001E+02 1.9442999E-01
4.6526999E+02 1.9562000E-01
4.6575000E+02 1.9693001E-01
4.6623001E+02 1.9846000E-01
4.6672000E+02 2.0027000E-01
4.6720001E+02 2.0213000E-01
4.6767999E+02 2.0385000E-01
4.6816000E+02 2.0578000E-01
4.6864999E+02 2.0835000E-01
4.6913000E+02 2.1132000E-01
4.6960999E+02 2.1392000E-01
4.7009000E+02 2.1662000E-01
4.7057001E+02 2.1955000E-01
4.7106000E+02 2.2248000E-01
4.7154001E+02 2.2601999E-01
4.7201999E+02 2.2989000E-01
4.7250000E+02 2.3396000E-01
4.7298001E+02 2.3796000E-01
4.7347000E+02 2.4180000E-01
4.7395001E+02 2.4589001E-01
4.7442999E+02 2.5013000E-01
4.7491000E+02 2.5437000E-01
4.7539999E+02 2.5848001E-01
4.7588000E+02 2.6291999E-01
4.7635999E+02 2.6778001E-01
4.7684000E+02 2.7237001E-01
4.7732001E+02 2.7632001E-01
4.7781000E+02 2.8071001E-01
4.7829001E+02 2.8575999E-01
4.7876999E+02 2.8951001E-01
4.7925000E+02 2.9278001E-01
4.7973001E+02 2.9741001E-01
4.8022000E+02 3.0210000E-01
4.8070001E+02 3.0551001E-01
4.8117999E+02 3.0805999E-01
4.8166000E+02 3.1097999E-01
4.8214999E+02 3.1503001E-01
4.8263000E+02 3.1862000E-01
4.8310999E+02 3.2032999E-01
4.8359000E+02 3.2203001E-01
4.8407001E+02 3.2455999E-01
4.8456000E+02 3.2686001E-01
4.8504001E+02 3.2925999E-01
4.8551999E+02 3.3175999E-01
4.8600000E+02 3.3307001E-01
4.8648001E+02 3.3317000E-01
4.8697000E+02 3.3390999E-01
4.8745001E+02 3.3572000E-01
4.8792999E+02 3.3701000E-01
4.8841000E+02 3.3730999E-01
4.8889999E+02 3.3647001E-01
4.8938000E+02 3.3502999E-01
4.8985999E+02 3.3524999E-01
4.9034000E+02 3.3647001E-01
4.9082001E+02 3.3678001E-01
4.9131000E+02 3.3618000E-01
4.9179001E+02 3.3528000E-01
4.9226999E+02 3.3429000E-01
4.9275000E+02 3.3338001E-01
4.9323001E+02 3.3315000E-01
4.9372000E+02 3.3254001E-01
4.9420001E+02 3.3234000E-01
4.9467999E+02 3.3335999E-01
4.9516000E+02 3.3270001E-01
4.9564999E+02 3.3127001E-01
4.9613000E+02 3.3169001E-01
4.9660999E+02 3.3191001E-01
4.9709000E+02 3.3105001E-01
4.9757001E+02 3.3067000E-01
4.9806000E+02 3.3022001E-01
4.9854001E+02 3.3046001E-01
4.9901999E+02 3.3160999E-01
4.9950000E+02 3.3193001E-01
4.9998001E+02 3.3216000E-01
5.0047000E+02 3.3289000E-01
5.0095001E+02 3.3366999E-01
5.0142999E+02 3.3445001E-01
5.0191000E+02 3.3491001E-01
5.0239999E+02 3.3506000E-01
5.0288000E+02 3.3570999E-01
5.0335999E+02 3.3719999E-01
5.0384000E+02 3.3882999E-01
5.0432001E+02 3.3980000E-01
5.0481000E+02 3.4017000E-01
5.0529001E+02 3.4071001E-01
5.0576999E+02 3.4143999E-01
5.0625000E+02 3.4272000E-01
5.0673001E+02 3.4511000E-01
5.0722000E+02 3.4641001E-01
5.0770001E+02 3.4531000E-01
5.0817999E+02 3.4516001E-01
5.0866000E+02 3.4702000E-01
5.0914999E+02 3.4819999E-01
5.0963000E+02 3.4941000E-01
5.1010999E+02 3.5131001E-01
5.1059000E+02 3.5084000E-01
5.1107001E+02 3.4992000E-01
5.1156000E+02 3.5163999E-01
5.1203998E+02 3.5352999E-01
5.1252002E+02 3.5422999E-01
5.1300000E+02 3.5420001E-01
5.1348999E+02 3.5512999E-01
5.1396997E+02 3.5688001E-01
5.1445001E+02 3.5673001E-01
5.1492999E+02 3.5620001E-01
5.1540997E+02 3.5626999E-01
5.1590002E+02 3.5676000E-01
5.1638000E+02 3.5769999E-01
5.1685999E+02 3.5751000E-01
5.1734003E+02 3.5637000E-01
5.1782001E+02 3.5576001E-01
5.1831000E+02 3.5547000E-01
5.1878998E+02 3.5495001E-01
5.1927002E+02 3.5529000E-01
5.1975000E+02 3.5472000E-01
5.2023999E+02 3.5264999E-01
5.2071997E+02 3.5170001E-01
5.2120001E+02 3.5102001E-01
5.2167999E+02 3.5036999E-01
5.2215997E+02 3.4990001E-01
5.2265002E+02 3.4839001E-01
5.2313000E+02 3.4698001E-01
5.2360999E+02 3.4614000E-01
5.2409003E+02 3.4533000E-01
5.2457001E+02 3.4492999E-01
5.2506000E+02 3.4377000E-01
5.2553998E+02 3.4092000E-01
5.2602002E+02 3.3818001E-01
5.2650000E+02 3.3678001E-01
5.2698999E+02 3.3605000E-01
5.2746997E+02 3.3487999E-01
5.2795001E+02 3.3278000E-01
5.2842999E+02 3.3092001E-01
5.2890997E+02 3.2957000E-01
5.2940002E+02 3.2714999E-01
5.2988000E+02 3.2427001E-01
5.3035999E+02 3.2210001E-01
5.3084003E+02 3.2060000E-01
5.3132001E+02 3.1951001E-01
5.3181000E+02 3.1799999E-01
5.3228998E+02 3.1593001E-01
5.3277002E+02 3.1305999E-01
5.3325000E+02 3.1040999E-01
5.3373999E+02 3.0842999E-01
5.3421997E+02 3.0614999E-01
5.3470001E+02 3.0419999E-01
5.3517999E+02 3.0217999E-01
5.3565997E+02 2.9960001E-01
5.3615002E+02 2.9692000E-01
5.3663000E+02 2.9462001E-01
5.3710999E+02 2.9249001E-01
5.3759003E+02 2.8962001E-01
5.3807001E+02 2.8716001E-01
5.3856000E+02 2.8512999E-01
5.3903998E+02 2.8224000E-01
5.3952002E+02 2.7952999E-01
5.4000000E+02 2.7733001E-01
5.4048999E+02 2.7478001E-01
5.4096997E+02 2.7236000E-01
5.4145001E+02 2.7024001E-01
5.4192999E+02 2.6747999E-01
5.4240997E+02 2.6403001E-01
5.4290002E+02 2.6100001E-01
5.4338000E+02 2.5867000E-01
5.4385999E+02 2.5615999E-01
5.4434003E+02 2.5332999E-01
5.4482001E+02 2.5093001E-01
5.4531000E+02 2.4863000E-01
5.4578998E+02 2.4677999E-01
5.4627002E+02 2.4363001E-01
5.4675000E+02 2.4107000E-01
5.4723999E+02 2.3951000E-01
5.4771997E+02 2.3740999E-01
5.4820001E+02 2.3532000E-01
5.4867999E+02 2.3345000E-01
5.4915997E+02 2.2960000E-01
5.4965002E+02 2.2656000E-01
5.5013000E+02 2.2549000E-01
5.5060999E+02 2.2287001E-01
5.5109003E+02 2.2018000E-01
5.5157001E+02 2.1917000E-01
5.5206000E+02 2.1752000E-01
5.5253998E+02 2.1532001E-01
5.5302002E+02 2.1405999E-01
5.5350000E+02 2.1187000E-01
5.5398999E+02 2.0972000E-01
5.5446997E+02 2.0935000E-01
5.5495001E+02 2.0767000E-01
5.5542999E+02 2.0524999E-01
5.5590997E+02 2.0449001E-01
5.5640002E+02 2.0314001E-01
5.5688000E+02 2.0155001E-01
5.5735999E+02 2.0155001E-01
5.5784003E+02 2.0039999E-01
5.5832001E+02 1.9855000E-01
5.5881000E+02 1.9865000E-01
5.5928998E+02 1.9802999E-01
5.5977002E+02 1.9649000E-01
5.6025000E+02 1.9655000E-01
5.6073999E+02 1.9607000E-01
5.6121997E+02 1.9498999E-01
5.6170001E+02 1.9554000E-01
5.6217999E+02 1.9562000E-01
5.6265997E+02 1.9517000E-01
5.6315002E+02 1.9607000E-01
5.6363000E+02 1.9642000E-01
5.6410999E+02 1.9575000E-01
5.6459003E+02 1.9642000E-01
5.6507001E+02 1.9738001E-01
5.6556000E+02 1.9718000E-01
5.6603998E+02 1.9833000E-01
5.6652002E+02 1.9989000E-01
5.6700000E+02 1.9993000E-01
5.6748999E+02 2.0115000E-01
5.6796997E+02 2.0300999E-01
5.6845001E+02 2.0376000E-01
5.6892999E+02 2.0519000E-01
5.6940997E+02 2.0647000E-01
5.6990002E+02 2.0687000E-01
5.7038000E+02 2.0914000E-01
5.7085999E+02 2.1198000E-01
5.7134003E+02 2.1304999E-01
5.7182001E+02 2.1427999E-01
5.7231000E+02 2.1557000E-01
5.7278998E+02 2.1639000E-01
5.7327002E+02 2.1816000E-01
5.7375000E+02 2.1966000E-01
5.7423999E+02 2.2036999E-01
5.7471997E+02 2.2217000E-01
5.7520001E+02 2.2423001E-01
5.7567999E+02 2.2493000E-01
5.7615997E+02 2.2600000E-01
5.7665002E+02 2.2770000E-01
5.7713000E+02 2.2812000E-01
5.7760999E+02 2.2869000E-01
5.7809003E+02 2.3021001E-01
5.7857001E+02 2.3048000E-01
5.7906000E+02 2.3057000E-01
5.7953998E+02 2.3198000E-01
5.8002002E+02 2.3248000E-01
5.8050000E+02 2.3263000E-01
5.8098999E+02 2.3375000E-01
5.8146997E+02 2.3355000E-01
5.8195001E+02 2.3321000E-01
5.8242999E+02 2.3409000E-01
5.8290997E+02 2.3419000E-01
5.8340002E+02 2.3442000E-01
5.8388000E+02 2.3525000E-01
5.8435999E+02 2.3480999E-01
5.8484003E+02 2.3391999E-01
5.8532001E+02 2.3418000E-01
5.8581000E+02 2.3412000E-01
5.8628998E+02 2.3342000E-01
5.8677002E+02 2.3360001E-01
5.8725000E+02 2.3342000E-01
5.8773999E+02 2.3265000E-01
5.8821997E+02 2.3243999E-01
5.8870001E+02 2.3195000E-01
5.8917999E+02 2.3143999E-01
5.8965997E+02 2.3163000E-01
5.9015002E+02 2.3093000E-01
5.9063000E+02 2.2950000E-01
5.9110999E+02 2.2945000E-01
5.9159003E+02 2.2911000E-01
5.9207001E+02 2.2759999E-01
5.9256000E+02 2.2717001E-01
5.9303998E+02 2.2674000E-01
5.9352002E+02 2.2540000E-01
5.9400000E+02 2.2509000E-01
5.9448999E+02 2.2465000E-01
5.9496997E+02 2.2308999E-01
5.9545001E+02 2.2254001E-01
5.9592999E+02 2.2205000E-01
5.9640997E+02 2.2071999E-01
5.9690002E+02 2.1986000E-01
5.9738000E+02 2.1886000E-01
5.9785999E+02 2.1732000E-01
5.9834003E+02 2.1654999E-01
5.9882001E+02 2.1584000E-01
5.9931000E+02 2.1412000E-01
5.9978998E+02 2.1352001E-01
6.0027002E+02 2.1309000E-01
6.0075000E+02 2.1077000E-01
6.0123999E+02 2.0913000E-01
6.0171997E+02 2.0825000E-01
6.0220001E+02 2.0648000E-01
6.0267999E+02 2.0520000E-01
6.0315997E+02 2.0422000E-01
6.0365002E+02 2.0221999E-01
6.0413000E+02 2.0105000E-01
6.0460999E+02 2.0024000E-01
6.0509003E+02 1.9769000E-01
6.0557001E+02 1.9620000E-01
6.0606000E+02 1.9573000E-01
6.0653998E+02 1.9359000E-01
6.0702002E+02 1.9182999E-01
6.0750000E+02 1.9067000E-01
6.0798999E+02 1.8866000E-01
6.0846997E+02 1.8709999E-01
6.0895001E+02 1.8571000E-01
6.0942999E+02 1.8333000E-01
6.0990997E+02 1.8152000E-01
6.1040002E+02 1.8063000E-01
6.1088000E+02 1.7824000E-01
6.1135999E+02 1.7551000E-01
6.1184003E+02 1.7442000E-01
6.1232001E+02 1.7294000E-01
6.1281000E+02 1.7086001E-01
6.1328998E+02 1.6907001E-01
6.1377002E+02 1.6659001E-01
6.1425000E+02 1.6462000E-01
6.1473999E+02 1.6359000E-01
6.1521997E+02 1.6122000E-01
6.1570001E+02 1.5891001E-01
6.1617999E+02 1.5784000E-01
6.1665997E+02 1.5534000E-01
6.1715002E+02 1.5300000E-01
6.1763000E+02 1.5211000E-01
6.1810999E+02 1.4997000E-01
6.1859003E+02 1.4774001E-01
6.1907001E+02 1.4639001E-01
6.1956000E+02 1.4424001E-01
6.2003998E+02 1.4211001E-01
6.2052002E+02 1.4077000E-01
6.2100000E+02 1.3891000E-01
6.2148999E+02 1.3682000E-01
6.2196997E+02 1.3575000E-01
6.2245001E+02 1.3439000E-01
6.2292999E+02 1.3235000E-01
6.2340997E+02 1.3101999E-01
6.2390002E+02 1.2948000E-01
6.2438000E+02 1.2741999E-01
6.2485999E+02 1.2638000E-01
6.2534003E+02 1.2512000E-01
6.2582001E+02 1.2296000E-01
6.2631000E+02 1.2192000E-01
6.2678998E+02 1.2083000E-01
6.2727002E+02 1.1879000E-01
6.2775000E+02 1.1790000E-01
6.2823999E+02 1.1692000E-01
6.2871997E+02 1.1512000E-01
6.2920001E+02 1.1431000E-01
6.2967999E+02 1.1329000E-01
6.3015997E+02 1.1156000E-01
6.3065002E+02 1.1085000E-01
6.3113000E+02 1.1006000E-01
6.3160999E+02 1.0834000E-01
6.3209003E+02 1.0732000E-01
6.3258002E+02 1.0670000E-01
6.3306000E+02 1.0528000E-01
6.3353998E+02 1.0432000E-01
6.3402002E+02 1.0367000E-01
6.3450000E+02 1.0213000E-01
6.3498999E+02 1.0136000E-01
6.3546997E+02 1.0092000E-01
6.3595001E+02 9.9202998E-02
6.3642999E+02 9.8242000E-02
6.3690997E+02 9.7981997E-02
6.3740002E+02 9.6573003E-02
6.3788000E+02 9.5660999E-02
6.3835999E+02 9.5412001E-02
6.3884003E+02 9.3957998E-02
6.3933002E+02 9.3082003E-02
6.3981000E+02 9.2832997E-02
6.4028998E+02 9.1264002E-02
6.4077002E+02 9.0355001E-02
6.4125000E+02 9.0200000E-02
6.4173999E+02 8.8891000E-02
6.4221997E+02 8.8064000E-02
6.4270001E+02 8.7935999E-02
6.4317999E+02 8.6764000E-02
6.4365997E+02 8.5814998E-02
6.4415002E+02 8.5615002E-02
6.4463000E+02 8.4569998E-02
6.4510999E+02 8.3535999E-02
6.4559003E+02 8.3391003E-02
6.4608002E+02 8.2579002E-02
6.4656000E+02 8.1597000E-02
6.4703998E+02 8.1527002E-02
6.4752002E+02 8.0669999E-02
6.4800000E+02 7.9506002E-02
6.4848999E+02 7.9535998E-02
6.4896997E+02 7.8812003E-02
6.4945001E+02 7.7661000E-02
6.4992999E+02 7.7923998E-02
6.5040997E+02 7.7394001E-02
6.5090002E+02 7.6211996E-02
6.5138000E+02 7.6433003E-02
6.5185999E+02 7.5915001E-02
6.5234003E+02 7.4796997E-02
6.5283002E+02 7.4945003E-02
6.5331000E+02 7.4570000E-02
6.5378998E+02 7.3657997E-02
6.5427002E+02 7.3620997E-02
6.5475000E+02 7.3236004E-02
6.5523999E+02 7.2430000E-02
6.5571997E+02 7.2590999E-02
6.5620001E+02 7.2448000E-02
6.5667999E+02 7.1385004E-02
6.5715997E+02 7.1318001E-02
6.5765002E+02 7.1364000E-02
6.5813000E+02 7.0430003E-02
6.5860999E+02 7.0409000E-02
6.5909003E+02 7.0579000E-02
6.5958002E+02 6.9560997E-02
6.6006000E+02 6.9424003E-02
6.6053998E+02 6.9752000E-02
6.6102002E+02 6.8824001E-02
6.6150000E+02 6.8691000E-02
6.6198999E+02 6.9021001E-02
6.6246997E+02 6.8135999E-02
6.6295001E+02 6.8097003E-02
6.6342999E+02 6.8415001E-02
6.6390997E+02 6.7552000E-02
6.6440002E+02 6.7436002E-02
6.6488000E+02 6.7712002E-02
6.6535999E+02 6.6996999E-02
6.6584003E+02 6.6878997E-02
6.6633002E+02 6.7233004E-02
6.6681000E+02 6.6609003E-02
6.6728998E+02 6.6324003E-02
6.6777002E+02 6.6642001E-02
6.6825000E+02 6.6036001E-02
6.6873999E+02 6.5745004E-02
6.6921997E+02 6.6272996E-02
6.6970001E+02 6.5824002E-02
6.7017999E+02 6.5412000E-02
6.7065997E+02 6.5899998E-02
6.7115002E+02 6.5426998E-02
6.7163000E+02 6.4900003E-02
6.7210999E+02 6.5499999E-02
6.7259003E+02 6.5090999E-02
6.7308002E+02 6.4490996E-02
6.7356000E+02 6.5109000E-02
6.7403998E+02 6.4727001E-02
6.7452002E+02 6.4190999E-02
6.7500000E+02 6.4811997E-02
6.7548999E+02 6.4470001E-02
6.7596997E+02 6.3878998E-02
6.7645001E+02 6.4355001E-02
6.7692999E+02 6.4148001E-02
6.7740997E+02 6.3591003E-02
6.7790002E+02 6.4035997E-02
6.7838000E+02 6.3982002E-02
6.7885999E+02 6.3412003E-02
6.7934003E+02 6.3832998E-02
6.7983002E+02 6.3830003E-02
6.8031000E+02 6.3111998E-02
6.8078998E+02 6.3394003E-02
6.8127002E+02 6.3564003E-02
6.8175000E+02 6.2969998E-02
6.8223999E+02 6.3248001E-02
6.8271997E+02 6.3421004E-02
6.8320001E+02 6.2655002E-02
6.8367999E+02 6.2951997E-02
6.8415997E+02 6.3270003E-02
6.8465002E+02 6.2484998E-02
6.8513000E+02 6.2821001E-02
6.8560999E+02 6.3161001E-02
6.8609003E+02 6.2412001E-02
6.8658002E+02 6.2657997E-02
6.8706000E+02 6.2912002E-02
6.8753998E+02 6.2254999E-02
6.8802002E+02 6.2467001E-02
6.8850000E+02 6.2854998E-02
6.8898999E+02 6.2302999E-02
6.8946997E+02 6.2364001E-02
6.8995001E+02 6.2772997E-02
6.9042999E+02 6.2279001E-02
6.9090997E+02 6.2284999E-02
6.9140002E+02 6.2693998E-02
6.9188000E+02 6.2155001E-02
6.9235999E+02 6.2018000E-02
6.9284003E+02 6.2578999E-02
6.9333002E+02 6.2212002E-02
6.9381000E+02 6.1942000E-02
6.9428998E+02 6.2547997E-02
6.9477002E+02 6.2178999E-02
6.9525000E+02 6.1848000E-02
6.9573999E+02 6.2532999E-02
6.9621997E+02 6.2118001E-02
6.9670001E+02 6.1767001E-02
6.9717999E+02 6.2433001E-02
6.9765997E+02 6.2155001E-02
6.9815002E+02 6.1914999E-02
6.9863000E+02 6.2461000E-02
6.9910999E+02 6.2176000E-02
6.9959003E+02 6.1818000E-02
7.0008002E+02 6.2341999E-02
7.0056000E+02 6.2217999E-02
7.0103998E+02 6.1894000E-02
7.0152002E+02 6.2447999E-02
7.0200000E+02 6.2321000E-02
7.0248999E+02 6.1955001E-02
7.0296997E+02 6.2442001E-02
7.0345001E+02 6.2412001E-02
7.0392999E+02 6.2033001E-02
7.0440997E+02 6.2454998E-02
7.0490002E+02 6.2645003E-02
7.0538000E+02 6.2187999E-02
7.0585999E+02 6.2541999E-02
7.0634003E+02 6.2833004E-02
7.0683002E+02 6.2291000E-02
7.0731000E+02 6.2645003E-02
7.0778998E+02 6.2841997E-02
7.0827002E+02 6.2291000E-02
7.0875000E+02 6.2772997E-02
7.0923999E+02 6.3102998E-02
7.0971997E+02 6.2709004E-02
7.1020001E+02 6.3097000E-02
7.1067999E+02 6.3396998E-02
7.1115997E+02 6.2978998E-02
7.1165002E+02 6.3164003E-02
7.1213000E+02 6.3482001E-02
7.1260999E+02 6.3164003E-02
7.1309003E+02 6.3369997E-02
7.1358002E+02 6.3688003E-02
7.1406000E+02 6.3323997E-02
7.1453998E+02 6.3458003E-02
7.1502002E+02 6.3841999E-02
7.1550000E+02 6.3469999E-02
7.1598999E+02 6.3372999E-02
7.1646997E+02 6.3790999E-02
7.1695001E+02 6.3469999E-02
7.1742999E+02 6.3372999E-02
7.1790997E+02 6.3957997E-02
7.1840002E+02 6.3648000E-02
7.1888000E+02 6.3620999E-02
7.1935999E+02 6.4221002E-02
7.1984003E+02 6.3767001E-02
7.2033002E+02 6.3697003E-02
7.2081000E+02 6.4303003E-02
7.2128998E+02 6.4044997E-02
7.2177002E+02 6.4026996E-02
7.2225000E+02 6.4502999E-02
7.2273999E+02 6.4291000E-02
7.2321997E+02 6.4269997E-02
7.2370001E+02 6.4787999E-02
7.2417999E+02 6.4696997E-02
7.2465997E+02 6.4572997E-02
7.2515002E+02 6.5041997E-02
7.2563000E+02 6.5039001E-02
7.2610999E+02 6.4796999E-02
7.2659003E+02 6.5164000E-02
7.2708002E+02 6.5242000E-02
7.2756000E+02 6.5015003E-02
7.2803998E+02 6.5421000E-02
7.2852002E+02 6.5548003E-02
7.2900000E+02 6.5300003E-02
7.2948999E+02 6.5729998E-02
7.2996997E+02 6.5761000E-02
7.3045001E+02 6.5397002E-02
7.3092999E+02 6.5824002E-02
7.3140997E+02 6.5870002E-02
7.3190002E+02 6.5512002E-02
7.3238000E+02 6.5888003E-02
7.3285999E+02 6.6021003E-02
7.3334003E+02 6.5839000E-02
7.3383002E+02 6.6193998E-02
7.3431000E+02 6.6261001E-02
7.3478998E+02 6.6021003E-02
7.3527002E+02 6.6308998E-02
7.3575000E+02 6.6385001E-02
7.3623999E+02 6.6145003E-02
7.3671997E+02 6.6421002E-02
7.3720001E+02 6.6666998E-02
7.3767999E+02 6.6469997E-02
7.3815997E+02 6.6529997E-02
7.3865002E+02 6.6726997E-02
7.3913000E+02 6.6532999E-02
7.3960999E+02 6.6670001E-02
7.4009003E+02 6.7033000E-02
7.4058002E+02 6.6814996E-02
7.4106000E+02 6.6923998E-02
7.4153998E+02 6.7261003E-02
7.4202002E+02 6.6976003E-02
7.4250000E+02 6.7015000E-02
7.4298999E+02 6.7267001E-02
7.4346997E+02 6.7091003E-02
7.4395001E+02 6.7305997E-02
7.4442999E+02 6.7621000E-02
7.4490997E+02 6.7403004E-02
7.4540002E+02 6.7518003E-02
7.4588000E+02 6.7836002E-02
7.4635999E+02 6.7688003E-02
7.4684003E+02 6.7748003E-02
7.4733002E+02 6.8000004E-02
7.4781000E+02 6.7927003E-02
7.4828998E+02 6.7993999E-02
7.4877002E+02 6.8212003E-02
7.4925000E+02 6.8190999E-02
7.4973999E+02 6.8248004E-02
7.5021997E+02 6.8558000E-02
7.5070001E+02 6.8539001E-02
7.5117999E+02 6.8497002E-02
7.5165997E+02 6.8979003E-02
7.5215002E+02 6.8952002E-02
7.5263000E+02 6.8751998E-02
7.5310999E+02 6.9187999E-02
7.5359003E+02 6.9169998E-02
7.5408002E+02 6.9155000E-02
7.5456000E+02 6.9591001E-02
7.5503998E+02 6.9379002E-02
7.5552002E+02 6.9315001E-02
7.5600000E+02 6.9905996E-02
7.5648999E+02 6.9936000E-02
7.5696997E+02 6.9839001E-02
7.5745001E+02 7.0261002E-02
7.5792999E+02 7.0233002E-02
7.5840997E+02 7.0100002E-02
7.5890002E+02 7.0414998E-02
7.5938000E+02 7.0400000E-02
7.5985999E+02 7.0432998E-02
7.6034003E+02 7.0836000E-02
7.6083002E+02 7.0851997E-02
7.6131000E+02 7.0761003E-02
7.6178998E+02 7.1108997E-02
7.6227002E+02 7.1226999E-02
7.6275000E+02 7.0991002E-02
7.6323999E+02 7.1248002E-02
7.6371997E+02 7.1466997E-02
7.6420001E+02 7.1291000E-02
7.6467999E+02 7.1612000E-02
7.6516998E+02 7.1758002E-02
7.6565002E+02 7.1470000E-02
7.6613000E+02 7.1869999E-02
7.6660999E+02 7.2114997E-02
7.6709003E+02 7.1845002E-02
7.6758002E+02 7.2227001E-02
7.6806000E+02 7.2481997E-02
7.6853998E+02 7.2287999E-02
7.6902002E+02 7.2605997E-02
7.6950000E+02 7.2727002E-02
7.6998999E+02 7.2517999E-02
7.7046997E+02 7.2870001E-02
7.7095001E+02 7.3167004E-02
7.7142999E+02 7.2979003E-02
7.7191998E+02 7.3118001E-02
7.7240002E+02 7.3467001E-02
7.7288000E+02 7.3370002E-02
7.7335999E+02 7.3494002E-02
7.7384003E+02 7.3830001E-02
7.7433002E+02 7.3682003E-02
7.7481000E+02 7.3844999E-02
7.7528998E+02 7.4212000E-02
7.7577002E+02 7.3964000E-02
7.7625000E+02 7.4124001E-02
7.7673999E+02 7.4654996E-02
7.7721997E+02 7.4451998E-02
7.7770001E+02 7.4597001E-02
7.7817999E+02 7.5167000E-02
7.7866998E+02 7.4929997E-02
7.7915002E+02 7.4938998E-02
7.7963000E+02 7.5409003E-02
7.8010999E+02 7.5323999E-02
7.8059003E+02 7.5488001E-02
7.8108002E+02 7.6006003E-02
7.8156000E+02 7.5920999E-02
7.8203998E+02 7.5942002E-02
7.8252002E+02 7.6421000E-02
7.8300000E+02 7.6448001E-02
7.8348999E+02 7.6470003E-02
7.8396997E+02 7.6978996E-02
7.8445001E+02 7.7091001E-02
7.8492999E+02 7.6972999E-02
7.8541998E+02 7.7361003E-02
7.8590002E+02 7.7532999E-02
7.8638000E+02 7.7523999E-02
7.8685999E+02 7.8102998E-02
7.8734003E+02 7.8241996E-02
7.8783002E+02 7.8045003E-02
7.8831000E+02 7.8648001E-02
7.8878998E+02 7.8938998E-02
7.8927002E+02 7.8829996E-02
7.8975000E+02 7.9373002E-02
7.9023999E+02 7.9594001E-02
7.9071997E+02 7.9535998E-02
7.9120001E+02 8.0176003E-02
7.9167999E+02 8.0503002E-02
7.9216998E+02 8.0439001E-02
7.9265002E+02 8.1073001E-02
7.9313000E+02 8.1591003E-02
7.9360999E+02 8.1638999E-02
7.9409003E+02 8.2115002E-02
7.9458002E+02 8.2517996E-02
7.9506000E+02 8.2217999E-02
7.9553998E+02 8.2493000E-02
7.9602002E+02 8.3529003E-02
7.9650000E+02 8.2425997E-02
7.9698999E+02 8.2783997E-02
7.9746997E+02 8.3861001E-02
7.9795001E+02 8.2717001E-02
7.9842999E+02 8.3077997E-02
7.9891998E+02 8.4559001E-02
7.9940002E+02 8.3751000E-02
7.9988000E+02 8.3530001E-02
8.0035999E+02 8.4504999E-02
8.0084003E+02 8.3690003E-02
8.0133002E+02 8.3798997E-02
8.0181000E+02 8.5194997E-02
8.0228998E+02 8.4385000E-02
8.0277002E+02 8.4348999E-02
8.0325000E+02 8.5823998E-02
8.0373999E+02 8.5243002E-02
8.0421997E+02 8.4890999E-02
8.0470001E+02 8.6066999E-02
8.0517999E+02 8.5736997E-02
8.0566998E+02 8.5418001E-02
8.0615002E+02 8.6921997E-02
8.0663000E+02 8.6920001E-02
8.0710999E+02 8.6517997E-02
8.0759003E+02 8.8366002E-02
8.0808002E+02 8.8504001E-02
8.0856000E+02 8.7724999E-02
8.0903998E+02 8.9264996E-02
8.0952002E+02 8.9670002E-02
8.1000000E+02 8.9512996E-02
8.1048999E+02 9.1274999E-02
8.1096997E+02 9.1738001E-02
8.1145001E+02 9.1389000E-02
8.1192999E+02 9.3154997E-02
8.1241998E+02 9.4031997E-02
8.1290002E+02 9.3635000E-02
8.1338000E+02 9.5330000E-02
8.1385999E+02 9.6487999E-02
8.1434003E+02 9.6647002E-02
8.1483002E+02 9.8828003E-02
8.1531000E+02 1.0018000E-01
8.1578998E+02 1.0032000E-01
8.1627002E+02 1.0235000E-01
8.1675000E+02 1.0414000E-01
8.1723999E+02 1.0464000E-01
8.1771997E+02 1.0680000E-01
8.1820001E+02 1.0915000E-01
8.1867999E+02 1.0977000E-01
8.1916998E+02 1.1194000E-01
8.1965002E+02 1.1477000E-01
8.2013000E+02 1.1605000E-01
8.2060999E+02 1.1889000E-01
8.2109003E+02 1.2212000E-01
8.2158002E+02 1.2364000E-01
8.2206000E+02 1.2694000E-01
8.2253998E+02 1.3093001E-01
8.2302002E+02 1.3311000E-01
8.2350000E+02 1.3696000E-01
8.2398999E+02 1.4200000E-01
8.2446997E+02 1.4539000E-01
8.2495001E+02 1.5017000E-01
8.2542999E+02 1.5612000E-01
8.2591998E+02 1.6041000E-01
8.2640002E+02 1.6606000E-01
8.2688000E+02 1.7317000E-01
8.2735999E+02 1.7876001E-01
8.2784003E+02 1.8554001E-01
8.2833002E+02 1.9414000E-01
8.2881000E+02 2.0118999E-01
8.2928998E+02 2.0863999E-01
8.2977002E+02 2.1795000E-01
8.3025000E+02 2.2571000E-01
8.3073999E+02 2.3322999E-01
8.3121997E+02 2.4214000E-01
8.3170001E+02 2.4878000E-01
8.3217999E+02 2.5431001E-01
8.3266998E+02 2.6075000E-01
8.3315002E+02 2.6456001E-01
8.3363000E+02 2.6637000E-01
8.3410999E+02 2.6875001E-01
8.3459003E+02 2.6844001E-01
8.3508002E+02 2.6572999E-01
8.3556000E+02 2.6414999E-01
8.3603998E+02 2.6052999E-01
8.3652002E+02 2.5492001E-01
8.3700000E+02 2.5073001E-01
8.3748999E+02 2.4512000E-01
8.3796997E+02 2.3869000E-01
8.3845001E+02 2.3446000E-01
8.3892999E+02 2.2949000E-01
8.3941998E+02 2.2395000E-01
8.3990002E+02 2.2105999E-01
8.4038000E+02 2.1840000E-01
8.4085999E+02 2.1483000E-01
8.4134003E+02 2.1367000E-01
8.4183002E+02 2.1277000E-01
8.4231000E+02 2.1087000E-01
8.4278998E+02 2.1157999E-01
8.4327002E+02 2.1259999E-01
8.4375000E+02 2.1232000E-01
8.4423999E+02 2.1412000E-01
8.4471997E+02 2.1650000E-01
8.4520001E+02 2.1772000E-01
8.4567999E+02 2.2069000E-01
8.4616998E+02 2.2428000E-01
8.4665002E+02 2.2623999E-01
8.4713000E+02 2.2987001E-01
8.4760999E+02 2.3446999E-01
8.4809003E+02 2.3716000E-01
8.4858002E+02 2.4127001E-01
8.4906000E+02 2.4627000E-01
8.4953998E+02 2.4939001E-01
8.5002002E+02 2.5393000E-01
8.5050000E+02 2.5959000E-01
8.5098999E+02 2.6356000E-01
8.5146997E+02 2.6846001E-01
8.5195001E+02 2.7463001E-01
8.5242999E+02 2.7935001E-01
8.5291998E+02 2.8472999E-01
8.5340002E+02 2.9153001E-01
8.5388000E+02 2.9655001E-01
8.5435999E+02 3.0221000E-01
8.5484003E+02 3.1009001E-01
8.5533002E+02 3.1608000E-01
8.5581000E+02 3.2225001E-01
8.5628998E+02 3.3070001E-01
8.5677002E+02 3.3757001E-01
8.5725000E+02 3.4468001E-01
8.5773999E+02 3.5415000E-01
8.5821997E+02 3.6192000E-01
8.5870001E+02 3.6936000E-01
8.5917999E+02 3.7929001E-01
8.5966998E+02 3.8791999E-01
8.6015002E+02 3.9634001E-01
8.6063000E+02 4.0753001E-01
8.6110999E+02 4.1740000E-01
8.6159003E+02 4.2655000E-01
8.6208002E+02 4.3781999E-01
8.6256000E+02 4.4808999E-01
8.6303998E+02 4.5773000E-01
8.6352002E+02 4.6928999E-01
8.6400000E+02 4.8041001E-01
8.6448999E+02 4.9044999E-01
8.6496997E+02 5.0216001E-01
8.6545001E+02 5.1345998E-01
8.6592999E+02 5.2324998E-01
8.6641998E+02 5.3498000E-01
8.6690002E+02 5.4645997E-01
8.6738000E+02 5.5585003E-01
8.6785999E+02 5.6694001E-01
8.6834003E+02 5.7789999E-01
8.6883002E+02 5.8635998E-01
8.6931000E+02 5.9631002E-01
8.6978998E+02 6.0663003E-01
8.7027002E+02 6.1492997E-01
8.7075000E+02 6.2445003E-01
8.7123999E+02 6.3372999E-01
8.7171997E+02 6.4064997E-01
8.7220001E+02 6.4863998E-01
8.7267999E+02 6.5680999E-01
8.7316998E+02 6.6235000E-01
8.7365002E+02 6.6891998E-01
8.7413000E+02 6.7685002E-01
8.7460999E+02 6.8225002E-01
8.7509003E+02 6.8735999E-01
8.7558002E+02 6.9296002E-01
8.7606000E+02 6.9704998E-01
8.7653998E+02 7.0143998E-01
8.7702002E+02 7.0582002E-01
8.7750000E+02 7.0829999E-01
8.7798999E+02 7.1113002E-01
8.7846997E+02 7.1476001E-01
8.7895001E+02 7.1657997E-01
8.7942999E+02 7.1793002E-01
8.7991998E+02 7.2026002E-01
8.8040002E+02 7.2112000E-01
8.8088000E+02 7.2122002E-01
8.8135999E+02 7.2270000E-01
8.8184003E+02 7.2240001E-01
8.8233002E+02 7.2108001E-01
8.8281000E+02 7.2175002E-01
8.8328998E+02 7.2101003E-01
8.8377002E+02 7.1943003E-01
8.8426001E+02 7.1885002E-01
8.8473999E+02 7.1691000E-01
8.8521997E+02 7.1512002E-01
8.8570001E+02 7.1468002E-01
8.8617999E+02 7.1261001E-01
8.8666998E+02 7.0978999E-01
8.8715002E+02 7.0907998E-01
8.8763000E+02 7.0709997E-01
8.8810999E+02 7.0366001E-01
8.8859003E+02 7.0232999E-01
8.8908002E+02 7.0028001E-01
8.8956000E+02 6.9695997E-01
8.9003998E+02 6.9499999E-01
8.9052002E+02 6.9256997E-01
8.9101001E+02 6.8941998E-01
8.9148999E+02 6.8777001E-01
8.9196997E+02 6.8590999E-01
8.9245001E+02 6.8267000E-01
8.9292999E+02 6.8045002E-01
8.9341998E+02 6.7812997E-01
8.9390002E+02 6.7483002E-01
8.9438000E+02 6.7264998E-01
8.9485999E+02 6.7049003E-01
8.9534003E+02 6.6760999E-01
8.9583002E+02 6.6538000E-01
8.9631000E+02 6.6267997E-01
8.9678998E+02 6.5928000E-01
8.9727002E+02 6.5746999E-01
8.9776001E+02 6.5546000E-01
8.9823999E+02 6.5175998E-01
8.9871997E+02 6.4967000E-01
8.9920001E+02 6.4859998E-01
8.9967999E+02 6.4576000E-01
9.0016998E+02 6.4270002E-01
9.0065002E+02 6.4065999E-01
9.0113000E+02 6.3818997E-01
9.0160999E+02 6.3559002E-01
9.0209003E+02 6.3366002E-01
9.0258002E+02 6.3137001E-01
9.0306000E+02 6.2933999E-01
9.0353998E+02 6.2761003E-01
9.0402002E+02 6.2457001E-01
9.0451001E+02 6.2180001E-01
9.0498999E+02 6.2017000E-01
9.0546997E+02 6.1770999E-01
9.0595001E+02 6.1570001E-01
9.0642999E+02 6.1442000E-01
9.0691998E+02 6.1171001E-01
9.0740002E+02 6.0968000E-01
9.0788000E+02 6.0860002E-01
9.0835999E+02 6.0585999E-01
9.0884003E+02 6.0334998E-01
9.0933002E+02 6.0215002E-01
9.0981000E+02 6.0018998E-01
9.1028998E+02 5.9802002E-01
9.1077002E+02 5.9631997E-01
9.1126001E+02 5.9408998E-01
9.1173999E+02 5.9219998E-01
9.1221997E+02 5.9100997E-01
9.1270001E+02 5.8850998E-01
9.1317999E+02 5.8595997E-01
9.1366998E+02 5.8507001E-01
9.1415002E+02 5.8305001E-01
9.1463000E+02 5.8067000E-01
9.1510999E+02 5.8025002E-01
9.1559003E+02 5.7874000E-01
9.1608002E+02 5.7609999E-01
9.1656000E+02 5.7480001E-01
9.1703998E+02 5.7327002E-01
9.1752002E+02 5.7119000E-01
9.1801001E+02 5.6999999E-01
9.1848999E+02 5.6835002E-01
9.1896997E+02 5.6625998E-01
9.1945001E+02 5.6546003E-01
9.1992999E+02 5.6434000E-01
9.2041998E+02 5.6252998E-01
9.2090002E+02 5.6168002E-01
9.2138000E+02 5.6010002E-01
9.2185999E+02 5.5772001E-01
9.2234003E+02 5.5693001E-01
9.2283002E+02 5.5602002E-01
9.2331000E+02 5.5397999E-01
9.2378998E+02 5.5331999E-01
9.2427002E+02 5.5273002E-01
9.2476001E+02 5.5065000E-01
9.2523999E+02 5.4979998E-01
9.2571997E+02 5.4945999E-01
9.2620001E+02 5.4767001E-01
9.2667999E+02 5.4689002E-01
9.2716998E+02 5.4680997E-01
9.2765002E+02 5.4531997E-01
9.2813000E+02 5.4465997E-01
9.2860999E+02 5.4461998E-01
9.2909003E+02 5.4306000E-01
9.2958002E+02 5.4224998E-01
9.3006000E+02 5.4190999E-01
9.3053998E+02 5.4013002E-01
9.3102002E+02 5.3911000E-01
9.3151001E+02 5.3860998E-01
9.3198999E+02 5.3666002E-01
9.3246997E+02 5.3530997E-01
9.3295001E+02 5.3443998E-01
9.3342999E+02 5.3157002E-01
9.3391998E+02 5.2920997E-01
9.3440002E+02 5.2803999E-01
9.3488000E+02 5.2482998E-01
9.3535999E+02 5.2142000E-01
9.3584003E+02 5.1919001E-01
9.3633002E+02 5.1541001E-01
9.3681000E+02 5.1126999E-01
9.3728998E+02 5.0817001E-01
9.3777002E+02 5.0334001E-01
9.3826001E+02 4.9812999E-01
9.3873999E+02 4.9462000E-01
9.3921997E+02 4.8971999E-01
9.3970001E+02 4.8436999E-01
9.4017999E+02 4.8047999E-01
9.4066998E+02 4.7525999E-01
9.4115002E+02 4.6991000E-01
9.4163000E+02 4.6616000E-01
9.4210999E+02 4.6169001E-01
9.4259003E+02 4.5704001E-01
9.4308002E+02 4.5388001E-01
9.4356000E+02 4.5023000E-01
9.4403998E+02 4.4617000E-01
9.4452002E+02 4.4424000E-01
9.4501001E+02 4.4216001E-01
9.4548999E+02 4.3920001E-01
9.4596997E+02 4.3865001E-01
9.4645001E+02 4.3836999E-01
9.4692999E+02 4.3698999E-01
9.4741998E+02 4.3759000E-01
9.4790002E+02 4.3882000E-01
9.4838000E+02 4.3933001E-01
9.4885999E+02 4.4194001E-01
9.4934003E+02 4.4494000E-01
9.4983002E+02 4.4653001E-01
9.5031000E+02 4.5045999E-01
9.5078998E+02 4.5524001E-01
9.5127002E+02 4.5822001E-01
9.5176001E+02 4.6296000E-01
9.5223999E+02 4.6849000E-01
9.5271997E+02 4.7229001E-01
9.5320001E+02 4.7758001E-01
9.5367999E+02 4.8383000E-01
9.5416998E+02 4.8827001E-01
9.5465002E+02 4.9348000E-01
9.5513000E+02 4.9954000E-01
9.5560999E+02 5.0345999E-01
9.5609003E+02 5.0775999E-01
9.5658002E+02 5.1321000E-01
9.5706000E+02 5.1656997E-01
9.5753998E+02 5.1986003E-01
9.5802002E+02 5.2405000E-01
9.5851001E+02 5.2610999E-01
9.5898999E+02 5.2805001E-01
9.5946997E+02 5.3118998E-01
9.5995001E+02 5.3223002E-01
9.6042999E+02 5.3280997E-01
9.6091998E+02 5.3452998E-01
9.6140002E+02 5.3460997E-01
9.6188000E+02 5.3465998E-01
9.6235999E+02 5.3566003E-01
9.6284003E+02 5.3467000E-01
9.6333002E+02 5.3346997E-01
9.6381000E+02 5.3404999E-01
9.6428998E+02 5.3316998E-01
9.6477002E+02 5.3123999E-01
9.6526001E+02 5.3128999E-01
9.6573999E+02 5.3068000E-01
9.6621997E+02 5.2886999E-01
9.6670001E+02 5.2881998E-01
9.6717999E+02 5.2796000E-01
9.6766998E+02 5.2585000E-01
9.6815002E+02 5.2594000E-01
9.6863000E+02 5.2533001E-01
9.6910999E+02 5.2323002E-01
9.6959003E+02 5.2326000E-01
9.7008002E+02 5.2310997E-01
9.7056000E+02 5.2153999E-01
9.7103998E+02 5.2170998E-01
9.7152002E+02 5.2177000E-01
9.7201001E+02 5.1999003E-01
9.7248999E+02 5.1995999E-01
9.7296997E+02 5.2055001E-01
9.7345001E+02 5.1925999E-01
9.7392999E+02 5.1931000E-01
9.7441998E+02 5.2002001E-01
9.7490002E+02 5.1888001E-01
9.7538000E+02 5.1872998E-01
9.7585999E+02 5.1963001E-01
9.7634003E+02 5.1883000E-01
9.7683002E+02 5.1849997E-01
9.7731000E+02 5.1929998E-01
9.7778998E+02 5.1841003E-01
9.7827002E+02 5.1820999E-01
9.7876001E+02 5.1927000E-01
9.7923999E+02 5.1814002E-01
9.7971997E+02 5.1753002E-01
9.8020001E+02 5.1871997E-01
9.8067999E+02 5.1818001E-01
9.8116998E+02 5.1754999E-01
9.8165002E+02 5.1810998E-01
9.8213000E+02 5.1704001E-01
9.8260999E+02 5.1648998E-01
9.8309003E+02 5.1788998E-01
9.8358002E+02 5.1705998E-01
9.8406000E+02 5.1591998E-01
9.8453998E+02 5.1684999E-01
9.8502002E+02 5.1591003E-01
9.8551001E+02 5.1466000E-01
9.8598999E+02 5.1536000E-01
9.8646997E+02 5.1476997E-01
9.8695001E+02 5.1375002E-01
9.8742999E+02 5.1427001E-01
9.8791998E+02 5.1371998E-01
9.8840002E+02 5.1234001E-01
9.8888000E+02 5.1286000E-01
9.8935999E+02 5.1248997E-01
9.8984003E+02 5.1032001E-01
9.9033002E+02 5.1028001E-01
9.9081000E+02 5.1012999E-01
9.9128998E+02 5.0812000E-01
9.9177002E+02 5.0778002E-01
9.9226001E+02 5.0726998E-01
9.9273999E+02 5.0528002E-01
9.9321997E+02 5.0503999E-01
9.9370001E+02 5.0449002E-01
9.9417999E+02 5.0250000E-01
9.9466998E+02 5.0218999E-01
9.9515002E+02 5.0136000E-01
9.9563000E+02 4.9856001E-01
9.9610999E+02 4.9772999E-01
9.9659003E+02 4.9770999E-01
9.9708002E+02 4.9559000E-01
9.9756000E+02 4.9425000E-01
9.9803998E+02 4.9355000E-01
9.9852002E+02 4.9121001E-01
9.9901001E+02 4.9002999E-01
9.9948999E+02 4.8969999E-01
9.9996997E+02 4.8723000E-01
1.0005000E+03 4.8528001E-01
1.0009000E+03 4.8449999E-01
1.0014000E+03 4.8201001E-01
1.0019000E+03 4.8010001E-01
1.0024000E+03 4.7947001E-01
1.0029000E+03 4.7736001E-01
1.0033000E+03 4.7558001E-01
1.0038000E+03 4.7448000E-01
1.0043000E+03 4.7180000E-01
1.0048000E+03 4.6968001E-01
1.0053000E+03 4.6904001E-01
1.0058000E+03 4.6660000E-01
1.0062000E+03 4.6371999E-01
1.0067000E+03 4.6296999E-01
1.0072000E+03 4.6123999E-01
1.0077000E+03 4.5848000E-01
1.0082000E+03 4.5686999E-01
1.0086000E+03 4.5465001E-01
1.0091000E+03 4.5240000E-01
1.0096000E+03 4.5148000E-01
1.0101000E+03 4.4929001E-01
1.0106000E+03 4.4588000E-01
1.0111000E+03 4.4427001E-01
1.0115000E+03 4.4266999E-01
1.0120000E+03 4.3985999E-01
1.0125000E+03 4.3827999E-01
1.0130000E+03 4.3590000E-01
1.0135000E+03 4.3250000E-01
1.0140000E+03 4.3108001E-01
1.0144000E+03 4.2919999E-01
1.0149000E+03 4.2636999E-01
1.0154000E+03 4.2493001E-01
1.0159000E+03 4.2265999E-01
1.0164000E+03 4.1935000E-01
1.0168000E+03 4.1754001E-01
1.0173000E+03 4.1547000E-01
1.0178000E+03 4.1244000E-01
1.0183000E+03 4.1079000E-01
1.0188000E+03 4.0876001E-01
1.0193000E+03 4.0549001E-01
1.0197000E+03 4.0351999E-01
1.0202000E+03 4.0149000E-01
1.0207000E+03 3.9820999E-01
1.0212000E+03 3.9645001E-01
1.0217000E+03 3.9523000E-01
1.0221000E+03 3.9159000E-01
1.0226000E+03 3.8855001E-01
1.0231000E+03 3.8692001E-01
1.0236000E+03 3.8381001E-01
1.0241000E+03 3.8170999E-01
1.0246000E+03 3.8047999E-01
1.0250000E+03 3.7694001E-01
1.0255000E+03 3.7419000E-01
1.0260000E+03 3.7289000E-01
1.0265000E+03 3.6993000E-01
1.0270000E+03 3.6730999E-01
1.0275000E+03 3.6576000E-01
1.0279000E+03 3.6291999E-01
1.0284000E+03 3.6026999E-01
1.0289000E+03 3.5833001E-01
1.0294000E+03 3.5534999E-01
1.0299000E+03 3.5324001E-01
1.0303000E+03 3.5198000E-01
1.0308000E+03 3.4889001E-01
1.0313000E+03 3.4643000E-01
1.0318000E+03 3.4564000E-01
1.0323000E+03 3.4281999E-01
1.0328000E+03 3.3903000E-01
1.0332000E+03 3.3734000E-01
1.0337000E+03 3.3550000E-01
1.0342000E+03 3.3318999E-01
1.0347000E+03 3.3225000E-01
1.0352000E+03 3.2990000E-01
1.0356000E+03 3.2666999E-01
1.0361000E+03 3.2562000E-01
1.0366000E+03 3.2370999E-01
1.0371000E+03 3.2067001E-01
1.0376000E+03 3.1935000E-01
1.0381000E+03 3.1773001E-01
1.0385000E+03 3.1534001E-01
1.0470000E+03 2.5000000E-01
1.0770000E+03 1.2000000E-01
1.1010000E+03 8.6000003E-02
1.1380000E+03 6.7000002E-02
1.2000000E+03 5.2999999E-02
1.3000000E+03 4.5000002E-02
