1.5910001E+02 1.2692000E-01
1.6007001E+02 1.2605999E-01
1.6103000E+02 1.2664001E-01
1.6199001E+02 1.2669000E-01
1.6296001E+02 1.2669000E-01
1.6392000E+02 1.2772000E-01
1.6489000E+02 1.2905000E-01
1.6585001E+02 1.3027000E-01
1.6681000E+02 1.3048001E-01
1.6778000E+02 1.2887999E-01
1.6874001E+02 1.2793000E-01
1.6971001E+02 1.2921000E-01
1.7067000E+02 1.2864000E-01
1.7164000E+02 1.2549999E-01
1.7260001E+02 1.2636000E-01
1.7356000E+02 1.2828000E-01
1.7453000E+02 1.2775999E-01
1.7549001E+02 1.2808000E-01
1.7646001E+02 1.2897000E-01
1.7742000E+02 1.2982000E-01
1.7839000E+02 1.3034000E-01
1.7935001E+02 1.3000000E-01
1.8031000E+02 1.3158999E-01
1.8128000E+02 1.3372000E-01
1.8224001E+02 1.3269000E-01
1.8321001E+02 1.3268000E-01
1.8417000E+02 1.3341001E-01
1.8514000E+02 1.3370000E-01
1.8610001E+02 1.3501000E-01
1.8706000E+02 1.3552999E-01
1.8803000E+02 1.3527000E-01
1.8899001E+02 1.3471000E-01
1.8996001E+02 1.3446000E-01
1.9092000E+02 1.3417000E-01
1.9189000E+02 1.3305999E-01
1.9285001E+02 1.3302000E-01
1.9381000E+02 1.3463999E-01
1.9478000E+02 1.3474000E-01
1.9574001E+02 1.3322000E-01
1.9671001E+02 1.3350999E-01
1.9767000E+02 1.3462999E-01
1.9864000E+02 1.3377000E-01
1.9960001E+02 1.3313000E-01
2.0056000E+02 1.3167000E-01
2.0153000E+02 1.3256000E-01
2.0249001E+02 1.3673000E-01
2.0346001E+02 1.3282999E-01
2.0442000E+02 1.2715000E-01
2.0538000E+02 1.2687001E-01
2.0635001E+02 1.2660000E-01
2.0731000E+02 1.2721001E-01
2.0828000E+02 1.2916000E-01
2.0924001E+02 1.2890001E-01
2.1021001E+02 1.2786999E-01
2.1117000E+02 1.2897000E-01
2.1213000E+02 1.3065000E-01
2.1310001E+02 1.3134000E-01
2.1406000E+02 1.3161001E-01
2.1503000E+02 1.3112999E-01
2.1599001E+02 1.3026001E-01
2.1696001E+02 1.2961000E-01
2.1792000E+02 1.2853000E-01
2.1888000E+02 1.2781000E-01
2.1985001E+02 1.2746000E-01
2.2081000E+02 1.2802000E-01
2.2178000E+02 1.2829000E-01
2.2274001E+02 1.2831999E-01
2.2371001E+02 1.2948000E-01
2.2467000E+02 1.2983000E-01
2.2563000E+02 1.3120000E-01
2.2660001E+02 1.3395000E-01
2.2756000E+02 1.3616000E-01
2.2853000E+02 1.3619000E-01
2.2949001E+02 1.3565999E-01
2.3046001E+02 1.3776000E-01
2.3142000E+02 1.4007001E-01
2.3238000E+02 1.4172000E-01
2.3335001E+02 1.4282000E-01
2.3431000E+02 1.4382000E-01
2.3528000E+02 1.4473000E-01
2.3624001E+02 1.4508000E-01
2.3721001E+02 1.4516000E-01
2.3817000E+02 1.4501999E-01
2.3913000E+02 1.4510000E-01
2.4010001E+02 1.4477000E-01
2.4106000E+02 1.4492001E-01
2.4203000E+02 1.4574000E-01
2.4299001E+02 1.4633000E-01
2.4395000E+02 1.4608000E-01
2.4492000E+02 1.4559001E-01
2.4588000E+02 1.4520000E-01
2.4685001E+02 1.4587000E-01
2.4781000E+02 1.4858000E-01
2.4878000E+02 1.5027000E-01
2.4974001E+02 1.5050000E-01
2.5070000E+02 1.5121999E-01
2.5167000E+02 1.5152000E-01
2.5263000E+02 1.5294001E-01
2.5360001E+02 1.5655001E-01
2.5456000E+02 1.5602000E-01
2.5553000E+02 1.5290000E-01
2.5648999E+02 1.5268999E-01
2.5745001E+02 1.5297000E-01
2.5842001E+02 1.5340000E-01
2.5938000E+02 1.5418001E-01
2.6035001E+02 1.5457000E-01
2.6131000E+02 1.5516999E-01
2.6228000E+02 1.5651000E-01
2.6323999E+02 1.5831999E-01
2.6420001E+02 1.5967000E-01
2.6517001E+02 1.6137999E-01
2.6613000E+02 1.6351999E-01
2.6710001E+02 1.6479000E-01
2.6806000E+02 1.6545001E-01
2.6903000E+02 1.6655999E-01
2.6998999E+02 1.6817001E-01
2.7095001E+02 1.6996001E-01
2.7192001E+02 1.7163999E-01
2.7288000E+02 1.7341000E-01
2.7385001E+02 1.7516001E-01
2.7481000E+02 1.7716999E-01
2.7578000E+02 1.7921001E-01
2.7673999E+02 1.8082000E-01
2.7770001E+02 1.8357000E-01
2.7867001E+02 1.8440001E-01
2.7963000E+02 1.8303999E-01
2.8060001E+02 1.8334000E-01
2.8156000E+02 1.8415999E-01
2.8251999E+02 1.8387000E-01
2.8348999E+02 1.8273000E-01
2.8445001E+02 1.8254000E-01
2.8542001E+02 1.8291999E-01
2.8638000E+02 1.8288000E-01
2.8735001E+02 1.8266000E-01
2.8831000E+02 1.8336000E-01
2.8926999E+02 1.8480000E-01
2.9023999E+02 1.8456000E-01
2.9120001E+02 1.8431000E-01
2.9217001E+02 1.8516000E-01
2.9313000E+02 1.8545000E-01
2.9410001E+02 1.8559000E-01
2.9506000E+02 1.8629999E-01
2.9601999E+02 1.8724000E-01
2.9698999E+02 1.8801001E-01
2.9795001E+02 1.8897000E-01
2.9892001E+02 1.9012000E-01
2.9988000E+02 1.9157000E-01
3.0085001E+02 1.9307999E-01
3.0181000E+02 1.9561000E-01
3.0276999E+02 1.9900000E-01
3.0373999E+02 1.9952001E-01
3.0470001E+02 1.9963001E-01
3.0567001E+02 2.0133001E-01
3.0663000E+02 2.0253000E-01
3.0760001E+02 2.0462000E-01
3.0856000E+02 2.0749000E-01
3.0951999E+02 2.0997000E-01
3.1048999E+02 2.1220000E-01
3.1145001E+02 2.1473999E-01
3.1242001E+02 2.1751000E-01
3.1338000E+02 2.2021000E-01
3.1434000E+02 2.2337000E-01
3.1531000E+02 2.2624999E-01
3.1626999E+02 2.2863001E-01
3.1723999E+02 2.3149000E-01
3.1820001E+02 2.3510000E-01
3.1917001E+02 2.3892000E-01
3.2013000E+02 2.4303000E-01
3.2109000E+02 2.4727000E-01
3.2206000E+02 2.5136000E-01
3.2301999E+02 2.5690001E-01
3.2398999E+02 2.6219001E-01
3.2495001E+02 2.6567000E-01
3.2592001E+02 2.7009001E-01
3.2688000E+02 2.7649000E-01
3.2784000E+02 2.8178000E-01
3.2881000E+02 2.8421000E-01
3.2976999E+02 2.8799000E-01
3.3073999E+02 2.9315001E-01
3.3170001E+02 2.9743001E-01
3.3267001E+02 3.0186000E-01
3.3363000E+02 3.0748001E-01
3.3459000E+02 3.1415001E-01
3.3556000E+02 3.1913000E-01
3.3651999E+02 3.2284999E-01
3.3748999E+02 3.2780001E-01
3.3845001E+02 3.3309999E-01
3.3942001E+02 3.3778000E-01
3.4038000E+02 3.4215000E-01
3.4134000E+02 3.4612000E-01
3.4231000E+02 3.5049000E-01
3.4326999E+02 3.5429999E-01
3.4423999E+02 3.5694000E-01
3.4520001E+02 3.6019000E-01
3.4617001E+02 3.6346000E-01
3.4713000E+02 3.6612999E-01
3.4809000E+02 3.6875999E-01
3.4906000E+02 3.7139001E-01
3.5001999E+02 3.7283000E-01
3.5098999E+02 3.7386999E-01
3.5195001E+02 3.7502000E-01
3.5291000E+02 3.7481001E-01
3.5388000E+02 3.7476999E-01
3.5484000E+02 3.7412000E-01
3.5581000E+02 3.7237999E-01
3.5676999E+02 3.7119001E-01
3.5773999E+02 3.6945999E-01
3.5870001E+02 3.6675000E-01
3.5966000E+02 3.6431000E-01
3.6063000E+02 3.6237001E-01
3.6159000E+02 3.6013001E-01
3.6256000E+02 3.5731000E-01
3.6351999E+02 3.5462999E-01
3.6448999E+02 3.5337999E-01
3.6545001E+02 3.5213000E-01
3.6641000E+02 3.5051000E-01
3.6738000E+02 3.4942001E-01
3.6834000E+02 3.4869000E-01
3.6931000E+02 3.4891000E-01
3.7026999E+02 3.4922001E-01
3.7123999E+02 3.4966001E-01
3.7220001E+02 3.5014999E-01
3.7316000E+02 3.5093999E-01
3.7413000E+02 3.5314000E-01
3.7509000E+02 3.5483000E-01
3.7606000E+02 3.5617000E-01
3.7701999E+02 3.5881001E-01
3.7798999E+02 3.6168000E-01
3.7895001E+02 3.6458999E-01
3.7991000E+02 3.6879000E-01
3.8088000E+02 3.7494001E-01
3.8184000E+02 3.8148001E-01
3.8281000E+02 3.8747001E-01
3.8376999E+02 3.9385000E-01
3.8473999E+02 4.0006000E-01
3.8570001E+02 4.0535000E-01
3.8666000E+02 4.1014001E-01
3.8763000E+02 4.1567001E-01
3.8859000E+02 4.2142001E-01
3.8956000E+02 4.2528999E-01
3.9051999E+02 4.2776999E-01
3.9148001E+02 4.3066999E-01
3.9245001E+02 4.3221000E-01
3.9341000E+02 4.3083999E-01
3.9438000E+02 4.2859000E-01
3.9534000E+02 4.2583001E-01
3.9631000E+02 4.2238000E-01
3.9726999E+02 4.1835999E-01
3.9823001E+02 4.1396999E-01
3.9920001E+02 4.1000000E-01
4.0016000E+02 4.0555000E-01
4.0113000E+02 4.0143001E-01
4.0209000E+02 3.9767000E-01
4.0306000E+02 3.9346001E-01
4.0401999E+02 3.8929000E-01
4.0498001E+02 3.8505000E-01
4.0595001E+02 3.8111001E-01
4.0691000E+02 3.7720999E-01
4.0788000E+02 3.7314001E-01
4.0884000E+02 3.6943001E-01
4.0981000E+02 3.6581999E-01
4.1076999E+02 3.6221999E-01
4.1173001E+02 3.5885999E-01
4.1270001E+02 3.5563001E-01
4.1366000E+02 3.5295999E-01
4.1463000E+02 3.5091999E-01
4.1559000E+02 3.4898001E-01
4.1656000E+02 3.4680000E-01
4.1751999E+02 3.4502000E-01
4.1848001E+02 3.4358999E-01
4.1945001E+02 3.4169000E-01
4.2041000E+02 3.3952999E-01
4.2138000E+02 3.3726001E-01
4.2234000E+02 3.3548999E-01
4.2331000E+02 3.3480000E-01
4.2426999E+02 3.3342001E-01
4.2523001E+02 3.3092999E-01
4.2620001E+02 3.2957000E-01
4.2716000E+02 3.2835001E-01
4.2813000E+02 3.2695001E-01
4.2909000E+02 3.2591000E-01
4.3004999E+02 3.2475001E-01
4.3101999E+02 3.2411999E-01
4.3198001E+02 3.2295001E-01
4.3295001E+02 3.2178000E-01
4.3391000E+02 3.2161999E-01
4.3488000E+02 3.2054999E-01
4.3584000E+02 3.1924000E-01
4.3679999E+02 3.1968999E-01
4.3776999E+02 3.2008001E-01
4.3873001E+02 3.1927001E-01
4.3970001E+02 3.1812999E-01
4.4066000E+02 3.1764999E-01
4.4163000E+02 3.1709000E-01
4.4259000E+02 3.1562999E-01
4.4354999E+02 3.1481999E-01
4.4451999E+02 3.1406999E-01
4.4548001E+02 3.1358999E-01
4.4645001E+02 3.1363001E-01
4.4741000E+02 3.1286001E-01
4.4838000E+02 3.1189999E-01
4.4934000E+02 3.1151000E-01
4.5029999E+02 3.1171000E-01
4.5126999E+02 3.1130999E-01
4.5223001E+02 3.1042001E-01
4.5320001E+02 3.1000000E-01
4.5416000E+02 3.0983001E-01
4.5513000E+02 3.0943000E-01
4.5609000E+02 3.0914000E-01
4.5704999E+02 3.1026000E-01
4.5801999E+02 3.1066999E-01
4.5898001E+02 3.1005999E-01
4.5995001E+02 3.1083000E-01
4.6091000E+02 3.1213000E-01
4.6187000E+02 3.1327999E-01
4.6284000E+02 3.1457999E-01
4.6379999E+02 3.1625000E-01
4.6476999E+02 3.1773001E-01
4.6573001E+02 3.1906000E-01
4.6670001E+02 3.2089001E-01
4.6766000E+02 3.2278001E-01
4.6862000E+02 3.2424000E-01
4.6959000E+02 3.2622001E-01
4.7054999E+02 3.2971999E-01
4.7151999E+02 3.3355001E-01
4.7248001E+02 3.3772999E-01
4.7345001E+02 3.4272999E-01
4.7441000E+02 3.4882000E-01
4.7537000E+02 3.5637000E-01
4.7634000E+02 3.6388001E-01
4.7729999E+02 3.7053001E-01
4.7826999E+02 3.7768000E-01
4.7923001E+02 3.8552999E-01
4.8020001E+02 3.9254999E-01
4.8116000E+02 3.9943001E-01
4.8212000E+02 4.0573001E-01
4.8309000E+02 4.1141000E-01
4.8404999E+02 4.1727000E-01
4.8501999E+02 4.2242000E-01
4.8598001E+02 4.2667001E-01
4.8695001E+02 4.2866001E-01
4.8791000E+02 4.3029001E-01
4.8887000E+02 4.3210000E-01
4.8984000E+02 4.3246001E-01
4.9079999E+02 4.3267000E-01
4.9176999E+02 4.3217999E-01
4.9273001E+02 4.3072999E-01
4.9370001E+02 4.2921001E-01
4.9466000E+02 4.2771000E-01
4.9562000E+02 4.2638001E-01
4.9659000E+02 4.2532000E-01
4.9754999E+02 4.2447001E-01
4.9851999E+02 4.2394000E-01
4.9948001E+02 4.2372000E-01
5.0044000E+02 4.2403999E-01
5.0141000E+02 4.2467999E-01
5.0237000E+02 4.2504999E-01
5.0334000E+02 4.2563000E-01
5.0429999E+02 4.2636999E-01
5.0526999E+02 4.2741001E-01
5.0623001E+02 4.2925000E-01
5.0719000E+02 4.3055999E-01
5.0816000E+02 4.3208000E-01
5.0912000E+02 4.3452999E-01
5.1009000E+02 4.3647999E-01
5.1104999E+02 4.3803000E-01
5.1202002E+02 4.3908000E-01
5.1297998E+02 4.3943000E-01
5.1394000E+02 4.4021001E-01
5.1490997E+02 4.4172001E-01
5.1587000E+02 4.4218001E-01
5.1684003E+02 4.4216999E-01
5.1779999E+02 4.4190001E-01
5.1877002E+02 4.4115001E-01
5.1972998E+02 4.4084001E-01
5.2069000E+02 4.3954000E-01
5.2165997E+02 4.3746999E-01
5.2262000E+02 4.3566999E-01
5.2359003E+02 4.3353000E-01
5.2454999E+02 4.3035999E-01
5.2552002E+02 4.2761999E-01
5.2647998E+02 4.2603999E-01
5.2744000E+02 4.2412999E-01
5.2840997E+02 4.2131001E-01
5.2937000E+02 4.1779000E-01
5.3034003E+02 4.1446999E-01
5.3129999E+02 4.1141000E-01
5.3227002E+02 4.0755001E-01
5.3322998E+02 4.0346000E-01
5.3419000E+02 3.9967000E-01
5.3515997E+02 3.9607000E-01
5.3612000E+02 3.9254999E-01
5.3709003E+02 3.8747001E-01
5.3807001E+02 3.9313999E-01
5.3854999E+02 3.9142999E-01
5.3903003E+02 3.8593999E-01
5.3952002E+02 3.8413000E-01
5.4000000E+02 3.8166001E-01
5.4047998E+02 3.7799001E-01
5.4096002E+02 3.7492001E-01
5.4145001E+02 3.6943999E-01
5.4192999E+02 3.6673999E-01
5.4240997E+02 3.6335000E-01
5.4289001E+02 3.5859001E-01
5.4337000E+02 3.5589999E-01
5.4385999E+02 3.5213000E-01
5.4434003E+02 3.4729999E-01
5.4482001E+02 3.4463000E-01
5.4529999E+02 3.4209999E-01
5.4578003E+02 3.3675000E-01
5.4627002E+02 3.3377999E-01
5.4675000E+02 3.3137000E-01
5.4722998E+02 3.2677999E-01
5.4771002E+02 3.2356000E-01
5.4820001E+02 3.1972000E-01
5.4867999E+02 3.1529999E-01
5.4915997E+02 3.1250000E-01
5.4964001E+02 3.0939999E-01
5.5012000E+02 3.0554000E-01
5.5060999E+02 3.0271000E-01
5.5109003E+02 2.9936001E-01
5.5157001E+02 2.9561001E-01
5.5204999E+02 2.9392999E-01
5.5253003E+02 2.9255000E-01
5.5302002E+02 2.8891000E-01
5.5350000E+02 2.8527999E-01
5.5397998E+02 2.8306001E-01
5.5446002E+02 2.7982000E-01
5.5495001E+02 2.7680999E-01
5.5542999E+02 2.7498999E-01
5.5590997E+02 2.7226001E-01
5.5639001E+02 2.6984999E-01
5.5687000E+02 2.6808000E-01
5.5735999E+02 2.6501000E-01
5.5784003E+02 2.6313999E-01
5.5832001E+02 2.6269999E-01
5.5879999E+02 2.6018000E-01
5.5928003E+02 2.5832999E-01
5.5977002E+02 2.5733000E-01
5.6025000E+02 2.5487000E-01
5.6072998E+02 2.5396001E-01
5.6121002E+02 2.5369999E-01
5.6170001E+02 2.5165999E-01
5.6217999E+02 2.5031999E-01
5.6265997E+02 2.4986000E-01
5.6314001E+02 2.4839000E-01
5.6362000E+02 2.4730000E-01
5.6410999E+02 2.4748001E-01
5.6459003E+02 2.4692000E-01
5.6507001E+02 2.4548000E-01
5.6554999E+02 2.4537000E-01
5.6603003E+02 2.4541000E-01
5.6652002E+02 2.4513000E-01
5.6700000E+02 2.4611001E-01
5.6747998E+02 2.4653000E-01
5.6796002E+02 2.4762000E-01
5.6845001E+02 2.5029999E-01
5.6892999E+02 2.4988000E-01
5.6940997E+02 2.4887000E-01
5.6989001E+02 2.5169000E-01
5.7037000E+02 2.5387001E-01
5.7085999E+02 2.5485000E-01
5.7134003E+02 2.5777000E-01
5.7182001E+02 2.6050001E-01
5.7229999E+02 2.6289001E-01
5.7278003E+02 2.6594999E-01
5.7327002E+02 2.6787001E-01
5.7375000E+02 2.6999000E-01
5.7422998E+02 2.7342001E-01
5.7471002E+02 2.7568999E-01
5.7520001E+02 2.7746999E-01
5.7567999E+02 2.8049001E-01
5.7615997E+02 2.8305000E-01
5.7664001E+02 2.8518999E-01
5.7712000E+02 2.8889000E-01
5.7760999E+02 2.9152000E-01
5.7809003E+02 2.9234999E-01
5.7857001E+02 2.9570001E-01
5.7904999E+02 2.9892999E-01
5.7953003E+02 2.9965001E-01
5.8002002E+02 3.0212000E-01
5.8050000E+02 3.0436000E-01
5.8097998E+02 3.0441001E-01
5.8146002E+02 3.0630001E-01
5.8195001E+02 3.0853999E-01
5.8242999E+02 3.0915001E-01
5.8290997E+02 3.1114000E-01
5.8339001E+02 3.1217000E-01
5.8387000E+02 3.1156999E-01
5.8435999E+02 3.1338999E-01
5.8484003E+02 3.1439999E-01
5.8532001E+02 3.1375000E-01
5.8579999E+02 3.1513000E-01
5.8628003E+02 3.1602001E-01
5.8677002E+02 3.1613001E-01
5.8725000E+02 3.1751001E-01
5.8772998E+02 3.1823999E-01
5.8821002E+02 3.1825000E-01
5.8870001E+02 3.1856000E-01
5.8917999E+02 3.1817999E-01
5.8965997E+02 3.1704000E-01
5.9014001E+02 3.1674999E-01
5.9062000E+02 3.1735000E-01
5.9110999E+02 3.1713000E-01
5.9159003E+02 3.1681001E-01
5.9207001E+02 3.1625000E-01
5.9254999E+02 3.1485999E-01
5.9303003E+02 3.1444001E-01
5.9352002E+02 3.1419000E-01
5.9400000E+02 3.1301999E-01
5.9447998E+02 3.1242001E-01
5.9496002E+02 3.1230000E-01
5.9545001E+02 3.1123000E-01
5.9592999E+02 3.1015000E-01
5.9640997E+02 3.0996001E-01
5.9689001E+02 3.0862001E-01
5.9737000E+02 3.0698001E-01
5.9785999E+02 3.0680999E-01
5.9834003E+02 3.0592000E-01
5.9882001E+02 3.0436000E-01
5.9929999E+02 3.0368999E-01
5.9978003E+02 3.0285001E-01
6.0027002E+02 3.0123001E-01
6.0075000E+02 3.0023000E-01
6.0122998E+02 2.9925001E-01
6.0171002E+02 2.9721001E-01
6.0220001E+02 2.9581001E-01
6.0267999E+02 2.9409000E-01
6.0315997E+02 2.9201001E-01
6.0364001E+02 2.9137999E-01
6.0412000E+02 2.8918001E-01
6.0460999E+02 2.8639001E-01
6.0509003E+02 2.8560999E-01
6.0557001E+02 2.8387001E-01
6.0604999E+02 2.8119001E-01
6.0653003E+02 2.7948001E-01
6.0702002E+02 2.7770001E-01
6.0750000E+02 2.7513000E-01
6.0797998E+02 2.7336001E-01
6.0846002E+02 2.7226001E-01
6.0895001E+02 2.7013999E-01
6.0942999E+02 2.6798001E-01
6.0990997E+02 2.6561001E-01
6.1039001E+02 2.6271001E-01
6.1087000E+02 2.6073000E-01
6.1135999E+02 2.5852999E-01
6.1184003E+02 2.5571001E-01
6.1232001E+02 2.5411999E-01
6.1279999E+02 2.5251999E-01
6.1328998E+02 2.4928001E-01
6.1377002E+02 2.4688999E-01
6.1425000E+02 2.4503000E-01
6.1472998E+02 2.4173000E-01
6.1521002E+02 2.3981000E-01
6.1570001E+02 2.3822001E-01
6.1617999E+02 2.3435999E-01
6.1665997E+02 2.3151000E-01
6.1714001E+02 2.2993000E-01
6.1762000E+02 2.2716001E-01
6.1810999E+02 2.2446001E-01
6.1859003E+02 2.2251999E-01
6.1907001E+02 2.1978000E-01
6.1954999E+02 2.1709000E-01
6.2003998E+02 2.1532001E-01
6.2052002E+02 2.1258000E-01
6.2100000E+02 2.0980000E-01
6.2147998E+02 2.0822001E-01
6.2196002E+02 2.0589000E-01
6.2245001E+02 2.0322999E-01
6.2292999E+02 2.0142999E-01
6.2340997E+02 1.9899000E-01
6.2389001E+02 1.9648001E-01
6.2437000E+02 1.9505000E-01
6.2485999E+02 1.9248000E-01
6.2534003E+02 1.8989000E-01
6.2582001E+02 1.8926001E-01
6.2629999E+02 1.8734001E-01
6.2678998E+02 1.8464001E-01
6.2727002E+02 1.8313000E-01
6.2775000E+02 1.8083000E-01
6.2822998E+02 1.7872000E-01
6.2871002E+02 1.7779000E-01
6.2920001E+02 1.7564000E-01
6.2967999E+02 1.7313001E-01
6.3015997E+02 1.7224000E-01
6.3064001E+02 1.7106000E-01
6.3112000E+02 1.6913000E-01
6.3160999E+02 1.6768999E-01
6.3209003E+02 1.6569000E-01
6.3257001E+02 1.6368000E-01
6.3304999E+02 1.6299000E-01
6.3353998E+02 1.6178000E-01
6.3402002E+02 1.5966000E-01
6.3450000E+02 1.5885000E-01
6.3497998E+02 1.5775999E-01
6.3546002E+02 1.5503000E-01
6.3595001E+02 1.5401000E-01
6.3642999E+02 1.5351000E-01
6.3690997E+02 1.5132999E-01
6.3739001E+02 1.5022001E-01
6.3787000E+02 1.4935000E-01
6.3835999E+02 1.4748000E-01
6.3884003E+02 1.4684001E-01
6.3932001E+02 1.4600000E-01
6.3979999E+02 1.4391001E-01
6.4028998E+02 1.4308999E-01
6.4077002E+02 1.4255001E-01
6.4125000E+02 1.4091000E-01
6.4172998E+02 1.3997000E-01
6.4221002E+02 1.3924000E-01
6.4270001E+02 1.3739000E-01
6.4317999E+02 1.3636000E-01
6.4365997E+02 1.3605000E-01
6.4414001E+02 1.3422000E-01
6.4462000E+02 1.3298000E-01
6.4510999E+02 1.3292000E-01
6.4559003E+02 1.3125999E-01
6.4607001E+02 1.3003001E-01
6.4654999E+02 1.3012999E-01
6.4703998E+02 1.2884000E-01
6.4752002E+02 1.2740999E-01
6.4800000E+02 1.2706999E-01
6.4847998E+02 1.2569000E-01
6.4896002E+02 1.2449000E-01
6.4945001E+02 1.2482000E-01
6.4992999E+02 1.2368000E-01
6.5040997E+02 1.2211000E-01
6.5089001E+02 1.2201000E-01
6.5137000E+02 1.2084000E-01
6.5185999E+02 1.1970000E-01
6.5234003E+02 1.1969000E-01
6.5282001E+02 1.1851000E-01
6.5329999E+02 1.1723000E-01
6.5378998E+02 1.1698000E-01
6.5427002E+02 1.1593000E-01
6.5475000E+02 1.1461000E-01
6.5522998E+02 1.1438000E-01
6.5571002E+02 1.1342000E-01
6.5620001E+02 1.1186000E-01
6.5667999E+02 1.1187000E-01
6.5715997E+02 1.1146000E-01
6.5764001E+02 1.0994000E-01
6.5812000E+02 1.0963000E-01
6.5860999E+02 1.0900000E-01
6.5909003E+02 1.0726000E-01
6.5957001E+02 1.0706000E-01
6.6004999E+02 1.0697000E-01
6.6053998E+02 1.0565000E-01
6.6102002E+02 1.0554000E-01
6.6150000E+02 1.0520000E-01
6.6197998E+02 1.0348000E-01
6.6246002E+02 1.0308000E-01
6.6295001E+02 1.0281000E-01
6.6342999E+02 1.0168000E-01
6.6390997E+02 1.0176000E-01
6.6439001E+02 1.0164000E-01
6.6487000E+02 1.0049000E-01
6.6535999E+02 1.0023000E-01
6.6584003E+02 1.0015000E-01
6.6632001E+02 9.9159002E-02
6.6679999E+02 9.8835997E-02
6.6728998E+02 9.8978996E-02
6.6777002E+02 9.7984999E-02
6.6825000E+02 9.7410001E-02
6.6872998E+02 9.7446002E-02
6.6921002E+02 9.6303001E-02
6.6970001E+02 9.5610000E-02
6.7017999E+02 9.5815003E-02
6.7065997E+02 9.4655998E-02
6.7114001E+02 9.3650997E-02
6.7162000E+02 9.3662001E-02
6.7210999E+02 9.2518002E-02
6.7259003E+02 9.1815002E-02
6.7307001E+02 9.1697000E-02
6.7354999E+02 8.9907996E-02
6.7403998E+02 8.8815004E-02
6.7452002E+02 8.8881999E-02
6.7500000E+02 8.7405004E-02
6.7547998E+02 8.6204998E-02
6.7596002E+02 8.6538002E-02
6.7645001E+02 8.5862003E-02
6.7692999E+02 8.4712997E-02
6.7740997E+02 8.4615000E-02
6.7789001E+02 8.3764002E-02
6.7837000E+02 8.2327999E-02
6.7885999E+02 8.1969000E-02
6.7934003E+02 8.1061997E-02
6.7982001E+02 7.9718001E-02
6.8029999E+02 7.9944000E-02
6.8078998E+02 7.9778999E-02
6.8127002E+02 7.8651004E-02
6.8175000E+02 7.8615002E-02
6.8222998E+02 7.8163996E-02
6.8271002E+02 7.7036001E-02
6.8320001E+02 7.7230997E-02
6.8367999E+02 7.6713003E-02
6.8415997E+02 7.5492002E-02
6.8464001E+02 7.5877003E-02
6.8512000E+02 7.5369000E-02
6.8560999E+02 7.3964000E-02
6.8609003E+02 7.4179001E-02
6.8657001E+02 7.3769003E-02
6.8704999E+02 7.2394997E-02
6.8753998E+02 7.2415002E-02
6.8802002E+02 7.2241001E-02
6.8850000E+02 7.0913002E-02
6.8897998E+02 7.0661999E-02
6.8946002E+02 7.0671998E-02
6.8995001E+02 6.9426000E-02
6.9042999E+02 6.9200002E-02
6.9090997E+02 6.9626004E-02
6.9139001E+02 6.8410002E-02
6.9187000E+02 6.7928001E-02
6.9235999E+02 6.8420999E-02
6.9284003E+02 6.6973999E-02
6.9332001E+02 6.6055998E-02
6.9379999E+02 6.6508003E-02
6.9428998E+02 6.5195002E-02
6.9477002E+02 6.4400002E-02
6.9525000E+02 6.4979002E-02
6.9572998E+02 6.3882001E-02
6.9621002E+02 6.3169003E-02
6.9670001E+02 6.3620999E-02
6.9717999E+02 6.2451001E-02
6.9765997E+02 6.1462000E-02
6.9814001E+02 6.1903000E-02
6.9862000E+02 6.1200000E-02
6.9910999E+02 6.0327999E-02
6.9959003E+02 6.0800001E-02
7.0007001E+02 6.0292002E-02
7.0054999E+02 5.9344001E-02
7.0103998E+02 5.9656002E-02
7.0152002E+02 5.8979001E-02
7.0200000E+02 5.7907999E-02
7.0247998E+02 5.8414999E-02
7.0296002E+02 5.8021002E-02
7.0345001E+02 5.6963999E-02
7.0392999E+02 5.7337999E-02
7.0440997E+02 5.6749001E-02
7.0489001E+02 5.5472001E-02
7.0537000E+02 5.5826001E-02
7.0585999E+02 5.5456001E-02
7.0634003E+02 5.4487001E-02
7.0682001E+02 5.4733001E-02
7.0729999E+02 5.4133002E-02
7.0778998E+02 5.3312998E-02
7.0827002E+02 5.3697001E-02
7.0875000E+02 5.3266998E-02
7.0922998E+02 5.2400000E-02
7.0971002E+02 5.2467000E-02
7.1020001E+02 5.2164000E-02
7.1067999E+02 5.1353998E-02
7.1115997E+02 5.1353998E-02
7.1164001E+02 5.1229000E-02
7.1212000E+02 5.0159000E-02
7.1260999E+02 4.9968001E-02
7.1309003E+02 5.0099000E-02
7.1357001E+02 4.9132001E-02
7.1404999E+02 4.9082998E-02
7.1453998E+02 4.9316999E-02
7.1502002E+02 4.8393000E-02
7.1550000E+02 4.8280999E-02
7.1597998E+02 4.8275001E-02
7.1646002E+02 4.7325000E-02
7.1695001E+02 4.7159001E-02
7.1742999E+02 4.7286998E-02
7.1790997E+02 4.6643998E-02
7.1839001E+02 4.6489999E-02
7.1887000E+02 4.6650000E-02
7.1935999E+02 4.5954999E-02
7.1984003E+02 4.5669999E-02
7.2032001E+02 4.5692001E-02
7.2079999E+02 4.4948999E-02
7.2128998E+02 4.4778001E-02
7.2177002E+02 4.4876002E-02
7.2225000E+02 4.4390000E-02
7.2272998E+02 4.4186998E-02
7.2321002E+02 4.4188999E-02
7.2370001E+02 4.3823998E-02
7.2417999E+02 4.3648001E-02
7.2465997E+02 4.3871000E-02
7.2514001E+02 4.3418001E-02
7.2562000E+02 4.2904001E-02
7.2610999E+02 4.3019000E-02
7.2659003E+02 4.2610001E-02
7.2707001E+02 4.2236000E-02
7.2754999E+02 4.2564001E-02
7.2803998E+02 4.2215999E-02
7.2852002E+02 4.1659001E-02
7.2900000E+02 4.2084001E-02
7.2947998E+02 4.1921001E-02
7.2996002E+02 4.1375000E-02
7.3045001E+02 4.1641001E-02
7.3092999E+02 4.1512001E-02
7.3140997E+02 4.1269999E-02
7.3189001E+02 4.1367002E-02
7.3238000E+02 4.0952999E-02
7.3285999E+02 4.0771998E-02
7.3334003E+02 4.1191999E-02
7.3382001E+02 4.1019000E-02
7.3429999E+02 4.0674001E-02
7.3478998E+02 4.0890999E-02
7.3527002E+02 4.0727999E-02
7.3575000E+02 4.0275000E-02
7.3622998E+02 4.0312000E-02
7.3671002E+02 4.0249001E-02
7.3720001E+02 4.0006001E-02
7.3767999E+02 4.0288001E-02
7.3815997E+02 4.0289000E-02
7.3864001E+02 3.9836001E-02
7.3913000E+02 4.0057000E-02
7.3960999E+02 4.0151998E-02
7.4009003E+02 3.9678998E-02
7.4057001E+02 3.9808001E-02
7.4104999E+02 3.9827000E-02
7.4153998E+02 3.9359000E-02
7.4202002E+02 3.9620999E-02
7.4250000E+02 3.9694998E-02
7.4297998E+02 3.9306998E-02
7.4346002E+02 3.9531000E-02
7.4395001E+02 3.9365999E-02
7.4442999E+02 3.8986001E-02
7.4490997E+02 3.9354000E-02
7.4539001E+02 3.9430000E-02
7.4588000E+02 3.9177001E-02
7.4635999E+02 3.9448000E-02
7.4684003E+02 3.9560001E-02
7.4732001E+02 3.9237000E-02
7.4779999E+02 3.9397001E-02
7.4828998E+02 3.9546002E-02
7.4877002E+02 3.9223000E-02
7.4925000E+02 3.9476998E-02
7.4972998E+02 3.9801002E-02
7.5021002E+02 3.9546002E-02
7.5070001E+02 3.9820001E-02
7.5117999E+02 4.0219001E-02
7.5165997E+02 3.9935999E-02
7.5214001E+02 4.0096000E-02
7.5263000E+02 4.0491000E-02
7.5310999E+02 4.0263999E-02
7.5359003E+02 4.0530998E-02
7.5407001E+02 4.0952001E-02
7.5454999E+02 4.0619001E-02
7.5503998E+02 4.0858001E-02
7.5552002E+02 4.1338999E-02
7.5600000E+02 4.1058000E-02
7.5647998E+02 4.1237000E-02
7.5696002E+02 4.1689001E-02
7.5745001E+02 4.1480001E-02
7.5792999E+02 4.1579999E-02
7.5840997E+02 4.1985001E-02
7.5889001E+02 4.1823000E-02
7.5938000E+02 4.1825999E-02
7.5985999E+02 4.2134002E-02
7.6034003E+02 4.1942000E-02
7.6082001E+02 4.1995000E-02
7.6129999E+02 4.2470001E-02
7.6178998E+02 4.2335000E-02
7.6227002E+02 4.2410001E-02
7.6275000E+02 4.2950999E-02
7.6322998E+02 4.2704999E-02
7.6371002E+02 4.2674001E-02
7.6420001E+02 4.3241002E-02
7.6467999E+02 4.3086998E-02
7.6515997E+02 4.3235999E-02
7.6564001E+02 4.3963999E-02
7.6613000E+02 4.3963000E-02
7.6660999E+02 4.4094998E-02
7.6709003E+02 4.4677999E-02
7.6757001E+02 4.4633999E-02
7.6804999E+02 4.4627000E-02
7.6853998E+02 4.5159999E-02
7.6902002E+02 4.5302998E-02
7.6950000E+02 4.5214001E-02
7.6997998E+02 4.5591999E-02
7.7046002E+02 4.5809999E-02
7.7095001E+02 4.5813002E-02
7.7142999E+02 4.6473000E-02
7.7190997E+02 4.6905000E-02
7.7239001E+02 4.6852998E-02
7.7288000E+02 4.7454000E-02
7.7335999E+02 4.7779001E-02
7.7384003E+02 4.7764000E-02
7.7432001E+02 4.8505999E-02
7.7479999E+02 4.8911002E-02
7.7528998E+02 4.8974998E-02
7.7577002E+02 4.9676001E-02
7.7625000E+02 5.0016999E-02
7.7672998E+02 5.0058000E-02
7.7721002E+02 5.0829001E-02
7.7770001E+02 5.1405001E-02
7.7817999E+02 5.1559001E-02
7.7865997E+02 5.2271999E-02
7.7914001E+02 5.2728001E-02
7.7963000E+02 5.2800000E-02
7.8010999E+02 5.3578999E-02
7.8059003E+02 5.4076999E-02
7.8107001E+02 5.4159001E-02
7.8154999E+02 5.4815002E-02
7.8203998E+02 5.5215001E-02
7.8252002E+02 5.5220999E-02
7.8300000E+02 5.5851001E-02
7.8347998E+02 5.6527998E-02
7.8396002E+02 5.6487001E-02
7.8445001E+02 5.6862000E-02
7.8492999E+02 5.7503000E-02
7.8540997E+02 5.7450999E-02
7.8589001E+02 5.7805002E-02
7.8638000E+02 5.8476999E-02
7.8685999E+02 5.8533002E-02
7.8734003E+02 5.8954000E-02
7.8782001E+02 5.9569001E-02
7.8829999E+02 5.9537999E-02
7.8878998E+02 6.0091998E-02
7.8927002E+02 6.0922999E-02
7.8975000E+02 6.0846001E-02
7.9022998E+02 6.1317999E-02
7.9071002E+02 6.2159002E-02
7.9120001E+02 6.2245999E-02
7.9167999E+02 6.2922999E-02
7.9215997E+02 6.3773997E-02
7.9264001E+02 6.3800000E-02
7.9313000E+02 6.4245999E-02
7.9360999E+02 6.5062001E-02
7.9409003E+02 6.5328002E-02
7.9457001E+02 6.5718003E-02
7.9504999E+02 6.6431001E-02
7.9553998E+02 6.6779003E-02
7.9602002E+02 6.7472003E-02
7.9650000E+02 6.8614997E-02
7.9697998E+02 6.9035999E-02
7.9746002E+02 6.9620997E-02
7.9795001E+02 7.0722997E-02
7.9842999E+02 7.0850998E-02
7.9890997E+02 7.0984997E-02
7.9939001E+02 7.2122999E-02
7.9988000E+02 7.2631001E-02
8.0035999E+02 7.3036000E-02
8.0084003E+02 7.4378997E-02
8.0132001E+02 7.4836001E-02
8.0179999E+02 7.5138003E-02
8.0228998E+02 7.6544002E-02
8.0277002E+02 7.7133000E-02
8.0325000E+02 7.7702999E-02
8.0372998E+02 7.9282001E-02
8.0421002E+02 7.9912998E-02
8.0470001E+02 8.0266997E-02
8.0517999E+02 8.1579000E-02
8.0565997E+02 8.2405001E-02
8.0614001E+02 8.2953997E-02
8.0663000E+02 8.4246002E-02
8.0710999E+02 8.5205004E-02
8.0759003E+02 8.5738003E-02
8.0807001E+02 8.7178998E-02
8.0854999E+02 8.8467002E-02
8.0903998E+02 8.9046001E-02
8.0952002E+02 9.0672001E-02
8.1000000E+02 9.2154004E-02
8.1047998E+02 9.2671998E-02
8.1096002E+02 9.4354004E-02
8.1145001E+02 9.6055999E-02
8.1192999E+02 9.6918002E-02
8.1240997E+02 9.8815002E-02
8.1289001E+02 1.0047000E-01
8.1338000E+02 1.0136000E-01
8.1385999E+02 1.0351000E-01
8.1434003E+02 1.0561000E-01
8.1482001E+02 1.0671000E-01
8.1529999E+02 1.0897000E-01
8.1578998E+02 1.1131000E-01
8.1627002E+02 1.1262000E-01
8.1675000E+02 1.1517000E-01
8.1722998E+02 1.1797000E-01
8.1771002E+02 1.1969000E-01
8.1820001E+02 1.2235000E-01
8.1867999E+02 1.2548999E-01
8.1915997E+02 1.2761000E-01
8.1964001E+02 1.3055000E-01
8.2013000E+02 1.3434000E-01
8.2060999E+02 1.3679001E-01
8.2109003E+02 1.4004999E-01
8.2157001E+02 1.4442000E-01
8.2204999E+02 1.4744000E-01
8.2253998E+02 1.5147001E-01
8.2302002E+02 1.5666001E-01
8.2350000E+02 1.6039000E-01
8.2397998E+02 1.6486999E-01
8.2446002E+02 1.7070000E-01
8.2495001E+02 1.7543000E-01
8.2542999E+02 1.8132000E-01
8.2590997E+02 1.8647000E-01
8.2639001E+02 1.9257000E-01
8.2688000E+02 1.9817001E-01
8.2735999E+02 2.0441000E-01
8.2784003E+02 2.1206000E-01
8.2832001E+02 2.1942000E-01
8.2879999E+02 2.2722000E-01
8.2928998E+02 2.3658000E-01
8.2977002E+02 2.4566001E-01
8.3025000E+02 2.5474000E-01
8.3072998E+02 2.6515999E-01
8.3121002E+02 2.7507001E-01
8.3170001E+02 2.8452000E-01
8.3217999E+02 2.9470000E-01
8.3265997E+02 3.0395001E-01
8.3314001E+02 3.1233001E-01
8.3363000E+02 3.2045001E-01
8.3410999E+02 3.2662001E-01
8.3459003E+02 3.3061001E-01
8.3507001E+02 3.3357999E-01
8.3554999E+02 3.3443001E-01
8.3603998E+02 3.3234000E-01
8.3652002E+02 3.2938001E-01
8.3700000E+02 3.2519001E-01
8.3747998E+02 3.1906000E-01
8.3796002E+02 3.1288001E-01
8.3845001E+02 3.0608001E-01
8.3892999E+02 2.9844001E-01
8.3940997E+02 2.9183999E-01
8.3989001E+02 2.8565001E-01
8.4038000E+02 2.7917999E-01
8.4085999E+02 2.7425000E-01
8.4134003E+02 2.7028999E-01
8.4182001E+02 2.6607999E-01
8.4229999E+02 2.6346999E-01
8.4278998E+02 2.6210001E-01
8.4327002E+02 2.6069999E-01
8.4375000E+02 2.6062000E-01
8.4422998E+02 2.6122999E-01
8.4471002E+02 2.6152000E-01
8.4520001E+02 2.6315999E-01
8.4567999E+02 2.6576000E-01
8.4615997E+02 2.6776999E-01
8.4664001E+02 2.7048999E-01
8.4713000E+02 2.7384001E-01
8.4760999E+02 2.7662000E-01
8.4809003E+02 2.8022000E-01
8.4857001E+02 2.8459001E-01
8.4904999E+02 2.8797001E-01
8.4953998E+02 2.9181999E-01
8.5002002E+02 2.9697999E-01
8.5050000E+02 3.0113000E-01
8.5097998E+02 3.0537000E-01
8.5146002E+02 3.1101999E-01
8.5195001E+02 3.1569999E-01
8.5242999E+02 3.2045999E-01
8.5290997E+02 3.2630000E-01
8.5339001E+02 3.3138999E-01
8.5388000E+02 3.3691001E-01
8.5435999E+02 3.4325999E-01
8.5484003E+02 3.4889001E-01
8.5532001E+02 3.5501999E-01
8.5579999E+02 3.6212999E-01
8.5628998E+02 3.6869001E-01
8.5677002E+02 3.7538001E-01
8.5725000E+02 3.8282001E-01
8.5772998E+02 3.9014000E-01
8.5821997E+02 3.9750999E-01
8.5870001E+02 4.0573001E-01
8.5917999E+02 4.1428000E-01
8.5965997E+02 4.2243999E-01
8.6014001E+02 4.3155000E-01
8.6063000E+02 4.4104999E-01
8.6110999E+02 4.4984999E-01
8.6159003E+02 4.5951000E-01
8.6207001E+02 4.6988001E-01
8.6254999E+02 4.8018000E-01
8.6303998E+02 4.9066001E-01
8.6352002E+02 5.0121999E-01
8.6400000E+02 5.1165998E-01
8.6447998E+02 5.2275002E-01
8.6496997E+02 5.3373998E-01
8.6545001E+02 5.4374999E-01
8.6592999E+02 5.5497003E-01
8.6640997E+02 5.6677002E-01
8.6689001E+02 5.7736999E-01
8.6738000E+02 5.8811998E-01
8.6785999E+02 5.9954000E-01
8.6834003E+02 6.1027998E-01
8.6882001E+02 6.2040001E-01
8.6929999E+02 6.3151997E-01
8.6978998E+02 6.4270002E-01
8.7027002E+02 6.5278000E-01
8.7075000E+02 6.6347998E-01
8.7122998E+02 6.7439002E-01
8.7171997E+02 6.8426001E-01
8.7220001E+02 6.9385999E-01
8.7267999E+02 7.0201999E-01
8.7315997E+02 7.1022999E-01
8.7364001E+02 7.2042000E-01
8.7413000E+02 7.2909999E-01
8.7460999E+02 7.3725998E-01
8.7509003E+02 7.4633998E-01
8.7557001E+02 7.5335997E-01
8.7604999E+02 7.5990999E-01
8.7653998E+02 7.6776999E-01
8.7702002E+02 7.7478999E-01
8.7750000E+02 7.8109998E-01
8.7797998E+02 7.8828001E-01
8.7846997E+02 7.9414999E-01
8.7895001E+02 7.9833001E-01
8.7942999E+02 8.0264997E-01
8.7990997E+02 8.0622000E-01
8.8039001E+02 8.1019002E-01
8.8088000E+02 8.1470001E-01
8.8135999E+02 8.1787997E-01
8.8184003E+02 8.2029998E-01
8.8232001E+02 8.2295001E-01
8.8279999E+02 8.2492000E-01
8.8328998E+02 8.2585001E-01
8.8377002E+02 8.2800001E-01
8.8425000E+02 8.2915002E-01
8.8472998E+02 8.2840002E-01
8.8521997E+02 8.2951999E-01
8.8570001E+02 8.3029002E-01
8.8617999E+02 8.2946002E-01
8.8665997E+02 8.2975000E-01
8.8714001E+02 8.3065999E-01
8.8763000E+02 8.2968998E-01
8.8810999E+02 8.2850999E-01
8.8859003E+02 8.2889998E-01
8.8907001E+02 8.2826000E-01
8.8954999E+02 8.2655001E-01
8.9003998E+02 8.2486999E-01
8.9052002E+02 8.2352000E-01
8.9100000E+02 8.2277000E-01
8.9147998E+02 8.2169998E-01
8.9196997E+02 8.1972998E-01
8.9245001E+02 8.1809998E-01
8.9292999E+02 8.1796002E-01
8.9340997E+02 8.1703001E-01
8.9389001E+02 8.1498998E-01
8.9438000E+02 8.1317002E-01
8.9485999E+02 8.1084001E-01
8.9534003E+02 8.0839998E-01
8.9582001E+02 8.0624002E-01
8.9629999E+02 8.0422997E-01
8.9678998E+02 8.0313998E-01
8.9727002E+02 8.0195999E-01
8.9775000E+02 7.9920000E-01
8.9822998E+02 7.9711998E-01
8.9871997E+02 7.9602998E-01
8.9920001E+02 7.9364997E-01
8.9967999E+02 7.9133999E-01
9.0015997E+02 7.8912002E-01
9.0064001E+02 7.8571999E-01
9.0113000E+02 7.8369999E-01
9.0160999E+02 7.8296000E-01
9.0209003E+02 7.8078997E-01
9.0257001E+02 7.7824998E-01
9.0304999E+02 7.7632999E-01
9.0353998E+02 7.7432001E-01
9.0402002E+02 7.7263999E-01
9.0450000E+02 7.7131999E-01
9.0497998E+02 7.6890999E-01
9.0546997E+02 7.6656002E-01
9.0595001E+02 7.6516998E-01
9.0642999E+02 7.6245999E-01
9.0690997E+02 7.5972003E-01
9.0739001E+02 7.5830001E-01
9.0788000E+02 7.5623000E-01
9.0835999E+02 7.5349998E-01
9.0884003E+02 7.5110000E-01
9.0932001E+02 7.4890000E-01
9.0979999E+02 7.4646997E-01
9.1028998E+02 7.4475998E-01
9.1077002E+02 7.4302000E-01
9.1125000E+02 7.4067003E-01
9.1172998E+02 7.3965001E-01
9.1221997E+02 7.3768002E-01
9.1270001E+02 7.3453999E-01
9.1317999E+02 7.3345000E-01
9.1365997E+02 7.3238999E-01
9.1414001E+02 7.2987998E-01
9.1463000E+02 7.2797000E-01
9.1510999E+02 7.2700000E-01
9.1559003E+02 7.2477001E-01
9.1607001E+02 7.2184998E-01
9.1654999E+02 7.2012001E-01
9.1703998E+02 7.1820003E-01
9.1752002E+02 7.1625000E-01
9.1800000E+02 7.1478999E-01
9.1847998E+02 7.1240997E-01
9.1896997E+02 7.1003002E-01
9.1945001E+02 7.0862001E-01
9.1992999E+02 7.0703000E-01
9.2040997E+02 7.0532000E-01
9.2089001E+02 7.0362997E-01
9.2138000E+02 7.0139998E-01
9.2185999E+02 6.9938999E-01
9.2234003E+02 6.9709003E-01
9.2282001E+02 6.9419003E-01
9.2329999E+02 6.9277000E-01
9.2378998E+02 6.9185001E-01
9.2427002E+02 6.8927002E-01
9.2475000E+02 6.8694001E-01
9.2522998E+02 6.8563002E-01
9.2571997E+02 6.8397999E-01
9.2620001E+02 6.8238997E-01
9.2667999E+02 6.8096000E-01
9.2715997E+02 6.7903000E-01
9.2764001E+02 6.7697001E-01
9.2813000E+02 6.7522001E-01
9.2860999E+02 6.7373002E-01
9.2909003E+02 6.7316002E-01
9.2957001E+02 6.7312998E-01
9.3004999E+02 6.7155999E-01
9.3053998E+02 6.6933000E-01
9.3102002E+02 6.6867000E-01
9.3150000E+02 6.6773999E-01
9.3197998E+02 6.6596001E-01
9.3246997E+02 6.6592002E-01
9.3295001E+02 6.6611999E-01
9.3342999E+02 6.6475999E-01
9.3390997E+02 6.6413999E-01
9.3439001E+02 6.6371000E-01
9.3488000E+02 6.6260999E-01
9.3535999E+02 6.6267002E-01
9.3584003E+02 6.6232997E-01
9.3632001E+02 6.6058999E-01
9.3679999E+02 6.5910000E-01
9.3728998E+02 6.5674001E-01
9.3777002E+02 6.5398002E-01
9.3825000E+02 6.5210998E-01
9.3872998E+02 6.4916003E-01
9.3921997E+02 6.4477003E-01
9.3970001E+02 6.3997000E-01
9.4017999E+02 6.3476002E-01
9.4065997E+02 6.2893999E-01
9.4114001E+02 6.2238997E-01
9.4163000E+02 6.1496001E-01
9.4210999E+02 6.0715002E-01
9.4259003E+02 5.9946001E-01
9.4307001E+02 5.9140998E-01
9.4354999E+02 5.8331001E-01
9.4403998E+02 5.7577002E-01
9.4452002E+02 5.6887001E-01
9.4500000E+02 5.6209999E-01
9.4547998E+02 5.5615997E-01
9.4596997E+02 5.5128002E-01
9.4645001E+02 5.4606003E-01
9.4692999E+02 5.4238999E-01
9.4740997E+02 5.3948998E-01
9.4789001E+02 5.3618002E-01
9.4838000E+02 5.3548998E-01
9.4885999E+02 5.3523999E-01
9.4934003E+02 5.3364998E-01
9.4982001E+02 5.3364998E-01
9.5029999E+02 5.3496999E-01
9.5078998E+02 5.3656000E-01
9.5127002E+02 5.3915000E-01
9.5175000E+02 5.4240000E-01
9.5222998E+02 5.4610997E-01
9.5271997E+02 5.5049002E-01
9.5320001E+02 5.5544001E-01
9.5367999E+02 5.8358997E-01
9.5415997E+02 5.9127998E-01
9.5464001E+02 5.9785002E-01
9.5513000E+02 6.0487002E-01
9.5560999E+02 6.1456001E-01
9.5609003E+02 6.2440997E-01
9.5657001E+02 6.3190001E-01
9.5704999E+02 6.3944000E-01
9.5753998E+02 6.4769000E-01
9.5802002E+02 6.5410000E-01
9.5850000E+02 6.6040999E-01
9.5897998E+02 6.6667002E-01
9.5946997E+02 6.7066997E-01
9.5995001E+02 6.7492002E-01
9.6042999E+02 6.7979002E-01
9.6090997E+02 6.8112999E-01
9.6139001E+02 6.8123001E-01
9.6188000E+02 6.8296999E-01
9.6235999E+02 6.8313003E-01
9.6284003E+02 6.8251002E-01
9.6332001E+02 6.8204999E-01
9.6379999E+02 6.7989999E-01
9.6428998E+02 6.7703003E-01
9.6477002E+02 6.7395002E-01
9.6525000E+02 6.7092001E-01
9.6572998E+02 6.6886997E-01
9.6621997E+02 6.6579002E-01
9.6670001E+02 6.6035998E-01
9.6717999E+02 6.5621001E-01
9.6765997E+02 6.5404999E-01
9.6814001E+02 6.4999998E-01
9.6863000E+02 6.4573997E-01
9.6910999E+02 6.4354002E-01
9.6959003E+02 6.3990003E-01
9.7007001E+02 6.3533002E-01
9.7054999E+02 6.3266999E-01
9.7103998E+02 6.2918001E-01
9.7152002E+02 6.2537998E-01
9.7200000E+02 6.2303001E-01
9.7247998E+02 6.1861998E-01
9.7296997E+02 6.1421001E-01
9.7345001E+02 6.1236000E-01
9.7392999E+02 6.0887003E-01
9.7440997E+02 6.0477000E-01
9.7489001E+02 6.0312998E-01
9.7538000E+02 6.0009998E-01
9.7585999E+02 5.9621000E-01
9.7634003E+02 5.9451002E-01
9.7682001E+02 5.9255999E-01
9.7729999E+02 5.8973998E-01
9.7778998E+02 5.8753997E-01
9.7827002E+02 5.8590001E-01
9.7875000E+02 5.8292001E-01
9.7922998E+02 5.7990003E-01
9.7971997E+02 5.7855999E-01
9.8020001E+02 5.7641000E-01
9.8067999E+02 5.7450998E-01
9.8115997E+02 5.7318002E-01
9.8164001E+02 5.7031000E-01
9.8213000E+02 5.6862003E-01
9.8260999E+02 5.6774002E-01
9.8309003E+02 5.6476998E-01
9.8357001E+02 5.6251001E-01
9.8406000E+02 5.6154001E-01
9.8453998E+02 5.5882001E-01
9.8502002E+02 5.5672002E-01
9.8550000E+02 5.5549002E-01
9.8597998E+02 5.5230999E-01
9.8646997E+02 5.5021000E-01
9.8695001E+02 5.4995000E-01
9.8742999E+02 5.4821002E-01
9.8790997E+02 5.4662001E-01
9.8839001E+02 5.4620999E-01
9.8888000E+02 5.4395002E-01
9.8935999E+02 5.4137999E-01
9.8984003E+02 5.4076999E-01
9.9032001E+02 5.3922999E-01
9.9081000E+02 5.3718001E-01
9.9128998E+02 5.3609997E-01
9.9177002E+02 5.3373998E-01
9.9225000E+02 5.3158998E-01
9.9272998E+02 5.3056002E-01
9.9321997E+02 5.2794999E-01
9.9370001E+02 5.2574003E-01
9.9417999E+02 5.2543998E-01
9.9465997E+02 5.2250999E-01
9.9514001E+02 5.1937997E-01
9.9563000E+02 5.1973999E-01
9.9610999E+02 5.1862001E-01
9.9659003E+02 5.1621002E-01
9.9707001E+02 5.1533002E-01
9.9756000E+02 5.1267999E-01
9.9803998E+02 5.1002002E-01
9.9852002E+02 5.0937998E-01
9.9900000E+02 5.0717998E-01
9.9947998E+02 5.0401998E-01
9.9996997E+02 5.0295001E-01
1.0004000E+03 5.0225002E-01
1.0009000E+03 4.9981001E-01
1.0014000E+03 4.9759001E-01
1.0018000E+03 4.9572000E-01
1.0023000E+03 4.9274001E-01
1.0028000E+03 4.9089000E-01
1.0033000E+03 4.8953000E-01
1.0038000E+03 4.8657000E-01
1.0043000E+03 4.8458001E-01
1.0047000E+03 4.8298001E-01
1.0052000E+03 4.7972000E-01
1.0057000E+03 4.7764000E-01
1.0062000E+03 4.7635999E-01
1.0067000E+03 4.7376999E-01
1.0072000E+03 4.7198999E-01
1.0076000E+03 4.7007000E-01
1.0081000E+03 4.6687999E-01
1.0086000E+03 4.6504000E-01
1.0091000E+03 4.6309000E-01
1.0096000E+03 4.5991999E-01
1.0100000E+03 4.5778000E-01
1.0105000E+03 4.5558000E-01
1.0110000E+03 4.5254999E-01
1.0115000E+03 4.5065001E-01
1.0120000E+03 4.4876999E-01
1.0125000E+03 4.4565001E-01
1.0129000E+03 4.4317999E-01
1.0134000E+03 4.4108999E-01
1.0139000E+03 4.3751001E-01
1.0144000E+03 4.3447000E-01
1.0149000E+03 4.3303999E-01
1.0153000E+03 4.2993999E-01
1.0158000E+03 4.2636999E-01
1.0163000E+03 4.2449999E-01
1.0168000E+03 4.2133999E-01
1.0173000E+03 4.1786999E-01
1.0178000E+03 4.1654000E-01
1.0182000E+03 4.1457000E-01
1.0187000E+03 4.1119000E-01
1.0192000E+03 4.0792999E-01
1.0197000E+03 4.0353999E-01
1.0202000E+03 3.9932001E-01
1.0207000E+03 3.9703000E-01
1.0211000E+03 3.9436001E-01
1.0216000E+03 3.9127001E-01
1.0221000E+03 3.8894001E-01
1.0226000E+03 3.8615999E-01
1.0231000E+03 3.8244000E-01
1.0235000E+03 3.7928000E-01
1.0240000E+03 3.7584001E-01
1.0245000E+03 3.7165999E-01
1.0250000E+03 3.6886999E-01
1.0255000E+03 3.6570001E-01
1.0260000E+03 3.6120999E-01
1.0264000E+03 3.5782000E-01
1.0269000E+03 3.5468999E-01
1.0274000E+03 3.5055000E-01
1.0279000E+03 3.4757000E-01
1.0284000E+03 3.4496000E-01
1.0289000E+03 3.4075001E-01
1.0293000E+03 3.3724001E-01
1.0298000E+03 3.3403999E-01
1.0303000E+03 3.2962999E-01
1.0308000E+03 3.2631001E-01
1.0313000E+03 3.2350999E-01
1.0317000E+03 3.1942001E-01
1.0322000E+03 3.1571999E-01
1.0327000E+03 3.1233999E-01
1.0332000E+03 3.0805999E-01
1.0337000E+03 3.0456001E-01
1.0342000E+03 3.0169001E-01
1.0346000E+03 2.9758000E-01
1.0351000E+03 2.9335001E-01
1.0356000E+03 2.8999001E-01
1.0361000E+03 2.8604999E-01
1.0366000E+03 2.8226000E-01
1.0370000E+03 2.7958000E-01
1.0375000E+03 2.7550000E-01
1.0380000E+03 2.7136001E-01
1.0385000E+03 2.6887000E-01
1.0390000E+03 2.6495001E-01
1.0395000E+03 2.6087001E-01
1.0399000E+03 2.5835001E-01
1.0404000E+03 2.5455999E-01
1.0409000E+03 2.5049999E-01
1.0414000E+03 2.4772000E-01
1.0419000E+03 2.4394000E-01
1.0424000E+03 2.4017000E-01
1.0428000E+03 2.3759000E-01
1.0433000E+03 2.3409000E-01
1.0438000E+03 2.3030999E-01
1.0443000E+03 2.2751001E-01
1.0448000E+03 2.2432999E-01
1.0452000E+03 2.2070000E-01
1.0457000E+03 2.1788000E-01
1.0462000E+03 2.1495999E-01
1.0467000E+03 2.1142000E-01
1.0472000E+03 2.0881000E-01
1.0477000E+03 2.0627999E-01
1.0481000E+03 2.0286000E-01
1.0486000E+03 2.0016000E-01
1.0491000E+03 1.9750001E-01
1.0496000E+03 1.9419000E-01
1.0501000E+03 1.9188000E-01
1.0505000E+03 1.8943000E-01
1.0510000E+03 1.8605000E-01
1.0515000E+03 1.8396001E-01
1.0520000E+03 1.8188000E-01
1.0525000E+03 1.7865001E-01
1.0530000E+03 1.7647000E-01
1.0534000E+03 1.7432000E-01
1.0539000E+03 1.7135000E-01
1.0544000E+03 1.6923000E-01
1.0549000E+03 1.6723000E-01
1.0554000E+03 1.6444001E-01
1.0559000E+03 1.6214000E-01
1.0563000E+03 1.6034000E-01
1.0568000E+03 1.5775000E-01
1.0573000E+03 1.5539999E-01
1.0578000E+03 1.5384001E-01
1.0583000E+03 1.5152000E-01
1.0587000E+03 1.4936000E-01
1.0592000E+03 1.4792000E-01
1.0597000E+03 1.4548001E-01
1.0602000E+03 1.4324000E-01
1.0607000E+03 1.4200000E-01
1.0612000E+03 1.3959000E-01
1.0616000E+03 1.3733000E-01
1.0621000E+03 1.3630000E-01
1.0626000E+03 1.3416000E-01
1.0631000E+03 1.3211000E-01
1.0636000E+03 1.3105001E-01
1.0640000E+03 1.2893000E-01
1.0645000E+03 1.2709001E-01
1.0650000E+03 1.2610000E-01
1.0655000E+03 1.2405000E-01
1.0660000E+03 1.2210000E-01
1.0665000E+03 1.2108000E-01
1.0669000E+03 1.1939000E-01
1.0674000E+03 1.1761000E-01
1.0679000E+03 1.1662000E-01
1.0684000E+03 1.1517000E-01
1.0689000E+03 1.1325000E-01
1.0694000E+03 1.1211000E-01
1.0698000E+03 1.1087000E-01
1.0703000E+03 1.0891000E-01
1.0708000E+03 1.0797000E-01
1.0713000E+03 1.0698000E-01
1.0718000E+03 1.0487000E-01
1.0722000E+03 1.0399000E-01
1.0727000E+03 1.0308000E-01
1.0732000E+03 1.0098000E-01
1.0737000E+03 1.0017000E-01
1.0742000E+03 9.9292003E-02
1.0747000E+03 9.7538002E-02
1.0751000E+03 9.6913002E-02
1.0756000E+03 9.5985003E-02
1.0761000E+03 9.4209999E-02
1.0766000E+03 9.3400002E-02
1.0771000E+03 9.2574000E-02
1.0775000E+03 9.1035999E-02
1.0780000E+03 9.0092003E-02
1.0785000E+03 8.9451000E-02
1.0790000E+03 8.8113002E-02
1.0795000E+03 8.7004997E-02
1.0800000E+03 8.6441003E-02
1.0804000E+03 8.5169002E-02
1.0809000E+03 8.4256001E-02
1.0814000E+03 8.3912998E-02
1.0819000E+03 8.2492001E-02
1.0824000E+03 8.1477001E-02
1.0829000E+03 8.1194997E-02
1.0833000E+03 7.9836003E-02
1.0838000E+03 7.8773998E-02
1.0843000E+03 7.8584999E-02
1.0848000E+03 7.7399999E-02
1.0853000E+03 7.6384999E-02
1.0857000E+03 7.6287001E-02
1.0862000E+03 7.5127997E-02
1.0867000E+03 7.4112996E-02
1.0872000E+03 7.3856004E-02
1.0877000E+03 7.2708003E-02
1.0882000E+03 7.1754001E-02
1.0886000E+03 7.1446002E-02
1.0891000E+03 7.0482001E-02
1.0896000E+03 6.9600001E-02
1.0901000E+03 6.9404997E-02
1.0906000E+03 6.8481997E-02
1.0910000E+03 6.7281999E-02
1.0915000E+03 6.7133002E-02
1.0920000E+03 6.6523001E-02
1.0925000E+03 6.5236002E-02
1.0930000E+03 6.5122999E-02
1.0935000E+03 6.4744003E-02
1.0939000E+03 6.3390002E-02
1.0944000E+03 6.3014999E-02
1.0949000E+03 6.2348999E-02
1.0954000E+03 6.1046001E-02
1.0959000E+03 6.1005000E-02
1.0964000E+03 6.0764000E-02
1.0968000E+03 5.9569001E-02
1.0973000E+03 5.9209999E-02
1.0978000E+03 5.8892000E-02
1.0983000E+03 5.7861999E-02
1.0988000E+03 5.7472002E-02
1.0992000E+03 5.7071999E-02
1.0997000E+03 5.6194998E-02
1.1002000E+03 5.5964001E-02
1.1007000E+03 5.5702999E-02
1.1012000E+03 5.4728001E-02
1.1017000E+03 5.4246001E-02
1.1021000E+03 5.4267000E-02
1.1026000E+03 5.3436000E-02
1.1031000E+03 5.2800000E-02
1.1036000E+03 5.2855998E-02
1.1041000E+03 5.1979002E-02
1.1045000E+03 5.1313002E-02
1.1050000E+03 5.1415000E-02
1.1055000E+03 5.0459001E-02
1.1060000E+03 4.9895000E-02
1.1065000E+03 5.0285000E-02
1.1070000E+03 4.9424998E-02
1.1074000E+03 4.8739001E-02
1.1079000E+03 4.8907999E-02
1.1084000E+03 4.8097000E-02
1.1089000E+03 4.7584999E-02
1.1094000E+03 4.7770999E-02
1.1099000E+03 4.7021002E-02
1.1103000E+03 4.6324000E-02
1.1108000E+03 4.6395998E-02
1.1113000E+03 4.6046998E-02
1.1118000E+03 4.5495000E-02
1.1123000E+03 4.5471001E-02
1.1127000E+03 4.5024000E-02
1.1132000E+03 4.4202998E-02
1.1137000E+03 4.4259001E-02
1.1142000E+03 4.4032000E-02
1.1147000E+03 4.3118000E-02
1.1152000E+03 4.3133002E-02
1.1156000E+03 4.2897999E-02
1.1161000E+03 4.1834000E-02
1.1166000E+03 4.1917000E-02
1.1171000E+03 4.1827001E-02
1.1176000E+03 4.0830001E-02
1.1180000E+03 4.1150000E-02
1.1185000E+03 4.1189000E-02
1.1190000E+03 4.0205002E-02
1.1195000E+03 4.0421002E-02
1.1200000E+03 4.0438998E-02
1.1205000E+03 3.9638001E-02
1.1209000E+03 3.9777000E-02
1.1214000E+03 3.9799001E-02
1.1219000E+03 3.9154001E-02
1.1224000E+03 3.9259002E-02
1.1229000E+03 3.9404001E-02
1.1234000E+03 3.8925000E-02
1.1238000E+03 3.8991999E-02
1.1243000E+03 3.9221000E-02
1.1248000E+03 3.8704000E-02
1.1253000E+03 3.8640000E-02
1.1258000E+03 3.9105002E-02
1.1262000E+03 3.8648002E-02
1.1267000E+03 3.8481999E-02
1.1272000E+03 3.8984999E-02
1.1277000E+03 3.8394999E-02
1.1282000E+03 3.8219001E-02
1.1287000E+03 3.8897000E-02
1.1291000E+03 3.8318001E-02
1.1296000E+03 3.8109999E-02
1.1301000E+03 3.8778000E-02
1.1306000E+03 3.8272999E-02
1.1311000E+03 3.8102999E-02
1.1315000E+03 3.8603999E-02
1.1320000E+03 3.8026001E-02
1.1325000E+03 3.7741002E-02
1.1330000E+03 3.8206998E-02
1.1335000E+03 3.7912000E-02
1.1340000E+03 3.7629001E-02
1.1344000E+03 3.8068999E-02
1.1349000E+03 3.7841000E-02
1.1354000E+03 3.7287999E-02
1.1359000E+03 3.7675999E-02
1.1364000E+03 3.7588999E-02
1.1369000E+03 3.6991999E-02
1.1373000E+03 3.7484001E-02
1.1378000E+03 3.7487000E-02
1.1383000E+03 3.6766000E-02
1.1388000E+03 3.7204999E-02
1.1393000E+03 3.7147999E-02
1.1397000E+03 3.6355998E-02
1.1402000E+03 3.6966000E-02
1.1407000E+03 3.7101001E-02
1.1412000E+03 3.6339000E-02
1.1417000E+03 3.6851998E-02
1.1422000E+03 3.7005000E-02
1.1426000E+03 3.6396001E-02
1.1431000E+03 3.6772002E-02
1.1436000E+03 3.6873002E-02
1.1441000E+03 3.6316000E-02
1.1446000E+03 3.6483999E-02
1.1450000E+03 3.6607999E-02
1.1455000E+03 3.6219001E-02
1.1460000E+03 3.6486998E-02
1.1465000E+03 3.6929999E-02
1.1470000E+03 3.6518998E-02
1.1475000E+03 3.6440998E-02
1.1479000E+03 3.6926001E-02
1.1484000E+03 3.6488999E-02
1.1489000E+03 3.6345001E-02
1.1494000E+03 3.6991000E-02
1.1499000E+03 3.6407001E-02
1.1504000E+03 3.6185000E-02
1.1508000E+03 3.7036002E-02
1.1513000E+03 3.6532000E-02
1.1518000E+03 3.6364999E-02
1.1523000E+03 3.7181001E-02
1.1528000E+03 3.6703002E-02
