9.0642998E+01 2.6722001E-02
9.1125999E+01 2.5969001E-02
9.1608002E+01 2.5614001E-02
9.2089996E+01 2.6660001E-02
9.2571999E+01 2.8557001E-02
9.3054001E+01 2.8050000E-02
9.3536003E+01 2.6580000E-02
9.4017998E+01 2.6129000E-02
9.4500999E+01 2.6030000E-02
9.4983002E+01 2.5668001E-02
9.5464996E+01 2.5854999E-02
9.5946999E+01 2.6888000E-02
9.6429001E+01 2.6518000E-02
9.6911003E+01 2.5467001E-02
9.7392998E+01 2.5474999E-02
9.7875999E+01 2.5279000E-02
9.8358002E+01 2.5273999E-02
9.8839996E+01 2.5978001E-02
9.9321999E+01 2.5710000E-02
9.9804001E+01 2.5083000E-02
1.0029000E+02 2.5897000E-02
1.0077000E+02 2.6157999E-02
1.0125000E+02 2.5595000E-02
1.0173000E+02 2.6238000E-02
1.0221000E+02 2.6395001E-02
1.0270000E+02 2.6357001E-02
1.0318000E+02 2.6988000E-02
1.0366000E+02 2.7208000E-02
1.0414000E+02 2.7362000E-02
1.0463000E+02 2.6769999E-02
1.0511000E+02 2.6410000E-02
1.0559000E+02 2.7358999E-02
1.0607000E+02 2.7218999E-02
1.0655000E+02 2.6283000E-02
1.0704000E+02 2.5935000E-02
1.0752000E+02 2.5416000E-02
1.0800000E+02 2.5550000E-02
1.0848000E+02 2.5826000E-02
1.0896000E+02 2.5348000E-02
1.0945000E+02 2.5238000E-02
1.0993000E+02 2.5285000E-02
1.1041000E+02 2.5766000E-02
1.1089000E+02 2.6210999E-02
1.1138000E+02 2.5475999E-02
1.1186000E+02 2.4807001E-02
1.1234000E+02 2.4754999E-02
1.1282000E+02 2.4799000E-02
1.1330000E+02 2.4899000E-02
1.1379000E+02 2.4846001E-02
1.1427000E+02 2.4896000E-02
1.1475000E+02 2.5508000E-02
1.1523000E+02 2.5847999E-02
1.1571000E+02 2.5629999E-02
1.1620000E+02 2.5604000E-02
1.1668000E+02 2.5521001E-02
1.1716000E+02 2.5172001E-02
1.1764000E+02 2.5512001E-02
1.1813000E+02 2.6164001E-02
1.1861000E+02 2.6288001E-02
1.1909000E+02 2.6629999E-02
1.1957000E+02 2.7032999E-02
1.2005000E+02 2.7105000E-02
1.2054000E+02 2.7047999E-02
1.2102000E+02 2.7628001E-02
1.2150000E+02 2.9101999E-02
1.2198000E+02 2.9059000E-02
1.2246000E+02 2.7331000E-02
1.2295000E+02 2.6503000E-02
1.2343000E+02 2.6347000E-02
1.2391000E+02 2.5936000E-02
1.2439000E+02 2.5553999E-02
1.2488000E+02 2.5137000E-02
1.2536000E+02 2.4476999E-02
1.2584000E+02 2.3970000E-02
1.2632000E+02 2.4592999E-02
1.2680000E+02 2.5749000E-02
1.2729000E+02 2.5260000E-02
1.2777000E+02 2.4173999E-02
1.2825000E+02 2.4250999E-02
1.2873000E+02 2.4391999E-02
1.2922000E+02 2.4180001E-02
1.2970000E+02 2.4210000E-02
1.3017999E+02 2.4483999E-02
1.3066000E+02 2.5060000E-02
1.3114000E+02 2.5627000E-02
1.3163000E+02 2.6203001E-02
1.3211000E+02 2.6893999E-02
1.3259000E+02 2.6953001E-02
1.3307001E+02 2.6286000E-02
1.3355000E+02 2.5799001E-02
1.3403999E+02 2.5831999E-02
1.3452000E+02 2.6143000E-02
1.3500000E+02 2.6439000E-02
1.3548000E+02 2.6244000E-02
1.3597000E+02 2.5962999E-02
1.3645000E+02 2.6116000E-02
1.3692999E+02 2.6268000E-02
1.3741000E+02 2.6117999E-02
1.3789000E+02 2.5441000E-02
1.3838000E+02 2.5198000E-02
1.3886000E+02 2.5728000E-02
1.3934000E+02 2.5686000E-02
1.3982001E+02 2.5314000E-02
1.4030000E+02 2.5265001E-02
1.4078999E+02 2.5245000E-02
1.4127000E+02 2.4898000E-02
1.4175000E+02 2.4576001E-02
1.4223000E+02 2.4411000E-02
1.4272000E+02 2.4325000E-02
1.4320000E+02 2.4649000E-02
1.4367999E+02 2.4878001E-02
1.4416000E+02 2.4890000E-02
1.4464000E+02 2.4969000E-02
1.4513000E+02 2.4921000E-02
1.4561000E+02 2.4626000E-02
1.4609000E+02 2.4363000E-02
1.4657001E+02 2.4524000E-02
1.4705000E+02 2.4834000E-02
1.4753999E+02 2.5024001E-02
1.4802000E+02 2.5315000E-02
1.4850000E+02 2.6014000E-02
1.4898000E+02 2.6423000E-02
1.4947000E+02 2.6020000E-02
1.4995000E+02 2.6314000E-02
1.5042999E+02 2.7129000E-02
1.5091000E+02 2.6885999E-02
1.5139000E+02 2.6442001E-02
1.5188000E+02 2.6546000E-02
1.5236000E+02 2.6784001E-02
1.5284000E+02 2.7276000E-02
1.5332001E+02 2.7742000E-02
1.5380000E+02 2.7433001E-02
1.5428999E+02 2.6930001E-02
1.5477000E+02 2.7023001E-02
1.5525000E+02 2.7316000E-02
1.5573000E+02 2.7778000E-02
1.5622000E+02 2.8247001E-02
1.5670000E+02 2.8201001E-02
1.5717999E+02 2.8465999E-02
1.5766000E+02 2.9054999E-02
1.5814000E+02 2.8674001E-02
1.5863000E+02 2.8136000E-02
1.5911000E+02 2.8192000E-02
1.5959000E+02 2.8336000E-02
1.6007001E+02 2.8666001E-02
1.6055000E+02 2.8764000E-02
1.6103999E+02 2.8736001E-02
1.6152000E+02 2.8955000E-02
1.6200000E+02 2.9046001E-02
1.6248000E+02 2.9053001E-02
1.6297000E+02 2.9222000E-02
1.6345000E+02 2.9634001E-02
1.6392999E+02 2.9944999E-02
1.6441000E+02 3.0215001E-02
1.6489000E+02 3.0582000E-02
1.6538000E+02 3.1020001E-02
1.6586000E+02 3.1474002E-02
1.6634000E+02 3.1605002E-02
1.6682001E+02 3.1420998E-02
1.6730000E+02 3.1348001E-02
1.6778999E+02 3.1665001E-02
1.6827000E+02 3.2166999E-02
1.6875000E+02 3.2644998E-02
1.6923000E+02 3.2678999E-02
1.6972000E+02 3.3142999E-02
1.7020000E+02 3.4116000E-02
1.7067999E+02 3.3619002E-02
1.7116000E+02 3.2864999E-02
1.7164000E+02 3.3179998E-02
1.7213000E+02 3.3514000E-02
1.7261000E+02 3.3886999E-02
1.7309000E+02 3.4529999E-02
1.7357001E+02 3.4299999E-02
1.7405000E+02 3.3661999E-02
1.7453999E+02 3.3794001E-02
1.7502000E+02 3.4166001E-02
1.7550000E+02 3.5038002E-02
1.7598000E+02 3.5682000E-02
1.7647000E+02 3.5043001E-02
1.7695000E+02 3.4979001E-02
1.7742999E+02 3.5487998E-02
1.7791000E+02 3.5224002E-02
1.7839000E+02 3.5061002E-02
1.7888000E+02 3.5480000E-02
1.7936000E+02 3.5719998E-02
1.7984000E+02 3.5675000E-02
1.8032001E+02 3.5689998E-02
1.8080000E+02 3.5895001E-02
1.8128999E+02 3.6299001E-02
1.8177000E+02 3.6285002E-02
1.8225000E+02 3.6099002E-02
1.8273000E+02 3.6460001E-02
1.8322000E+02 3.6669001E-02
1.8370000E+02 3.6579002E-02
1.8417999E+02 3.6658999E-02
1.8466000E+02 3.6917999E-02
1.8514000E+02 3.7142001E-02
1.8563000E+02 3.7144002E-02
1.8611000E+02 3.7103999E-02
1.8659000E+02 3.7193000E-02
1.8707001E+02 3.7684999E-02
1.8755000E+02 3.8403001E-02
1.8803999E+02 3.8752999E-02
1.8852000E+02 3.8621001E-02
1.8900000E+02 3.8539998E-02
1.8948000E+02 3.8759001E-02
1.8997000E+02 3.8961999E-02
1.9045000E+02 3.9129999E-02
1.9092999E+02 3.9540000E-02
1.9141000E+02 4.0017001E-02
1.9189000E+02 4.0188000E-02
1.9238000E+02 4.0373001E-02
1.9286000E+02 4.0823001E-02
1.9334000E+02 4.1181002E-02
1.9382001E+02 4.1485999E-02
1.9430000E+02 4.1808002E-02
1.9478999E+02 4.1561998E-02
1.9527000E+02 4.1335002E-02
1.9575000E+02 4.1710000E-02
1.9623000E+02 4.1715000E-02
1.9672000E+02 4.1692998E-02
1.9720000E+02 4.2155001E-02
1.9767999E+02 4.2429000E-02
1.9816000E+02 4.2523999E-02
1.9864000E+02 4.2745002E-02
1.9913000E+02 4.2838000E-02
1.9961000E+02 4.2989001E-02
2.0009000E+02 4.3398000E-02
2.0057001E+02 4.3676998E-02
2.0105000E+02 4.4096999E-02
2.0153999E+02 4.4590000E-02
2.0202000E+02 4.5963999E-02
2.0250000E+02 4.7818001E-02
2.0298000E+02 4.6822999E-02
2.0347000E+02 4.5219000E-02
2.0395000E+02 4.5428000E-02
2.0442999E+02 4.5882002E-02
2.0491000E+02 4.6209000E-02
2.0539000E+02 4.6641000E-02
2.0588000E+02 4.7068000E-02
2.0636000E+02 4.7391001E-02
2.0684000E+02 4.7805000E-02
2.0732001E+02 4.8204999E-02
2.0780000E+02 4.8891000E-02
2.0828999E+02 4.9849998E-02
2.0877000E+02 4.9841002E-02
2.0925000E+02 4.9699999E-02
2.0973000E+02 5.0182000E-02
2.1022000E+02 5.0600000E-02
2.1070000E+02 5.0944999E-02
2.1117999E+02 5.1182002E-02
2.1166000E+02 5.1626999E-02
2.1214000E+02 5.2368000E-02
2.1263000E+02 5.2740999E-02
2.1311000E+02 5.3032000E-02
2.1359000E+02 5.3835999E-02
2.1407001E+02 5.4591000E-02
2.1455000E+02 5.4972999E-02
2.1503999E+02 5.5199999E-02
2.1552000E+02 5.5295002E-02
2.1600000E+02 5.5627000E-02
2.1648000E+02 5.6232002E-02
2.1697000E+02 5.6759000E-02
2.1745000E+02 5.7091001E-02
2.1792999E+02 5.7505000E-02
2.1841000E+02 5.8086000E-02
2.1889000E+02 5.8532000E-02
2.1938000E+02 5.9014000E-02
2.1986000E+02 5.9618000E-02
2.2034000E+02 6.0136002E-02
2.2082001E+02 6.0805000E-02
2.2130000E+02 6.1755002E-02
2.2178999E+02 6.2336002E-02
2.2227000E+02 6.2545002E-02
2.2275000E+02 6.3095003E-02
2.2323000E+02 6.3895002E-02
2.2372000E+02 6.4590998E-02
2.2420000E+02 6.4972997E-02
2.2467999E+02 6.5404996E-02
2.2516000E+02 6.6082001E-02
2.2564000E+02 6.6918001E-02
2.2613000E+02 6.7818001E-02
2.2661000E+02 6.8113998E-02
2.2709000E+02 6.8899997E-02
2.2757001E+02 7.0664003E-02
2.2805000E+02 7.0986003E-02
2.2853999E+02 7.0468001E-02
2.2902000E+02 7.1067996E-02
2.2950000E+02 7.1927004E-02
2.2998000E+02 7.2732002E-02
2.3047000E+02 7.3686004E-02
2.3095000E+02 7.4500002E-02
2.3142999E+02 7.5172998E-02
2.3191000E+02 7.5809002E-02
2.3239000E+02 7.6563999E-02
2.3288000E+02 7.7372998E-02
2.3336000E+02 7.8068003E-02
2.3384000E+02 7.8585997E-02
2.3432001E+02 7.9209000E-02
2.3480000E+02 8.0049999E-02
2.3528999E+02 8.0954999E-02
2.3577000E+02 8.1827000E-02
2.3625000E+02 8.2631998E-02
2.3673000E+02 8.3494999E-02
2.3722000E+02 8.4305003E-02
2.3770000E+02 8.5064001E-02
2.3817999E+02 8.5749999E-02
2.3866000E+02 8.6300001E-02
2.3914000E+02 8.6981997E-02
2.3963000E+02 8.7785996E-02
2.4011000E+02 8.8595003E-02
2.4059000E+02 8.9299999E-02
2.4107001E+02 9.0014003E-02
2.4155000E+02 9.0768002E-02
2.4203999E+02 9.1195002E-02
2.4252000E+02 9.1673002E-02
2.4300000E+02 9.2477001E-02
2.4348000E+02 9.3050003E-02
2.4397000E+02 9.3836002E-02
2.4445000E+02 9.5214002E-02
2.4492999E+02 9.6173003E-02
2.4541000E+02 9.5991001E-02
2.4589000E+02 9.5591001E-02
2.4638000E+02 9.6135996E-02
2.4686000E+02 9.6914001E-02
2.4734000E+02 9.7940996E-02
2.4782001E+02 9.9091001E-02
2.4830000E+02 9.9164002E-02
2.4878999E+02 9.9422999E-02
2.4927000E+02 1.0009000E-01
2.4975000E+02 1.0018000E-01
2.5023000E+02 1.0049000E-01
2.5072000E+02 1.0094000E-01
2.5120000E+02 1.0142000E-01
2.5167999E+02 1.0219000E-01
2.5216000E+02 1.0271000E-01
2.5264000E+02 1.0330000E-01
2.5313000E+02 1.0449000E-01
2.5361000E+02 1.0606000E-01
2.5409000E+02 1.0631000E-01
2.5457001E+02 1.0537000E-01
2.5506000E+02 1.0563000E-01
2.5553999E+02 1.0640000E-01
2.5601999E+02 1.0682000E-01
2.5650000E+02 1.0740000E-01
2.5698001E+02 1.0777000E-01
2.5747000E+02 1.0800000E-01
2.5795001E+02 1.0827000E-01
2.5842999E+02 1.0865000E-01
2.5891000E+02 1.0903000E-01
2.5939001E+02 1.0928000E-01
2.5988000E+02 1.0973000E-01
2.6035999E+02 1.1022000E-01
2.6084000E+02 1.1055000E-01
2.6132001E+02 1.1083000E-01
2.6181000E+02 1.1123000E-01
2.6229001E+02 1.1189000E-01
2.6276999E+02 1.1236000E-01
2.6325000E+02 1.1278000E-01
2.6373001E+02 1.1341000E-01
2.6422000E+02 1.1385000E-01
2.6470001E+02 1.1432000E-01
2.6517999E+02 1.1493000E-01
2.6566000E+02 1.1569000E-01
2.6614001E+02 1.1636000E-01
2.6663000E+02 1.1677000E-01
2.6710999E+02 1.1733000E-01
2.6759000E+02 1.1785000E-01
2.6807001E+02 1.1832000E-01
2.6856000E+02 1.1890000E-01
2.6904001E+02 1.1958000E-01
2.6951999E+02 1.2049000E-01
2.7000000E+02 1.2133000E-01
2.7048001E+02 1.2202000E-01
2.7097000E+02 1.2271000E-01
2.7145001E+02 1.2345000E-01
2.7192999E+02 1.2429000E-01
2.7241000E+02 1.2498000E-01
2.7289001E+02 1.2561999E-01
2.7338000E+02 1.2639000E-01
2.7385999E+02 1.2712000E-01
2.7434000E+02 1.2792000E-01
2.7482001E+02 1.2878001E-01
2.7531000E+02 1.2970001E-01
2.7579001E+02 1.3052000E-01
2.7626999E+02 1.3099000E-01
2.7675000E+02 1.3146999E-01
2.7723001E+02 1.3203000E-01
2.7772000E+02 1.3309000E-01
2.7820001E+02 1.3417999E-01
2.7867999E+02 1.3402000E-01
2.7916000E+02 1.3373999E-01
2.7964001E+02 1.3420001E-01
2.8013000E+02 1.3467000E-01
2.8060999E+02 1.3467000E-01
2.8109000E+02 1.3458000E-01
2.8157001E+02 1.3502000E-01
2.8206000E+02 1.3525000E-01
2.8254001E+02 1.3462999E-01
2.8301999E+02 1.3413000E-01
2.8350000E+02 1.3400000E-01
2.8398001E+02 1.3383000E-01
2.8447000E+02 1.3356000E-01
2.8495001E+02 1.3335000E-01
2.8542999E+02 1.3319001E-01
2.8591000E+02 1.3288000E-01
2.8639001E+02 1.3263001E-01
2.8688000E+02 1.3230000E-01
2.8735999E+02 1.3190000E-01
2.8784000E+02 1.3170999E-01
2.8832001E+02 1.3150001E-01
2.8881000E+02 1.3150001E-01
2.8929001E+02 1.3152000E-01
2.8976999E+02 1.3112000E-01
2.9025000E+02 1.3063000E-01
2.9073001E+02 1.3028000E-01
2.9122000E+02 1.3011999E-01
2.9170001E+02 1.3011000E-01
2.9217999E+02 1.3000000E-01
2.9266000E+02 1.2981001E-01
2.9314001E+02 1.2969001E-01
2.9363000E+02 1.2952000E-01
2.9410999E+02 1.2925000E-01
2.9459000E+02 1.2915000E-01
2.9507001E+02 1.2928000E-01
2.9556000E+02 1.2929000E-01
2.9604001E+02 1.2924001E-01
2.9651999E+02 1.2920000E-01
2.9700000E+02 1.2922999E-01
2.9748001E+02 1.2941000E-01
2.9797000E+02 1.2964000E-01
2.9845001E+02 1.2983000E-01
2.9892999E+02 1.2996000E-01
2.9941000E+02 1.3014001E-01
2.9989001E+02 1.3053000E-01
3.0038000E+02 1.3101999E-01
3.0085999E+02 1.3143000E-01
3.0134000E+02 1.3198000E-01
3.0182001E+02 1.3248000E-01
3.0231000E+02 1.3320000E-01
3.0279001E+02 1.3438000E-01
3.0326999E+02 1.3452999E-01
3.0375000E+02 1.3440999E-01
3.0423001E+02 1.3521001E-01
3.0472000E+02 1.3609000E-01
3.0520001E+02 1.3682000E-01
3.0567999E+02 1.3778000E-01
3.0616000E+02 1.3898000E-01
3.0664001E+02 1.4004000E-01
3.0713000E+02 1.4081000E-01
3.0760999E+02 1.4167000E-01
3.0809000E+02 1.4268000E-01
3.0857001E+02 1.4392000E-01
3.0906000E+02 1.4532000E-01
3.0954001E+02 1.4644000E-01
3.1001999E+02 1.4771000E-01
3.1050000E+02 1.4936000E-01
3.1098001E+02 1.5078001E-01
3.1147000E+02 1.5202001E-01
3.1195001E+02 1.5347999E-01
3.1242999E+02 1.5508001E-01
3.1291000E+02 1.5670000E-01
3.1339001E+02 1.5840000E-01
3.1388000E+02 1.6020000E-01
3.1435999E+02 1.6220000E-01
3.1484000E+02 1.6410001E-01
3.1532001E+02 1.6573000E-01
3.1581000E+02 1.6763000E-01
3.1629001E+02 1.6962001E-01
3.1676999E+02 1.7155001E-01
3.1725000E+02 1.7372000E-01
3.1773001E+02 1.7595001E-01
3.1822000E+02 1.7810000E-01
3.1870001E+02 1.8036000E-01
3.1917999E+02 1.8274000E-01
3.1966000E+02 1.8509001E-01
3.2014001E+02 1.8764000E-01
3.2063000E+02 1.9032000E-01
3.2110999E+02 1.9292000E-01
3.2159000E+02 1.9562000E-01
3.2207001E+02 1.9825999E-01
3.2256000E+02 2.0100001E-01
3.2304001E+02 2.0420000E-01
3.2351999E+02 2.0745000E-01
3.2400000E+02 2.1013001E-01
3.2448001E+02 2.1261001E-01
3.2497000E+02 2.1572000E-01
3.2545001E+02 2.1901999E-01
3.2592999E+02 2.2214000E-01
3.2641000E+02 2.2527000E-01
3.2689001E+02 2.2853000E-01
3.2738000E+02 2.3203000E-01
3.2785999E+02 2.3523000E-01
3.2834000E+02 2.3813000E-01
3.2882001E+02 2.4124999E-01
3.2931000E+02 2.4459000E-01
3.2979001E+02 2.4815001E-01
3.3026999E+02 2.5150001E-01
3.3075000E+02 2.5475001E-01
3.3123001E+02 2.5843000E-01
3.3172000E+02 2.6220000E-01
3.3220001E+02 2.6567000E-01
3.3267999E+02 2.6910001E-01
3.3316000E+02 2.7269000E-01
3.3364001E+02 2.7610001E-01
3.3413000E+02 2.7952000E-01
3.3460999E+02 2.8345001E-01
3.3509000E+02 2.8729999E-01
3.3557001E+02 2.9049000E-01
3.3606000E+02 2.9368001E-01
3.3654001E+02 2.9717001E-01
3.3701999E+02 3.0072001E-01
3.3750000E+02 3.0430001E-01
3.3798001E+02 3.0794999E-01
3.3847000E+02 3.1136000E-01
3.3895001E+02 3.1442001E-01
3.3942999E+02 3.1771001E-01
3.3991000E+02 3.2132000E-01
3.4039001E+02 3.2494000E-01
3.4088000E+02 3.2802999E-01
3.4135999E+02 3.3085999E-01
3.4184000E+02 3.3397001E-01
3.4232001E+02 3.3680999E-01
3.4281000E+02 3.3976001E-01
3.4329001E+02 3.4290999E-01
3.4376999E+02 3.4564999E-01
3.4425000E+02 3.4819999E-01
3.4473001E+02 3.5052001E-01
3.4522000E+02 3.5264000E-01
3.4570001E+02 3.5475999E-01
3.4617999E+02 3.5692999E-01
3.4666000E+02 3.5929999E-01
3.4714001E+02 3.6125001E-01
3.4763000E+02 3.6261001E-01
3.4810999E+02 3.6407000E-01
3.4859000E+02 3.6568999E-01
3.4907001E+02 3.6741000E-01
3.4956000E+02 3.6880001E-01
3.5004001E+02 3.6954999E-01
3.5051999E+02 3.7029001E-01
3.5100000E+02 3.7110999E-01
3.5148001E+02 3.7176001E-01
3.5197000E+02 3.7189999E-01
3.5245001E+02 3.7178001E-01
3.5292999E+02 3.7175000E-01
3.5341000E+02 3.7165999E-01
3.5389001E+02 3.7145999E-01
3.5438000E+02 3.7097001E-01
3.5485999E+02 3.7046000E-01
3.5534000E+02 3.6982000E-01
3.5582001E+02 3.6855999E-01
3.5631000E+02 3.6704999E-01
3.5679001E+02 3.6539999E-01
3.5726999E+02 3.6366999E-01
3.5775000E+02 3.6210999E-01
3.5823001E+02 3.6030000E-01
3.5872000E+02 3.5837001E-01
3.5920001E+02 3.5620999E-01
3.5967999E+02 3.5374999E-01
3.6016000E+02 3.5139999E-01
3.6064001E+02 3.4889999E-01
3.6113000E+02 3.4637001E-01
3.6160999E+02 3.4391001E-01
3.6209000E+02 3.4138000E-01
3.6257001E+02 3.3884001E-01
3.6306000E+02 3.3616000E-01
3.6354001E+02 3.3333999E-01
3.6401999E+02 3.3044001E-01
3.6450000E+02 3.2785001E-01
3.6498001E+02 3.2549000E-01
3.6547000E+02 3.2319000E-01
3.6595001E+02 3.2106999E-01
3.6642999E+02 3.1863999E-01
3.6691000E+02 3.1610999E-01
3.6739001E+02 3.1404999E-01
3.6788000E+02 3.1220999E-01
3.6835999E+02 3.1061000E-01
3.6884000E+02 3.0932000E-01
3.6932001E+02 3.0805001E-01
3.6981000E+02 3.0634999E-01
3.7029001E+02 3.0465999E-01
3.7076999E+02 3.0375001E-01
3.7125000E+02 3.0309001E-01
3.7173001E+02 3.0234000E-01
3.7222000E+02 3.0171001E-01
3.7270001E+02 3.0116001E-01
3.7317999E+02 3.0080000E-01
3.7366000E+02 3.0046999E-01
3.7414001E+02 3.0045000E-01
3.7463000E+02 3.0078000E-01
3.7510999E+02 3.0091000E-01
3.7559000E+02 3.0129999E-01
3.7607001E+02 3.0208001E-01
3.7656000E+02 3.0256999E-01
3.7704001E+02 3.0298999E-01
3.7751999E+02 3.0375001E-01
3.7800000E+02 3.0463001E-01
3.7848001E+02 3.0579999E-01
3.7897000E+02 3.0754000E-01
3.7945001E+02 3.0943999E-01
3.7992999E+02 3.1103000E-01
3.8041000E+02 3.1255001E-01
3.8089001E+02 3.1483001E-01
3.8138000E+02 3.1758001E-01
3.8185999E+02 3.2031000E-01
3.8234000E+02 3.2275000E-01
3.8282001E+02 3.2560000E-01
3.8331000E+02 3.2969999E-01
3.8379001E+02 3.3383000E-01
3.8426999E+02 3.3792001E-01
3.8475000E+02 3.4259999E-01
3.8523001E+02 3.4722999E-01
3.8572000E+02 3.5124999E-01
3.8620001E+02 3.5611001E-01
3.8667999E+02 3.6241999E-01
3.8716000E+02 3.6754999E-01
3.8764999E+02 3.7246999E-01
3.8813000E+02 3.7832999E-01
3.8860999E+02 3.8334000E-01
3.8909000E+02 3.8812000E-01
3.8957001E+02 3.9346999E-01
3.9006000E+02 3.9886999E-01
3.9054001E+02 4.0332001E-01
3.9101999E+02 4.0730000E-01
3.9150000E+02 4.1169000E-01
3.9198001E+02 4.1525000E-01
3.9247000E+02 4.1782999E-01
3.9295001E+02 4.2010000E-01
3.9342999E+02 4.2184001E-01
3.9391000E+02 4.2298001E-01
3.9439999E+02 4.2379001E-01
3.9488000E+02 4.2425001E-01
3.9535999E+02 4.2399999E-01
3.9584000E+02 4.2324999E-01
3.9632001E+02 4.2252001E-01
3.9681000E+02 4.2177001E-01
3.9729001E+02 4.2085999E-01
3.9776999E+02 4.1960999E-01
3.9825000E+02 4.1847000E-01
3.9873001E+02 4.1729999E-01
3.9922000E+02 4.1553000E-01
3.9970001E+02 4.1406000E-01
4.0017999E+02 4.1281000E-01
4.0066000E+02 4.1150999E-01
4.0114999E+02 4.1005999E-01
4.0163000E+02 4.0838999E-01
4.0210999E+02 4.0759000E-01
4.0259000E+02 4.0698999E-01
4.0307001E+02 4.0535000E-01
4.0356000E+02 4.0325001E-01
4.0404001E+02 4.0154999E-01
4.0451999E+02 4.0005001E-01
4.0500000E+02 3.9840999E-01
4.0548001E+02 3.9627001E-01
4.0597000E+02 3.9333001E-01
4.0645001E+02 3.9041999E-01
4.0692999E+02 3.8801000E-01
4.0741000E+02 3.8575000E-01
4.0789999E+02 3.8328001E-01
4.0838000E+02 3.8067999E-01
4.0885999E+02 3.7830001E-01
4.0934000E+02 3.7586999E-01
4.0982001E+02 3.7297001E-01
4.1031000E+02 3.7028000E-01
4.1079001E+02 3.6794001E-01
4.1126999E+02 3.6491001E-01
4.1175000E+02 3.6190000E-01
4.1223001E+02 3.5962999E-01
4.1272000E+02 3.5731000E-01
4.1320001E+02 3.5477000E-01
4.1367999E+02 3.5218999E-01
4.1416000E+02 3.4987000E-01
4.1464999E+02 3.4784001E-01
4.1513000E+02 3.4581000E-01
4.1560999E+02 3.4347999E-01
4.1609000E+02 3.4099001E-01
4.1657001E+02 3.3899999E-01
4.1706000E+02 3.3680999E-01
4.1754001E+02 3.3412001E-01
4.1801999E+02 3.3212000E-01
4.1850000E+02 3.3024001E-01
4.1898001E+02 3.2826000E-01
4.1947000E+02 3.2668000E-01
4.1995001E+02 3.2479000E-01
4.2042999E+02 3.2267001E-01
4.2091000E+02 3.2086000E-01
4.2139999E+02 3.1920001E-01
4.2188000E+02 3.1718001E-01
4.2235999E+02 3.1490001E-01
4.2284000E+02 3.1283000E-01
4.2332001E+02 3.1073001E-01
4.2381000E+02 3.0864999E-01
4.2429001E+02 3.0699000E-01
4.2476999E+02 3.0530000E-01
4.2525000E+02 3.0289999E-01
4.2573001E+02 3.0041999E-01
4.2622000E+02 2.9863000E-01
4.2670001E+02 2.9675001E-01
4.2717999E+02 2.9436001E-01
4.2766000E+02 2.9225001E-01
4.2814999E+02 2.9043999E-01
4.2863000E+02 2.8852001E-01
4.2910999E+02 2.8654000E-01
4.2959000E+02 2.8468999E-01
4.3007001E+02 2.8294000E-01
4.3056000E+02 2.8092000E-01
4.3104001E+02 2.7875000E-01
4.3151999E+02 2.7684000E-01
4.3200000E+02 2.7504000E-01
4.3248001E+02 2.7311000E-01
4.3297000E+02 2.7129000E-01
4.3345001E+02 2.6951000E-01
4.3392999E+02 2.6754999E-01
4.3441000E+02 2.6574999E-01
4.3489999E+02 2.6420000E-01
4.3538000E+02 2.6254001E-01
4.3585999E+02 2.6049000E-01
4.3634000E+02 2.5839999E-01
4.3682001E+02 2.5681999E-01
4.3731000E+02 2.5512999E-01
4.3779001E+02 2.5317001E-01
4.3826999E+02 2.5152001E-01
4.3875000E+02 2.4969999E-01
4.3923001E+02 2.4777000E-01
4.3972000E+02 2.4625000E-01
4.4020001E+02 2.4469000E-01
4.4067999E+02 2.4311000E-01
4.4116000E+02 2.4168999E-01
4.4164999E+02 2.4049000E-01
4.4213000E+02 2.3932999E-01
4.4260999E+02 2.3815000E-01
4.4309000E+02 2.3723000E-01
4.4357001E+02 2.3632000E-01
4.4406000E+02 2.3514000E-01
4.4454001E+02 2.3411000E-01
4.4501999E+02 2.3339000E-01
4.4550000E+02 2.3242000E-01
4.4598001E+02 2.3131000E-01
4.4647000E+02 2.3056000E-01
4.4695001E+02 2.3022000E-01
4.4742999E+02 2.2971000E-01
4.4791000E+02 2.2906999E-01
4.4839999E+02 2.2872999E-01
4.4888000E+02 2.2823000E-01
4.4935999E+02 2.2763000E-01
4.4984000E+02 2.2700000E-01
4.5032001E+02 2.2645000E-01
4.5081000E+02 2.2597000E-01
4.5129001E+02 2.2541000E-01
4.5176999E+02 2.2524001E-01
4.5225000E+02 2.2494000E-01
4.5273001E+02 2.2426000E-01
4.5322000E+02 2.2363000E-01
4.5370001E+02 2.2323000E-01
4.5417999E+02 2.2280000E-01
4.5466000E+02 2.2228999E-01
4.5514999E+02 2.2211000E-01
4.5563000E+02 2.2181000E-01
4.5610999E+02 2.2142000E-01
4.5659000E+02 2.2139999E-01
4.5707001E+02 2.2141001E-01
4.5756000E+02 2.2125000E-01
4.5804001E+02 2.2109000E-01
4.5851999E+02 2.2126999E-01
4.5900000E+02 2.2156000E-01
4.5948001E+02 2.2155000E-01
4.5997000E+02 2.2149000E-01
4.6045001E+02 2.2168000E-01
4.6092999E+02 2.2204000E-01
4.6141000E+02 2.2226000E-01
4.6189999E+02 2.2242001E-01
4.6238000E+02 2.2273000E-01
4.6285999E+02 2.2303000E-01
4.6334000E+02 2.2349000E-01
4.6382001E+02 2.2423001E-01
4.6431000E+02 2.2499000E-01
4.6479001E+02 2.2542000E-01
4.6526999E+02 2.2556999E-01
4.6575000E+02 2.2621000E-01
4.6623001E+02 2.2728001E-01
4.6672000E+02 2.2815000E-01
4.6720001E+02 2.2921000E-01
4.6767999E+02 2.3052999E-01
4.6816000E+02 2.3140000E-01
4.6864999E+02 2.3227000E-01
4.6913000E+02 2.3410000E-01
4.6960999E+02 2.3638000E-01
4.7009000E+02 2.3837000E-01
4.7057001E+02 2.4056000E-01
4.7106000E+02 2.4335000E-01
4.7154001E+02 2.4616000E-01
4.7201999E+02 2.4913000E-01
4.7250000E+02 2.5332999E-01
4.7298001E+02 2.5810000E-01
4.7347000E+02 2.6234999E-01
4.7395001E+02 2.6672000E-01
4.7442999E+02 2.7158001E-01
4.7491000E+02 2.7689001E-01
4.7539999E+02 2.8253999E-01
4.7588000E+02 2.8823000E-01
4.7635999E+02 2.9433000E-01
4.7684000E+02 3.0078000E-01
4.7732001E+02 3.0730999E-01
4.7781000E+02 3.1382000E-01
4.7829001E+02 3.2010999E-01
4.7876999E+02 3.2624999E-01
4.7925000E+02 3.3243999E-01
4.7973001E+02 3.3919999E-01
4.8022000E+02 3.4570000E-01
4.8070001E+02 3.5194999E-01
4.8117999E+02 3.5870999E-01
4.8166000E+02 3.6469001E-01
4.8214999E+02 3.7022001E-01
4.8263000E+02 3.7605000E-01
4.8310999E+02 3.8176000E-01
4.8359000E+02 3.8743001E-01
4.8407001E+02 3.9286000E-01
4.8456000E+02 3.9804000E-01
4.8504001E+02 4.0274000E-01
4.8551999E+02 4.0705001E-01
4.8600000E+02 4.1089001E-01
4.8648001E+02 4.1426000E-01
4.8697000E+02 4.1839999E-01
4.8745001E+02 4.2254999E-01
4.8792999E+02 4.2501000E-01
4.8841000E+02 4.2692000E-01
4.8889999E+02 4.2903000E-01
4.8938000E+02 4.2993000E-01
4.8985999E+02 4.3040001E-01
4.9034000E+02 4.3160000E-01
4.9082001E+02 4.3235001E-01
4.9131000E+02 4.3246999E-01
4.9179001E+02 4.3213999E-01
4.9226999E+02 4.3155000E-01
4.9275000E+02 4.3156999E-01
4.9323001E+02 4.3098000E-01
4.9372000E+02 4.2862001E-01
4.9420001E+02 4.2659000E-01
4.9467999E+02 4.2594001E-01
4.9516000E+02 4.2491001E-01
4.9564999E+02 4.2335999E-01
4.9613000E+02 4.2219999E-01
4.9660999E+02 4.2098001E-01
4.9709000E+02 4.1975999E-01
4.9757001E+02 4.1885999E-01
4.9806000E+02 4.1776001E-01
4.9854001E+02 4.1664001E-01
4.9901999E+02 4.1565001E-01
4.9950000E+02 4.1503000E-01
4.9998001E+02 4.1514999E-01
5.0047000E+02 4.1569000E-01
5.0095001E+02 4.1582000E-01
5.0142999E+02 4.1534999E-01
5.0191000E+02 4.1567999E-01
5.0239999E+02 4.1661000E-01
5.0288000E+02 4.1755000E-01
5.0335999E+02 4.1867000E-01
5.0384000E+02 4.1971999E-01
5.0432001E+02 4.2078000E-01
5.0481000E+02 4.2162001E-01
5.0529001E+02 4.2355999E-01
5.0576999E+02 4.2591000E-01
5.0625000E+02 4.2697001E-01
5.0673001E+02 4.2879000E-01
5.0722000E+02 4.3035001E-01
5.0770001E+02 4.3009999E-01
5.0817999E+02 4.3068999E-01
5.0866000E+02 4.3272999E-01
5.0914999E+02 4.3463001E-01
5.0963000E+02 4.3625000E-01
5.1010999E+02 4.3812999E-01
5.1059000E+02 4.3972999E-01
5.1107001E+02 4.4137001E-01
5.1156000E+02 4.4384000E-01
5.1203998E+02 4.4654000E-01
5.1252002E+02 4.4874001E-01
5.1300000E+02 4.4999000E-01
5.1348999E+02 4.5104000E-01
5.1396997E+02 4.5271000E-01
5.1445001E+02 4.5433000E-01
5.1492999E+02 4.5526999E-01
5.1540997E+02 4.5605001E-01
5.1590002E+02 4.5736000E-01
5.1638000E+02 4.5795000E-01
5.1685999E+02 4.5705000E-01
5.1734003E+02 4.5655000E-01
5.1782001E+02 4.5600000E-01
5.1831000E+02 4.5526999E-01
5.1878998E+02 4.5513999E-01
5.1927002E+02 4.5438001E-01
5.1975000E+02 4.5269999E-01
5.2023999E+02 4.5130000E-01
5.2071997E+02 4.5061001E-01
5.2120001E+02 4.4977999E-01
5.2167999E+02 4.4834000E-01
5.2215997E+02 4.4725999E-01
5.2265002E+02 4.4624001E-01
5.2313000E+02 4.4485000E-01
5.2360999E+02 4.4352999E-01
5.2409003E+02 4.4215000E-01
5.2457001E+02 4.4084999E-01
5.2506000E+02 4.3910000E-01
5.2553998E+02 4.3669000E-01
5.2602002E+02 4.3481001E-01
5.2650000E+02 4.3322000E-01
5.2698999E+02 4.3131000E-01
5.2746997E+02 4.2967999E-01
5.2795001E+02 4.2783001E-01
5.2842999E+02 4.2559999E-01
5.2890997E+02 4.2344001E-01
5.2940002E+02 4.2111000E-01
5.2988000E+02 4.1845000E-01
5.3035999E+02 4.1558999E-01
5.3084003E+02 4.1323999E-01
5.3132001E+02 4.1104999E-01
5.3181000E+02 4.0860000E-01
5.3228998E+02 4.0641999E-01
5.3277002E+02 4.0391999E-01
5.3325000E+02 4.0127999E-01
5.3373999E+02 3.9881000E-01
5.3421997E+02 3.9577001E-01
5.3470001E+02 3.9210001E-01
5.3517999E+02 3.8852999E-01
5.3565997E+02 3.8582000E-01
5.3615002E+02 3.8336000E-01
5.3663000E+02 3.8040999E-01
5.3710999E+02 3.7715000E-01
5.3759003E+02 3.7377000E-01
5.3807001E+02 3.7026000E-01
5.3856000E+02 3.6634001E-01
5.3903998E+02 3.6289999E-01
5.3952002E+02 3.6052001E-01
5.4000000E+02 3.5740000E-01
5.4048999E+02 3.5310000E-01
5.4096997E+02 3.4885001E-01
5.4145001E+02 3.4485999E-01
5.4192999E+02 3.4064999E-01
5.4240997E+02 3.3665001E-01
5.4290002E+02 3.3349001E-01
5.4338000E+02 3.2997999E-01
5.4385999E+02 3.2523999E-01
5.4434003E+02 3.2106999E-01
5.4482001E+02 3.1804001E-01
5.4531000E+02 3.1415999E-01
5.4578998E+02 3.0960000E-01
5.4627002E+02 3.0570999E-01
5.4675000E+02 3.0138001E-01
5.4723999E+02 2.9682001E-01
5.4771997E+02 2.9374999E-01
5.4820001E+02 2.9030001E-01
5.4867999E+02 2.8551999E-01
5.4915997E+02 2.8121999E-01
5.4965002E+02 2.7691001E-01
5.5013000E+02 2.7241999E-01
5.5060999E+02 2.6927000E-01
5.5109003E+02 2.6732999E-01
5.5157001E+02 2.6442999E-01
5.5206000E+02 2.6003999E-01
5.5253998E+02 2.5573999E-01
5.5302002E+02 2.5211999E-01
5.5350000E+02 2.4920000E-01
5.5398999E+02 2.4619000E-01
5.5446997E+02 2.4263000E-01
5.5495001E+02 2.3968001E-01
5.5542999E+02 2.3729999E-01
5.5590997E+02 2.3459999E-01
5.5640002E+02 2.3162000E-01
5.5688000E+02 2.2861999E-01
5.5735999E+02 2.2559001E-01
5.5784003E+02 2.2316000E-01
5.5832001E+02 2.2125000E-01
5.5881000E+02 2.1877000E-01
5.5928998E+02 2.1627000E-01
5.5977002E+02 2.1433000E-01
5.6025000E+02 2.1234000E-01
5.6073999E+02 2.1055000E-01
5.6121997E+02 2.0874999E-01
5.6170001E+02 2.0651001E-01
5.6217999E+02 2.0457999E-01
5.6265997E+02 2.0279001E-01
5.6315002E+02 2.0099001E-01
5.6363000E+02 1.9967000E-01
5.6410999E+02 1.9825000E-01
5.6459003E+02 1.9662000E-01
5.6507001E+02 1.9554000E-01
5.6556000E+02 1.9471000E-01
5.6603998E+02 1.9382000E-01
5.6652002E+02 1.9314000E-01
5.6700000E+02 1.9253001E-01
5.6748999E+02 1.9190000E-01
5.6796997E+02 1.9124000E-01
5.6845001E+02 1.9119000E-01
5.6892999E+02 1.9169000E-01
5.6940997E+02 1.9183999E-01
5.6990002E+02 1.9223000E-01
5.7038000E+02 1.9294000E-01
5.7085999E+02 1.9370000E-01
5.7134003E+02 1.9509000E-01
5.7182001E+02 1.9675000E-01
5.7231000E+02 1.9881999E-01
5.7278998E+02 2.0102000E-01
5.7327002E+02 2.0271000E-01
5.7375000E+02 2.0474000E-01
5.7423999E+02 2.0727000E-01
5.7471997E+02 2.0988999E-01
5.7520001E+02 2.1233000E-01
5.7567999E+02 2.1484999E-01
5.7615997E+02 2.1784000E-01
5.7665002E+02 2.2032000E-01
5.7713000E+02 2.2330000E-01
5.7760999E+02 2.2680999E-01
5.7809003E+02 2.2890000E-01
5.7857001E+02 2.3098999E-01
5.7906000E+02 2.3383000E-01
5.7953998E+02 2.3675001E-01
5.8002002E+02 2.3978999E-01
5.8050000E+02 2.4233000E-01
5.8098999E+02 2.4457000E-01
5.8146997E+02 2.4714001E-01
5.8195001E+02 2.5007999E-01
5.8242999E+02 2.5270000E-01
5.8290997E+02 2.5507000E-01
5.8340002E+02 2.5724000E-01
5.8388000E+02 2.5909001E-01
5.8435999E+02 2.6089999E-01
5.8484003E+02 2.6227000E-01
5.8532001E+02 2.6366001E-01
5.8581000E+02 2.6530001E-01
5.8628998E+02 2.6697001E-01
5.8677002E+02 2.6817000E-01
5.8725000E+02 2.6888999E-01
5.8773999E+02 2.7000999E-01
5.8821997E+02 2.7079999E-01
5.8870001E+02 2.7109000E-01
5.8917999E+02 2.7193999E-01
5.8965997E+02 2.7272999E-01
5.9015002E+02 2.7265000E-01
5.9063000E+02 2.7243999E-01
5.9110999E+02 2.7289999E-01
5.9159003E+02 2.7337000E-01
5.9207001E+02 2.7276999E-01
5.9256000E+02 2.7226001E-01
5.9303998E+02 2.7265000E-01
5.9352002E+02 2.7250999E-01
5.9400000E+02 2.7200001E-01
5.9448999E+02 2.7179000E-01
5.9496997E+02 2.7133000E-01
5.9545001E+02 2.7015999E-01
5.9592999E+02 2.6918000E-01
5.9640997E+02 2.6839000E-01
5.9690002E+02 2.6780000E-01
5.9738000E+02 2.6815000E-01
5.9785999E+02 2.6751000E-01
5.9834003E+02 2.6559001E-01
5.9882001E+02 2.6414001E-01
5.9931000E+02 2.6350999E-01
5.9978998E+02 2.6249999E-01
6.0027002E+02 2.6060000E-01
6.0075000E+02 2.5928000E-01
6.0123999E+02 2.5819999E-01
6.0171997E+02 2.5687000E-01
6.0220001E+02 2.5540000E-01
6.0267999E+02 2.5367001E-01
6.0315997E+02 2.5216001E-01
6.0365002E+02 2.5090000E-01
6.0413000E+02 2.4924000E-01
6.0460999E+02 2.4789999E-01
6.0509003E+02 2.4718000E-01
6.0557001E+02 2.4564999E-01
6.0606000E+02 2.4339999E-01
6.0653998E+02 2.4118000E-01
6.0702002E+02 2.3958001E-01
6.0750000E+02 2.3779000E-01
6.0798999E+02 2.3510000E-01
6.0846997E+02 2.3309000E-01
6.0895001E+02 2.3105000E-01
6.0942999E+02 2.2834000E-01
6.0990997E+02 2.2631000E-01
6.1040002E+02 2.2465000E-01
6.1088000E+02 2.2169000E-01
6.1135999E+02 2.1942000E-01
6.1184003E+02 2.1872000E-01
6.1232001E+02 2.1592000E-01
6.1281000E+02 2.1255000E-01
6.1328998E+02 2.1055999E-01
6.1377002E+02 2.0810001E-01
6.1425000E+02 2.0517001E-01
6.1473999E+02 2.0285000E-01
6.1521997E+02 2.0104000E-01
6.1570001E+02 1.9878000E-01
6.1617999E+02 1.9629000E-01
6.1665997E+02 1.9310001E-01
6.1715002E+02 1.8986000E-01
6.1763000E+02 1.8742000E-01
6.1810999E+02 1.9453000E-01
6.1859003E+02 1.9284999E-01
6.1907001E+02 1.9047999E-01
6.1954999E+02 1.8814000E-01
6.2003998E+02 1.8661000E-01
6.2052002E+02 1.8424000E-01
6.2100000E+02 1.8183000E-01
6.2147998E+02 1.8046001E-01
6.2196002E+02 1.7844000E-01
6.2245001E+02 1.7613000E-01
6.2292999E+02 1.7456999E-01
6.2340997E+02 1.7246000E-01
6.2389001E+02 1.7027999E-01
6.2437000E+02 1.6903999E-01
6.2485999E+02 1.6681001E-01
6.2534003E+02 1.6457000E-01
6.2582001E+02 1.6402000E-01
6.2629999E+02 1.6236000E-01
6.2678998E+02 1.6001999E-01
6.2727002E+02 1.5871000E-01
6.2775000E+02 1.5672000E-01
6.2822998E+02 1.5489000E-01
6.2871002E+02 1.5408000E-01
6.2920001E+02 1.5222000E-01
6.2967999E+02 1.5005000E-01
6.3015997E+02 1.4928000E-01
6.3064001E+02 1.4825000E-01
6.3112000E+02 1.4658000E-01
6.3160999E+02 1.4533000E-01
6.3209003E+02 1.4360000E-01
6.3257001E+02 1.4184999E-01
6.3304999E+02 1.4126000E-01
6.3353998E+02 1.4021000E-01
6.3402002E+02 1.3837001E-01
6.3450000E+02 1.3767000E-01
6.3497998E+02 1.3673000E-01
6.3546002E+02 1.3436000E-01
6.3595001E+02 1.3348000E-01
6.3642999E+02 1.3304000E-01
6.3690997E+02 1.3115001E-01
6.3739001E+02 1.3019000E-01
6.3787000E+02 1.2943999E-01
6.3835999E+02 1.2781000E-01
6.3884003E+02 1.2726000E-01
6.3932001E+02 1.2653001E-01
6.3979999E+02 1.2472000E-01
6.4028998E+02 1.2401000E-01
6.4077002E+02 1.2355000E-01
6.4125000E+02 1.2212000E-01
6.4172998E+02 1.2131000E-01
6.4221002E+02 1.2067000E-01
6.4270001E+02 1.1908000E-01
6.4317999E+02 1.1818000E-01
6.4365997E+02 1.1791000E-01
6.4414001E+02 1.1632000E-01
6.4462000E+02 1.1525000E-01
6.4510999E+02 1.1520000E-01
6.4559003E+02 1.1376000E-01
6.4607001E+02 1.1269000E-01
6.4654999E+02 1.1278000E-01
6.4703998E+02 1.1166000E-01
6.4752002E+02 1.1042000E-01
6.4800000E+02 1.1012000E-01
6.4847998E+02 1.0893000E-01
6.4896002E+02 1.0789000E-01
6.4945001E+02 1.0818000E-01
6.4992999E+02 1.0719000E-01
6.5040997E+02 1.0583000E-01
6.5089001E+02 1.0574000E-01
6.5137000E+02 1.0473000E-01
6.5185999E+02 1.0374000E-01
6.5234003E+02 1.0373000E-01
6.5282001E+02 1.0271000E-01
6.5329999E+02 1.0160000E-01
6.5378998E+02 1.0138000E-01
6.5427002E+02 1.0047000E-01
6.5475000E+02 9.9324003E-02
6.5522998E+02 9.9133000E-02
6.5571002E+02 9.8292999E-02
6.5620001E+02 9.6946999E-02
6.5667999E+02 9.6951000E-02
6.5715997E+02 9.6596003E-02
6.5764001E+02 9.5279999E-02
6.5812000E+02 9.5013000E-02
6.5860999E+02 9.4466999E-02
6.5909003E+02 9.2955999E-02
6.5957001E+02 9.2786998E-02
6.6004999E+02 9.2707001E-02
6.6053998E+02 9.1564000E-02
6.6102002E+02 9.1471002E-02
6.6150000E+02 9.1173001E-02
6.6197998E+02 8.9680001E-02
6.6246002E+02 8.9332998E-02
6.6295001E+02 8.9097999E-02
6.6342999E+02 8.8124000E-02
6.6390997E+02 8.8196002E-02
6.6439001E+02 8.8083997E-02
6.6487000E+02 8.7089002E-02
6.6535999E+02 8.6866997E-02
6.6584003E+02 8.6796001E-02
6.6632001E+02 8.5937999E-02
6.6679999E+02 8.5657999E-02
6.6728998E+02 8.5781999E-02
6.6777002E+02 8.4919997E-02
6.6825000E+02 8.4422000E-02
6.6872998E+02 8.4453002E-02
6.6921002E+02 8.3462000E-02
6.6970001E+02 8.2861997E-02
6.7017999E+02 8.3039999E-02
6.7065997E+02 8.2036003E-02
6.7114001E+02 8.1164002E-02
6.7162000E+02 8.1173003E-02
6.7210999E+02 8.0182001E-02
6.7259003E+02 7.9572998E-02
6.7307001E+02 7.9471000E-02
6.7354999E+02 7.7919997E-02
6.7403998E+02 7.6972999E-02
6.7452002E+02 7.7031001E-02
6.7500000E+02 7.5750999E-02
6.7547998E+02 7.4711002E-02
6.7596002E+02 7.5000003E-02
6.7645001E+02 7.4413002E-02
6.7692999E+02 7.3417999E-02
6.7740997E+02 7.3333003E-02
6.7789001E+02 7.2595999E-02
6.7837000E+02 7.1350999E-02
6.7885999E+02 7.1039997E-02
6.7934003E+02 7.0253000E-02
6.7982001E+02 6.9089003E-02
6.8029999E+02 6.9284000E-02
6.8078998E+02 6.9141999E-02
6.8127002E+02 6.8163998E-02
6.8175000E+02 6.8132997E-02
6.8222998E+02 6.7741998E-02
6.8271002E+02 6.6763997E-02
6.8320001E+02 6.6932999E-02
6.8367999E+02 6.6483997E-02
6.8415997E+02 6.5426998E-02
6.8464001E+02 6.5760002E-02
6.8512000E+02 6.5320000E-02
6.8560999E+02 6.4102001E-02
6.8609003E+02 6.4289004E-02
6.8657001E+02 6.3933000E-02
6.8704999E+02 6.2742002E-02
6.8753998E+02 6.2760003E-02
6.8802002E+02 6.2609002E-02
6.8850000E+02 6.1457999E-02
6.8897998E+02 6.1239999E-02
6.8946002E+02 6.1248999E-02
6.8995001E+02 6.0169000E-02
6.9042999E+02 5.9973001E-02
6.9090997E+02 6.0341999E-02
6.9139001E+02 5.9289001E-02
6.9187000E+02 5.8871001E-02
6.9235999E+02 5.9298001E-02
6.9284003E+02 5.8044001E-02
6.9332001E+02 5.7248998E-02
6.9379999E+02 5.7640001E-02
6.9428998E+02 5.6501999E-02
6.9477002E+02 5.5813000E-02
6.9525000E+02 5.6315999E-02
6.9572998E+02 5.5364002E-02
6.9621002E+02 5.4747000E-02
6.9670001E+02 5.5137999E-02
6.9717999E+02 5.4124001E-02
6.9765997E+02 5.3266998E-02
6.9814001E+02 5.3649001E-02
6.9862000E+02 5.3040002E-02
6.9910999E+02 5.2283999E-02
6.9959003E+02 5.2692998E-02
7.0007001E+02 5.2253000E-02
7.0054999E+02 5.1431000E-02
7.0103998E+02 5.1702000E-02
7.0152002E+02 5.1116001E-02
7.0200000E+02 5.0186999E-02
7.0247998E+02 5.0627001E-02
7.0296002E+02 5.0283998E-02
7.0345001E+02 4.9369000E-02
7.0392999E+02 4.9693000E-02
7.0440997E+02 4.9182002E-02
7.0489001E+02 4.8076000E-02
7.0537000E+02 4.8381999E-02
7.0585999E+02 4.8062000E-02
7.0634003E+02 4.7222000E-02
7.0682001E+02 4.7435999E-02
7.0729999E+02 4.6916001E-02
7.0778998E+02 4.6204001E-02
7.0827002E+02 4.6537999E-02
7.0875000E+02 4.6163999E-02
7.0922998E+02 4.5412999E-02
7.0971002E+02 4.5471001E-02
7.1020001E+02 4.5209002E-02
7.1067999E+02 4.4507001E-02
7.1115997E+02 4.4507001E-02
7.1164001E+02 4.4399001E-02
7.1212000E+02 4.3471999E-02
7.1260999E+02 4.3306001E-02
7.1309003E+02 4.3419000E-02
7.1357001E+02 4.2580999E-02
7.1404999E+02 4.2537998E-02
7.1453998E+02 4.2741999E-02
7.1502002E+02 4.1940998E-02
7.1550000E+02 4.1843999E-02
7.1597998E+02 4.1838001E-02
7.1646002E+02 4.1014999E-02
7.1695001E+02 4.0872000E-02
7.1742999E+02 4.0982001E-02
7.1790997E+02 4.0424000E-02
7.1839001E+02 4.0291999E-02
7.1887000E+02 4.0429998E-02
7.1935999E+02 3.9827999E-02
7.1984003E+02 3.9581001E-02
7.2032001E+02 3.9600000E-02
7.2079999E+02 3.8956001E-02
7.2128998E+02 3.8807999E-02
7.2177002E+02 3.8892999E-02
7.2225000E+02 3.8472001E-02
7.2272998E+02 3.8295999E-02
7.2321002E+02 3.8297001E-02
7.2370001E+02 3.7980001E-02
7.2417999E+02 3.7827998E-02
7.2465997E+02 3.8022000E-02
7.2514001E+02 3.7629001E-02
7.2562000E+02 3.7184000E-02
7.2610999E+02 3.7284002E-02
7.2659003E+02 3.6929000E-02
7.2707001E+02 3.6603998E-02
7.2754999E+02 3.6888000E-02
7.2803998E+02 3.6587000E-02
7.2852002E+02 3.6104001E-02
7.2900000E+02 3.6472000E-02
7.2947998E+02 3.6331002E-02
7.2996002E+02 3.5859000E-02
7.3045001E+02 3.6088999E-02
7.3092999E+02 3.5976999E-02
7.3140997E+02 3.5767999E-02
7.3189001E+02 3.5852000E-02
7.3238000E+02 3.5493001E-02
7.3285999E+02 3.5335999E-02
7.3334003E+02 3.5700001E-02
7.3382001E+02 3.5549998E-02
7.3429999E+02 3.5250999E-02
7.3478998E+02 3.5439000E-02
7.3527002E+02 3.5296999E-02
7.3575000E+02 3.4905002E-02
7.3622998E+02 3.4937002E-02
7.3671002E+02 3.4883000E-02
7.3720001E+02 3.4672000E-02
7.3767999E+02 3.4915999E-02
7.3815997E+02 3.4917001E-02
7.3864001E+02 3.4524001E-02
7.3913000E+02 3.4715999E-02
7.3960999E+02 3.4798998E-02
7.4009003E+02 3.4389000E-02
7.4057001E+02 3.4499999E-02
7.4104999E+02 3.4517001E-02
7.4153998E+02 3.4111001E-02
7.4202002E+02 3.4338001E-02
7.4250000E+02 3.4403000E-02
7.4297998E+02 3.4065999E-02
7.4346002E+02 3.4260001E-02
7.4395001E+02 3.4116998E-02
7.4442999E+02 3.3787999E-02
7.4490997E+02 3.4107000E-02
7.4539001E+02 3.4173001E-02
7.4588000E+02 3.3953998E-02
7.4635999E+02 3.4187999E-02
7.4684003E+02 3.4285001E-02
7.4732001E+02 3.4006000E-02
7.4779999E+02 3.4143999E-02
7.4828998E+02 3.4272999E-02
7.4877002E+02 3.3992998E-02
7.4925000E+02 3.4212999E-02
7.4972998E+02 3.4494001E-02
7.5021002E+02 3.4272999E-02
7.5070001E+02 3.4511000E-02
7.5117999E+02 3.4855999E-02
7.5165997E+02 3.4611002E-02
7.5214001E+02 3.4750000E-02
7.5263000E+02 3.5092000E-02
7.5310999E+02 3.4896001E-02
7.5359003E+02 3.5126999E-02
7.5407001E+02 3.5491999E-02
7.5454999E+02 3.5202999E-02
7.5503998E+02 3.5411000E-02
7.5552002E+02 3.5827000E-02
7.5600000E+02 3.5583999E-02
7.5647998E+02 3.5739001E-02
7.5696002E+02 3.6130998E-02
7.5745001E+02 3.5948999E-02
7.5792999E+02 3.6036000E-02
7.5840997E+02 3.6387000E-02
7.5889001E+02 3.6247000E-02
7.5938000E+02 3.6249001E-02
7.5985999E+02 3.6516000E-02
7.6034003E+02 3.6350001E-02
7.6082001E+02 3.6396001E-02
7.6129999E+02 3.6807999E-02
7.6178998E+02 3.6690000E-02
7.6227002E+02 3.6754999E-02
7.6275000E+02 3.7223998E-02
7.6322998E+02 3.7011001E-02
7.6371002E+02 3.6984000E-02
7.6420001E+02 3.7475001E-02
7.6467999E+02 3.7342001E-02
7.6515997E+02 3.7471000E-02
7.6564001E+02 3.8102001E-02
7.6613000E+02 3.8100999E-02
7.6660999E+02 3.8215999E-02
7.6709003E+02 3.8720999E-02
7.6757001E+02 3.8683001E-02
7.6804999E+02 3.8677000E-02
7.6853998E+02 3.9138999E-02
7.6902002E+02 3.9262000E-02
7.6950000E+02 3.9186001E-02
7.6997998E+02 3.9512999E-02
7.7046002E+02 3.9701998E-02
7.7095001E+02 3.9705001E-02
7.7142999E+02 4.0277001E-02
7.7190997E+02 4.0651001E-02
7.7239001E+02 4.0606000E-02
7.7288000E+02 4.1127000E-02
7.7335999E+02 4.1407999E-02
7.7384003E+02 4.1395999E-02
7.7432001E+02 4.2038999E-02
7.7479999E+02 4.2389002E-02
7.7528998E+02 4.2445000E-02
7.7577002E+02 4.3051999E-02
7.7625000E+02 4.3347999E-02
7.7672998E+02 4.3384001E-02
7.7721002E+02 4.4052001E-02
7.7770001E+02 4.4551000E-02
7.7817999E+02 4.4684000E-02
7.7865997E+02 4.5302000E-02
7.7914001E+02 4.5697998E-02
7.7963000E+02 4.5759998E-02
7.8010999E+02 4.6436001E-02
7.8059003E+02 4.6867002E-02
7.8107001E+02 4.6937998E-02
7.8154999E+02 4.7506999E-02
7.8203998E+02 4.7853000E-02
7.8252002E+02 4.7858000E-02
7.8300000E+02 4.8404001E-02
7.8347998E+02 4.8990998E-02
7.8396002E+02 4.8955999E-02
7.8445001E+02 4.9279999E-02
7.8492999E+02 4.9835999E-02
7.8540997E+02 4.9791001E-02
7.8589001E+02 5.0097998E-02
7.8638000E+02 5.0680000E-02
7.8685999E+02 5.0728999E-02
7.8734003E+02 5.1093001E-02
7.8782001E+02 5.1626999E-02
7.8829999E+02 5.1600002E-02
7.8878998E+02 5.2080002E-02
7.8927002E+02 5.2800000E-02
7.8975000E+02 5.2733000E-02
7.9022998E+02 5.3142000E-02
7.9071002E+02 5.3870998E-02
7.9120001E+02 5.3947002E-02
7.9167999E+02 5.4533001E-02
7.9215997E+02 5.5271000E-02
7.9264001E+02 5.5293001E-02
7.9313000E+02 5.5679999E-02
7.9360999E+02 5.6387000E-02
7.9409003E+02 5.6618001E-02
7.9457001E+02 5.6956001E-02
7.9504999E+02 5.7573002E-02
7.9553998E+02 5.7875998E-02
7.9602002E+02 5.8476001E-02
7.9650000E+02 5.9466999E-02
7.9697998E+02 5.9831001E-02
7.9746002E+02 6.0338002E-02
7.9795001E+02 6.1292998E-02
7.9842999E+02 6.1404001E-02
7.9890997E+02 6.1519999E-02
7.9939001E+02 6.2507004E-02
7.9988000E+02 6.2946998E-02
8.0035999E+02 6.3298002E-02
8.0084003E+02 6.4461999E-02
8.0132001E+02 6.4857997E-02
8.0179999E+02 6.5119997E-02
8.0228998E+02 6.6338003E-02
8.0277002E+02 6.6849001E-02
8.0325000E+02 6.7341998E-02
8.0372998E+02 6.8710998E-02
8.0421002E+02 6.9257997E-02
8.0470001E+02 6.9564000E-02
8.0517999E+02 7.0702001E-02
8.0565997E+02 7.1418002E-02
8.0614001E+02 7.1892999E-02
8.0663000E+02 7.3013000E-02
8.0710999E+02 7.3844001E-02
8.0759003E+02 7.4307002E-02
8.0807001E+02 7.5556003E-02
8.0854999E+02 7.6670997E-02
8.0903998E+02 7.7173002E-02
8.0952002E+02 7.8582004E-02
8.1000000E+02 7.9866998E-02
8.1047998E+02 8.0316000E-02
8.1096002E+02 8.1772998E-02
8.1145001E+02 8.3249003E-02
8.1192999E+02 8.3995998E-02
8.1240997E+02 8.5639998E-02
8.1289001E+02 8.7076001E-02
8.1338000E+02 8.7843999E-02
8.1385999E+02 8.9711003E-02
8.1434003E+02 9.1523997E-02
8.1482001E+02 9.2479996E-02
8.1529999E+02 9.4439998E-02
8.1578998E+02 9.6470997E-02
8.1627002E+02 9.7603999E-02
8.1675000E+02 9.9817999E-02
8.1722998E+02 1.0224000E-01
8.1771002E+02 1.0373000E-01
8.1820001E+02 1.0604000E-01
8.1867999E+02 1.0876000E-01
8.1915997E+02 1.1059000E-01
8.1964001E+02 1.1315000E-01
8.2013000E+02 1.1643000E-01
8.2060999E+02 1.1856000E-01
8.2109003E+02 1.2138000E-01
8.2157001E+02 1.2515999E-01
8.2204999E+02 1.2778001E-01
8.2253998E+02 1.3128000E-01
8.2302002E+02 1.3576999E-01
8.2350000E+02 1.3900000E-01
8.2397998E+02 1.4287999E-01
8.2446997E+02 1.2220000E-01
8.2495001E+02 1.2654001E-01
8.2542999E+02 1.3259999E-01
8.2591998E+02 1.3700999E-01
8.2640002E+02 1.4242999E-01
8.2688000E+02 1.4967000E-01
8.2735999E+02 1.5576001E-01
8.2784003E+02 1.6277000E-01
8.2833002E+02 1.7166001E-01
8.2881000E+02 1.7948000E-01
8.2928998E+02 1.8811999E-01
8.2977002E+02 1.9886000E-01
8.3025000E+02 2.0822001E-01
8.3073999E+02 2.1817000E-01
8.3121997E+02 2.3051000E-01
8.3170001E+02 2.4132000E-01
8.3217999E+02 2.5187001E-01
8.3266998E+02 2.6389000E-01
8.3315002E+02 2.7375001E-01
8.3363000E+02 2.8209001E-01
8.3410999E+02 2.9093000E-01
8.3459003E+02 2.9703999E-01
8.3508002E+02 3.0059999E-01
8.3556000E+02 3.0414999E-01
8.3603998E+02 3.0425000E-01
8.3652002E+02 3.0125999E-01
8.3700000E+02 2.9890999E-01
8.3748999E+02 2.9381001E-01
8.3796997E+02 2.8595001E-01
8.3845001E+02 2.7915999E-01
8.3892999E+02 2.7124000E-01
8.3941998E+02 2.6229000E-01
8.3990002E+02 2.5549001E-01
8.4038000E+02 2.4857000E-01
8.4085999E+02 2.4097000E-01
8.4134003E+02 2.3621000E-01
8.4183002E+02 2.3213001E-01
8.4231000E+02 2.2724000E-01
8.4278998E+02 2.2510000E-01
8.4327002E+02 2.2379000E-01
8.4375000E+02 2.2156000E-01
8.4423999E+02 2.2189000E-01
8.4471997E+02 2.2313000E-01
8.4520001E+02 2.2295000E-01
8.4567999E+02 2.2477999E-01
8.4616998E+02 2.2753000E-01
8.4665002E+02 2.2855000E-01
8.4713000E+02 2.3172000E-01
8.4760999E+02 2.3635000E-01
8.4809003E+02 2.3899999E-01
8.4858002E+02 2.4307001E-01
8.4906000E+02 2.4801999E-01
8.4953998E+02 2.5106001E-01
8.5002002E+02 2.5567999E-01
8.5050000E+02 2.6133001E-01
8.5098999E+02 2.6504999E-01
8.5146997E+02 2.6978001E-01
8.5195001E+02 2.7605999E-01
8.5242999E+02 2.8081000E-01
8.5291998E+02 2.8608999E-01
8.5340002E+02 2.9277000E-01
8.5388000E+02 2.9798001E-01
8.5435999E+02 3.0388001E-01
8.5484003E+02 3.1134000E-01
8.5533002E+02 3.1720001E-01
8.5581000E+02 3.2324001E-01
8.5628998E+02 3.3103999E-01
8.5677002E+02 3.3794001E-01
8.5725000E+02 3.4529999E-01
8.5773999E+02 3.5461000E-01
8.5821997E+02 3.6263999E-01
8.5870001E+02 3.7055001E-01
8.5917999E+02 3.8051999E-01
8.5966998E+02 3.8955000E-01
8.6015002E+02 3.9849001E-01
8.6063000E+02 4.0964001E-01
8.6110999E+02 4.1995999E-01
8.6159003E+02 4.2976001E-01
8.6208002E+02 4.4176000E-01
8.6256000E+02 4.5342001E-01
8.6303998E+02 4.6434000E-01
8.6352002E+02 4.7707999E-01
8.6400000E+02 4.8947999E-01
8.6448999E+02 5.0093001E-01
8.6496997E+02 5.1431000E-01
8.6545001E+02 5.2758002E-01
8.6592999E+02 5.3956002E-01
8.6641998E+02 5.5274999E-01
8.6690002E+02 5.6576002E-01
8.6738000E+02 5.7789999E-01
8.6785999E+02 5.9167999E-01
8.6834003E+02 6.0509002E-01
8.6883002E+02 6.1584997E-01
8.6931000E+02 6.2805998E-01
8.6978998E+02 6.4133000E-01
8.7027002E+02 6.5250999E-01
8.7075000E+02 6.6472000E-01
8.7123999E+02 6.7733997E-01
8.7171997E+02 6.8826997E-01
8.7220001E+02 6.9994003E-01
8.7267999E+02 7.1166998E-01
8.7316998E+02 7.2163999E-01
8.7365002E+02 7.3211002E-01
8.7413000E+02 7.4277002E-01
8.7460999E+02 7.5142002E-01
8.7509003E+02 7.6071000E-01
8.7558002E+02 7.7023000E-01
8.7606000E+02 7.7741998E-01
8.7653998E+02 7.8522003E-01
8.7702002E+02 7.9408002E-01
8.7750000E+02 8.0138999E-01
8.7798999E+02 8.0826002E-01
8.7846997E+02 8.1559998E-01
8.7895001E+02 8.2143998E-01
8.7942999E+02 8.2630998E-01
8.7991998E+02 8.3183002E-01
8.8040002E+02 8.3554000E-01
8.8088000E+02 8.3863002E-01
8.8135999E+02 8.4285998E-01
8.8184003E+02 8.4490001E-01
8.8233002E+02 8.4772998E-01
8.8281000E+02 8.5181999E-01
8.8328998E+02 8.5268003E-01
8.8377002E+02 8.5320002E-01
8.8426001E+02 8.5438001E-01
8.8473999E+02 8.5448003E-01
8.8521997E+02 8.5474998E-01
8.8570001E+02 8.5566002E-01
8.8617999E+02 8.5587001E-01
8.8666998E+02 8.5505003E-01
8.8715002E+02 8.5483003E-01
8.8763000E+02 8.5472000E-01
8.8810999E+02 8.5339999E-01
8.8859003E+02 8.5207999E-01
8.8908002E+02 8.5092998E-01
8.8956000E+02 8.4899998E-01
8.9003998E+02 8.4797001E-01
8.9052002E+02 8.4754997E-01
8.9101001E+02 8.4562999E-01
8.9148999E+02 8.4397000E-01
8.9196997E+02 8.4215999E-01
8.9245001E+02 8.3907998E-01
8.9292999E+02 8.3783001E-01
8.9341998E+02 8.3732003E-01
8.9390002E+02 8.3455002E-01
8.9438000E+02 8.3170003E-01
8.9485999E+02 8.3007002E-01
8.9534003E+02 8.2792002E-01
8.9583002E+02 8.2574999E-01
8.9631000E+02 8.2359999E-01
8.9678998E+02 8.2007998E-01
8.9727002E+02 8.1786001E-01
8.9776001E+02 8.1676000E-01
8.9823999E+02 8.1392002E-01
8.9871997E+02 8.1184000E-01
8.9920001E+02 8.1002003E-01
8.9967999E+02 8.0694002E-01
9.0016998E+02 8.0438000E-01
9.0065002E+02 8.0184001E-01
9.0113000E+02 7.9934001E-01
9.0160999E+02 7.9758000E-01
9.0209003E+02 7.9588002E-01
9.0258002E+02 7.9303998E-01
9.0306000E+02 7.9025000E-01
9.0353998E+02 7.8891999E-01
9.0402002E+02 7.8661001E-01
9.0451001E+02 7.8390998E-01
9.0498999E+02 7.8202999E-01
9.0546997E+02 7.7898997E-01
9.0595001E+02 7.7632999E-01
9.0642999E+02 7.7499998E-01
9.0691998E+02 7.7250999E-01
9.0740002E+02 7.6962000E-01
9.0788000E+02 7.6753002E-01
9.0835999E+02 7.6476997E-01
9.0884003E+02 7.6218998E-01
9.0933002E+02 7.6052999E-01
9.0981000E+02 7.5770998E-01
9.1028998E+02 7.5452000E-01
9.1077002E+02 7.5234002E-01
9.1126001E+02 7.5022000E-01
9.1173999E+02 7.4769002E-01
9.1221997E+02 7.4542999E-01
9.1270001E+02 7.4330002E-01
9.1317999E+02 7.4090999E-01
9.1366998E+02 7.3905998E-01
9.1415002E+02 7.3684001E-01
9.1463000E+02 7.3408002E-01
9.1510999E+02 7.3233998E-01
9.1559003E+02 7.2994000E-01
9.1608002E+02 7.2657001E-01
9.1656000E+02 7.2443998E-01
9.1703998E+02 7.2228998E-01
9.1752002E+02 7.1957999E-01
9.1801001E+02 7.1788001E-01
9.1848999E+02 7.1543998E-01
9.1896997E+02 7.1209002E-01
9.1945001E+02 7.1039999E-01
9.1992999E+02 7.0871001E-01
9.2041998E+02 7.0556998E-01
9.2090002E+02 7.0354003E-01
9.2138000E+02 7.0146000E-01
9.2185999E+02 6.9801003E-01
9.2234003E+02 6.9585001E-01
9.2283002E+02 6.9373000E-01
9.2331000E+02 6.9088000E-01
9.2378998E+02 6.8935001E-01
9.2427002E+02 6.8734002E-01
9.2476001E+02 6.8370003E-01
9.2523999E+02 6.8136001E-01
9.2571997E+02 6.8004000E-01
9.2620001E+02 6.7736000E-01
9.2667999E+02 6.7480999E-01
9.2716998E+02 6.7232001E-01
9.2765002E+02 6.6934001E-01
9.2813000E+02 6.6763002E-01
9.2860999E+02 6.6605002E-01
9.2909003E+02 6.6351002E-01
9.2958002E+02 6.6171002E-01
9.3006000E+02 6.6033000E-01
9.3053998E+02 6.5780002E-01
9.3102002E+02 6.5548998E-01
9.3151001E+02 6.5381002E-01
9.3198999E+02 6.5143001E-01
9.3246997E+02 6.5009999E-01
9.3295001E+02 6.4942998E-01
9.3342999E+02 6.4739001E-01
9.3391998E+02 6.4595002E-01
9.3440002E+02 6.4503002E-01
9.3488000E+02 6.4258999E-01
9.3535999E+02 6.4047998E-01
9.3584003E+02 6.3989002E-01
9.3633002E+02 6.3852000E-01
9.3681000E+02 6.3635999E-01
9.3728998E+02 6.3463998E-01
9.3777002E+02 6.3173002E-01
9.3826001E+02 6.2853998E-01
9.3873999E+02 6.2625998E-01
9.3921997E+02 6.2220001E-01
9.3970001E+02 6.1751002E-01
9.4017999E+02 6.1387998E-01
9.4066998E+02 6.0825002E-01
9.4115002E+02 6.0109001E-01
9.4163000E+02 5.9487998E-01
9.4210999E+02 5.8775997E-01
9.4259003E+02 5.7953000E-01
9.4308002E+02 5.7195002E-01
9.4356000E+02 5.6336999E-01
9.4403998E+02 5.5410999E-01
9.4452002E+02 5.4629999E-01
9.4501001E+02 5.3786999E-01
9.4548999E+02 5.2917999E-01
9.4596997E+02 5.2304000E-01
9.4645001E+02 5.1701999E-01
9.4692999E+02 5.1020002E-01
9.4741998E+02 5.0553000E-01
9.4790002E+02 5.0147003E-01
9.4838000E+02 4.9671999E-01
9.4885999E+02 4.9421000E-01
9.4934003E+02 4.9222001E-01
9.4983002E+02 4.8892000E-01
9.5031000E+02 4.8798001E-01
9.5078998E+02 4.8827001E-01
9.5127002E+02 4.8734999E-01
9.5176001E+02 4.8804000E-01
9.5223999E+02 4.8989999E-01
9.5271997E+02 4.9133000E-01
9.5320001E+02 4.9450999E-01
9.5367999E+02 4.9873000E-01
9.5416998E+02 5.0182998E-01
9.5465002E+02 5.0646001E-01
9.5513000E+02 5.1310998E-01
9.5560999E+02 5.1877999E-01
9.5609003E+02 5.2504998E-01
9.5658002E+02 5.3254002E-01
9.5706000E+02 5.3915000E-01
9.5753998E+02 5.4661000E-01
9.5802002E+02 5.5505002E-01
9.5851001E+02 5.6180000E-01
9.5898999E+02 5.6858999E-01
9.5946997E+02 5.7647002E-01
9.5995001E+02 5.8243001E-01
9.6042999E+02 5.8784002E-01
9.6091998E+02 5.9432000E-01
9.6140002E+02 5.9847999E-01
9.6188000E+02 6.0130000E-01
9.6235999E+02 6.0492998E-01
9.6284003E+02 6.0684001E-01
9.6333002E+02 6.0777003E-01
9.6381000E+02 6.0969001E-01
9.6428998E+02 6.1004001E-01
9.6477002E+02 6.0909998E-01
9.6526001E+02 6.0951000E-01
9.6573999E+02 6.0855001E-01
9.6621997E+02 6.0627002E-01
9.6670001E+02 6.0589999E-01
9.6717999E+02 6.0433000E-01
9.6766998E+02 6.0117000E-01
9.6815002E+02 6.0000998E-01
9.6863000E+02 5.9862000E-01
9.6910999E+02 5.9573001E-01
9.6959003E+02 5.9402001E-01
9.7008002E+02 5.9230000E-01
9.7056000E+02 5.8925998E-01
9.7103998E+02 5.8784997E-01
9.7152002E+02 5.8693999E-01
9.7201001E+02 5.8446997E-01
9.7248999E+02 5.8355999E-01
9.7296997E+02 5.8296001E-01
9.7345001E+02 5.8056003E-01
9.7392999E+02 5.7959998E-01
9.7441998E+02 5.7931000E-01
9.7490002E+02 5.7749999E-01
9.7538000E+02 5.7701999E-01
9.7585999E+02 5.7723999E-01
9.7634003E+02 5.7574999E-01
9.7683002E+02 5.7551998E-01
9.7731000E+02 5.7600999E-01
9.7778998E+02 5.7450998E-01
9.7827002E+02 5.7441998E-01
9.7876001E+02 5.7539999E-01
9.7923999E+02 5.7397997E-01
9.7971997E+02 5.7336998E-01
9.8020001E+02 5.7440001E-01
9.8067999E+02 5.7392001E-01
9.8116998E+02 5.7393998E-01
9.8165002E+02 5.7479000E-01
9.8213000E+02 5.7378000E-01
9.8260999E+02 5.7349002E-01
9.8309003E+02 5.7467997E-01
9.8358002E+02 5.7389998E-01
9.8406000E+02 5.7293999E-01
9.8453998E+02 5.7406002E-01
9.8502002E+02 5.7402003E-01
9.8551001E+02 5.7293999E-01
9.8598999E+02 5.7349998E-01
9.8646997E+02 5.7330000E-01
9.8695001E+02 5.7269001E-01
9.8742999E+02 5.7387000E-01
9.8791998E+02 5.7347000E-01
9.8840002E+02 5.7225001E-01
9.8888000E+02 5.7326001E-01
9.8935999E+02 5.7292998E-01
9.8984003E+02 5.7099003E-01
9.9033002E+02 5.7132000E-01
9.9081000E+02 5.7130998E-01
9.9128998E+02 5.6984001E-01
9.9177002E+02 5.7014000E-01
9.9226001E+02 5.6972998E-01
9.9273999E+02 5.6812000E-01
9.9321997E+02 5.6817001E-01
9.9370001E+02 5.6727999E-01
9.9417999E+02 5.6524998E-01
9.9466998E+02 5.6509000E-01
9.9515002E+02 5.6443000E-01
9.9563000E+02 5.6238002E-01
9.9610999E+02 5.6204998E-01
9.9659003E+02 5.6180000E-01
9.9708002E+02 5.5960000E-01
9.9756000E+02 5.5838001E-01
9.9803998E+02 5.5777001E-01
9.9852002E+02 5.5549997E-01
9.9901001E+02 5.5419999E-01
9.9948999E+02 5.5324000E-01
9.9996997E+02 5.5028999E-01
1.0005000E+03 5.4870999E-01
1.0009000E+03 5.4800999E-01
1.0014000E+03 5.4544997E-01
1.0019000E+03 5.4365999E-01
1.0024000E+03 5.4275000E-01
1.0029000E+03 5.4022998E-01
1.0033000E+03 5.3816998E-01
1.0038000E+03 5.3706002E-01
1.0043000E+03 5.3447998E-01
1.0048000E+03 5.3213000E-01
1.0053000E+03 5.3074998E-01
1.0058000E+03 5.2807999E-01
1.0062000E+03 5.2529001E-01
1.0067000E+03 5.2401000E-01
1.0072000E+03 5.2156001E-01
1.0077000E+03 5.1831001E-01
1.0082000E+03 5.1660001E-01
1.0086000E+03 5.1379001E-01
1.0091000E+03 5.1064998E-01
1.0096000E+03 5.0901997E-01
1.0101000E+03 5.0607997E-01
1.0106000E+03 5.0290000E-01
1.0111000E+03 5.0151002E-01
1.0115000E+03 4.9913001E-01
1.0120000E+03 4.9551001E-01
1.0125000E+03 4.9324000E-01
1.0130000E+03 4.9048001E-01
1.0135000E+03 4.8710999E-01
1.0140000E+03 4.8511001E-01
1.0144000E+03 4.8212001E-01
1.0149000E+03 4.7871000E-01
1.0154000E+03 4.7663000E-01
1.0159000E+03 4.7371000E-01
1.0164000E+03 4.7007999E-01
1.0168000E+03 4.6753001E-01
1.0173000E+03 4.6496001E-01
1.0178000E+03 4.6151999E-01
1.0183000E+03 4.5870000E-01
1.0188000E+03 4.5578000E-01
1.0193000E+03 4.5186001E-01
1.0197000E+03 4.4931999E-01
1.0202000E+03 4.4685000E-01
1.0207000E+03 4.4247001E-01
1.0212000E+03 4.3963999E-01
1.0217000E+03 4.3748000E-01
1.0221000E+03 4.3329999E-01
1.0226000E+03 4.3046999E-01
1.0231000E+03 4.2822000E-01
1.0236000E+03 4.2368999E-01
1.0241000E+03 4.2019001E-01
1.0246000E+03 4.1766000E-01
1.0250000E+03 4.1367000E-01
1.0255000E+03 4.1097999E-01
1.0260000E+03 4.0919000E-01
1.0265000E+03 4.0514001E-01
1.0270000E+03 4.0083000E-01
1.0275000E+03 3.9768001E-01
1.0279000E+03 3.9429000E-01
1.0284000E+03 3.9113000E-01
1.0289000E+03 3.8839000E-01
1.0294000E+03 3.8472000E-01
1.0299000E+03 3.8122001E-01
1.0303000E+03 3.7873000E-01
1.0308000E+03 3.7505999E-01
1.0313000E+03 3.7138000E-01
1.0318000E+03 3.6910999E-01
1.0323000E+03 3.6550999E-01
1.0328000E+03 3.6162001E-01
1.0332000E+03 3.5914001E-01
1.0337000E+03 3.5571000E-01
1.0342000E+03 3.5199001E-01
1.0347000E+03 3.4961000E-01
1.0352000E+03 3.4626001E-01
1.0356000E+03 3.4240001E-01
1.0361000E+03 3.4024999E-01
1.0366000E+03 3.3735001E-01
1.0371000E+03 3.3364001E-01
1.0376000E+03 3.3118999E-01
1.0381000E+03 3.2817999E-01
1.0385000E+03 3.2490000E-01
1.0390000E+03 3.2264000E-01
1.0395000E+03 3.1999999E-01
1.0400000E+03 3.1674001E-01
1.0405000E+03 3.1391001E-01
1.0410000E+03 3.1121999E-01
1.0414000E+03 3.0801001E-01
1.0419000E+03 3.0603999E-01
1.0424000E+03 3.0428001E-01
1.0429000E+03 3.0063999E-01
1.0434000E+03 2.9798001E-01
1.0438000E+03 2.9592001E-01
1.0443000E+03 2.9276001E-01
1.0448000E+03 2.9065999E-01
1.0453000E+03 2.8873000E-01
1.0458000E+03 2.8588000E-01
1.0463000E+03 2.8404999E-01
1.0467000E+03 2.8222001E-01
1.0472000E+03 2.7912000E-01
1.0477000E+03 2.7722999E-01
1.0482000E+03 2.7632999E-01
1.0487000E+03 2.7401000E-01
1.0491000E+03 2.7169001E-01
1.0496000E+03 2.6993999E-01
1.0501000E+03 2.6760000E-01
1.0506000E+03 2.6587999E-01
1.0511000E+03 2.6458001E-01
1.0516000E+03 2.6233000E-01
1.0520000E+03 2.6063001E-01
1.0525000E+03 2.5997001E-01
1.0530000E+03 2.5795001E-01
1.0535000E+03 2.5566000E-01
1.0540000E+03 2.5476000E-01
1.0545000E+03 2.5312001E-01
1.0549000E+03 2.5145000E-01
1.0554000E+03 2.5064000E-01
1.0559000E+03 2.4854000E-01
1.0564000E+03 2.4677999E-01
1.0569000E+03 2.4645001E-01
1.0573000E+03 2.4483000E-01
1.0578000E+03 2.4307001E-01
1.0583000E+03 2.4292000E-01
1.0588000E+03 2.4183001E-01
1.0593000E+03 2.3977000E-01
1.0598000E+03 2.3885000E-01
1.0602000E+03 2.3804000E-01
1.0607000E+03 2.3682000E-01
1.0612000E+03 2.3616000E-01
1.0617000E+03 2.3520000E-01
1.0622000E+03 2.3341000E-01
1.0626000E+03 2.3259000E-01
1.0631000E+03 2.3214000E-01
1.0636000E+03 2.3040000E-01
1.0641000E+03 2.2972000E-01
1.0646000E+03 2.2957000E-01
1.0651000E+03 2.2785001E-01
1.0655000E+03 2.2706001E-01
1.0660000E+03 2.2651000E-01
1.0665000E+03 2.2480001E-01
1.0670000E+03 2.2434001E-01
1.0675000E+03 2.2397999E-01
1.0680000E+03 2.2221000E-01
1.0684000E+03 2.2163001E-01
1.0689000E+03 2.2172999E-01
1.0694000E+03 2.2043000E-01
1.0699000E+03 2.1969999E-01
1.0704000E+03 2.1962000E-01
1.0708000E+03 2.1865000E-01
1.0713000E+03 2.1795000E-01
1.0718000E+03 2.1753000E-01
1.0723000E+03 2.1645001E-01
1.0728000E+03 2.1570000E-01
1.0733000E+03 2.1570000E-01
1.0737000E+03 2.1480000E-01
1.0742000E+03 2.1346000E-01
1.0747000E+03 2.1336000E-01
1.0752000E+03 2.1284001E-01
1.0757000E+03 2.1176000E-01
1.0761000E+03 2.1161000E-01
1.0766000E+03 2.1070001E-01
1.0771000E+03 2.0976000E-01
1.0776000E+03 2.1018000E-01
1.0781000E+03 2.0938000E-01
1.0786000E+03 2.0813000E-01
1.0790000E+03 2.0830999E-01
1.0795000E+03 2.0778000E-01
1.0800000E+03 2.0658000E-01
1.0805000E+03 2.0615999E-01
1.0810000E+03 2.0546000E-01
1.0815000E+03 2.0475000E-01
1.0819000E+03 2.0474000E-01
1.0824000E+03 2.0400000E-01
1.0829000E+03 2.0305000E-01
1.0834000E+03 2.0309000E-01
1.0839000E+03 2.0257001E-01
1.0843000E+03 2.0123000E-01
1.0848000E+03 2.0100001E-01
1.0853000E+03 2.0124000E-01
1.0858000E+03 2.0017000E-01
1.0863000E+03 1.9936000E-01
1.0868000E+03 1.9900000E-01
1.0872000E+03 1.9797000E-01
1.0877000E+03 1.9794001E-01
1.0882000E+03 1.9779000E-01
1.0887000E+03 1.9655000E-01
1.0892000E+03 1.9645999E-01
1.0896000E+03 1.9616000E-01
1.0901000E+03 1.9492000E-01
1.0906000E+03 1.9478001E-01
1.0911000E+03 1.9453999E-01
1.0916000E+03 1.9333000E-01
1.0921000E+03 1.9302000E-01
1.0925000E+03 1.9287001E-01
1.0930000E+03 1.9193999E-01
1.0935000E+03 1.9152001E-01
1.0940000E+03 1.9118001E-01
1.0945000E+03 1.9020000E-01
1.0950000E+03 1.8956000E-01
1.0954000E+03 1.8943000E-01
1.0959000E+03 1.8885000E-01
1.0964000E+03 1.8811999E-01
1.0969000E+03 1.8797000E-01
1.0974000E+03 1.8731999E-01
1.0978000E+03 1.8662000E-01
1.0983000E+03 1.8674999E-01
1.0988000E+03 1.8581000E-01
1.0993000E+03 1.8495999E-01
1.0998000E+03 1.8527000E-01
1.1003000E+03 1.8423000E-01
1.1007000E+03 1.8313000E-01
1.1012000E+03 1.8332000E-01
1.1017000E+03 1.8262000E-01
1.1022000E+03 1.8156999E-01
1.1027000E+03 1.8134999E-01
1.1031000E+03 1.8080001E-01
1.1036000E+03 1.8023001E-01
1.1041000E+03 1.8005000E-01
1.1046000E+03 1.7930999E-01
1.1051000E+03 1.7845000E-01
1.1056000E+03 1.7811000E-01
1.1060000E+03 1.7779000E-01
1.1065000E+03 1.7713000E-01
1.1070000E+03 1.7669000E-01
1.1075000E+03 1.7626999E-01
1.1080000E+03 1.7546999E-01
1.1085000E+03 1.7513999E-01
1.1089000E+03 1.7451000E-01
1.1094000E+03 1.7348000E-01
1.1099000E+03 1.7353000E-01
1.1104000E+03 1.7329000E-01
1.1109000E+03 1.7223001E-01
1.1113000E+03 1.7211001E-01
1.1118000E+03 1.7162000E-01
1.1123000E+03 1.7038000E-01
1.1128000E+03 1.7017999E-01
1.1133000E+03 1.6953000E-01
1.1138000E+03 1.6840000E-01
1.1142000E+03 1.6836999E-01
1.1147000E+03 1.6787000E-01
1.1152000E+03 1.6678999E-01
1.1157000E+03 1.6655000E-01
1.1162000E+03 1.6619000E-01
1.1166000E+03 1.6522001E-01
1.1171000E+03 1.6463999E-01
1.1176000E+03 1.6441000E-01
1.1181000E+03 1.6362000E-01
1.1186000E+03 1.6274001E-01
1.1191000E+03 1.6260000E-01
1.1195000E+03 1.6182999E-01
1.1200000E+03 1.6082001E-01
1.1205000E+03 1.6078000E-01
1.1210000E+03 1.5979999E-01
1.1215000E+03 1.5883000E-01
1.1220000E+03 1.5885000E-01
1.1224000E+03 1.5779001E-01
1.1229000E+03 1.5705000E-01
1.1234000E+03 1.5702000E-01
1.1239000E+03 1.5566000E-01
1.1244000E+03 1.5476000E-01
1.1248000E+03 1.5455000E-01
1.1253000E+03 1.5346000E-01
1.1258000E+03 1.5276000E-01
1.1263000E+03 1.5250000E-01
1.1268000E+03 1.5167999E-01
1.1273000E+03 1.5090001E-01
1.1277000E+03 1.5033001E-01
1.1282000E+03 1.4955001E-01
1.1287000E+03 1.4900000E-01
1.1292000E+03 1.4853001E-01
1.1297000E+03 1.4746000E-01
1.1301000E+03 1.4651000E-01
1.1306000E+03 1.4632000E-01
1.1311000E+03 1.4572001E-01
1.1316000E+03 1.4455999E-01
1.1321000E+03 1.4425001E-01
1.1326000E+03 1.4336000E-01
1.1330000E+03 1.4182000E-01
1.1335000E+03 1.4195000E-01
1.1340000E+03 1.4146000E-01
1.1345000E+03 1.3986000E-01
1.1350000E+03 1.3971999E-01
1.1355000E+03 1.3929000E-01
1.1359000E+03 1.3788000E-01
1.1364000E+03 1.3734999E-01
1.1369000E+03 1.3684000E-01
1.1374000E+03 1.3587999E-01
1.1379000E+03 1.3533001E-01
1.1383000E+03 1.3466001E-01
1.1388000E+03 1.3373999E-01
1.1393000E+03 1.3319001E-01
1.1398000E+03 1.3255000E-01
1.1403000E+03 1.3142000E-01
1.1408000E+03 1.3056999E-01
1.1412000E+03 1.3029000E-01
1.1417000E+03 1.2955999E-01
1.1422000E+03 1.2873000E-01
1.1427000E+03 1.2830000E-01
1.1432000E+03 1.2710001E-01
1.1436000E+03 1.2649000E-01
1.1441000E+03 1.2649000E-01
1.1446000E+03 1.2498000E-01
1.1451000E+03 1.2402000E-01
1.1456000E+03 1.2386000E-01
1.1461000E+03 1.2264000E-01
1.1465000E+03 1.2209000E-01
1.1470000E+03 1.2184000E-01
1.1475000E+03 1.2055000E-01
1.1480000E+03 1.1984000E-01
1.1485000E+03 1.1934000E-01
1.1490000E+03 1.1813000E-01
1.1494000E+03 1.1755000E-01
1.1499000E+03 1.1725000E-01
1.1504000E+03 1.1615000E-01
1.1509000E+03 1.1515000E-01
1.1514000E+03 1.1481000E-01
1.1518000E+03 1.1416000E-01
1.1523000E+03 1.1308000E-01
1.1528000E+03 1.1269000E-01
1.1533000E+03 1.1223000E-01
1.1538000E+03 1.1129000E-01
1.1543000E+03 1.1103000E-01
1.1547000E+03 1.1019000E-01
1.1552000E+03 1.0887000E-01
1.1557000E+03 1.0885000E-01
1.1562000E+03 1.0812000E-01
1.1567000E+03 1.0670000E-01
1.1571000E+03 1.0661000E-01
1.1576000E+03 1.0600000E-01
1.1581000E+03 1.0503000E-01
1.1586000E+03 1.0474000E-01
1.1591000E+03 1.0357000E-01
1.1596000E+03 1.0255000E-01
1.1600000E+03 1.0247000E-01
1.1605000E+03 1.0180000E-01
1.1610000E+03 1.0076000E-01
1.1615000E+03 1.0024000E-01
1.1620000E+03 9.9799998E-02
1.1625000E+03 9.8920003E-02
1.1629000E+03 9.8190002E-02
1.1634000E+03 9.7640000E-02
1.1639000E+03 9.6759997E-02
1.1644000E+03 9.6359998E-02
1.1649000E+03 9.5899999E-02
1.1653000E+03 9.4559997E-02
1.1658000E+03 9.4219998E-02
1.1663000E+03 9.4290003E-02
1.1668000E+03 9.3000002E-02
1.1673000E+03 9.2349999E-02
1.1678000E+03 9.2189997E-02
1.1682000E+03 9.1109999E-02
1.1687000E+03 9.0669997E-02
1.1692000E+03 9.0290003E-02
1.1697000E+03 8.9139998E-02
1.1702000E+03 8.8710003E-02
1.1706000E+03 8.8239998E-02
1.1711000E+03 8.7180004E-02
1.1716000E+03 8.6680003E-02
1.1721000E+03 8.6369999E-02
1.1726000E+03 8.5570000E-02
1.1731000E+03 8.4830001E-02
1.1735000E+03 8.4509999E-02
1.1740000E+03 8.4129997E-02
1.1745000E+03 8.3679996E-02
1.1750000E+03 8.3250001E-02
1.1755000E+03 8.2309999E-02
1.1760000E+03 8.1560001E-02
1.1764000E+03 8.1670001E-02
1.1769000E+03 8.0870003E-02
1.1774000E+03 7.9539999E-02
1.1779000E+03 7.9609998E-02
1.1784000E+03 7.9279996E-02
1.1788000E+03 7.8489996E-02
1.1793000E+03 7.8319997E-02
1.1798000E+03 7.7229999E-02
1.1803000E+03 7.6629996E-02
1.1808000E+03 7.6899998E-02
1.1813000E+03 7.5860001E-02
1.1817000E+03 7.5070001E-02
1.1822000E+03 7.5199999E-02
1.1827000E+03 7.4560001E-02
1.1832000E+03 7.3739998E-02
1.1837000E+03 7.3430002E-02
1.1841000E+03 7.2880000E-02
1.1846000E+03 7.2329998E-02
1.1851000E+03 7.2300002E-02
1.1856000E+03 7.1950004E-02
1.1861000E+03 7.1020000E-02
1.1866000E+03 7.1020000E-02
1.1870000E+03 7.1149997E-02
1.1875000E+03 6.9830000E-02
1.1880000E+03 6.9339998E-02
1.1885000E+03 6.9580004E-02
1.1890000E+03 6.8760000E-02
1.1895000E+03 6.8549998E-02
1.1899000E+03 6.8190001E-02
1.1904000E+03 6.7129999E-02
1.1909000E+03 6.7489997E-02
1.1914000E+03 6.7429997E-02
1.1919000E+03 6.6239998E-02
1.1923000E+03 6.6280000E-02
1.1928000E+03 6.6069998E-02
1.1933000E+03 6.5059997E-02
1.1938000E+03 6.4960003E-02
1.1943000E+03 6.4860001E-02
1.1948000E+03 6.4360000E-02
1.1952000E+03 6.4209998E-02
1.1957000E+03 6.3910000E-02
1.1962000E+03 6.3199997E-02
1.1967000E+03 6.3029997E-02
1.1972000E+03 6.3469999E-02
1.1976000E+03 6.2770002E-02
1.1981000E+03 6.1930001E-02
1.1986000E+03 6.2460002E-02
1.1991000E+03 6.1990000E-02
1.1996000E+03 6.0989998E-02
1.2001000E+03 6.1310001E-02
