9.4017998E+01 2.9084999E-02
9.4500999E+01 2.8132999E-02
9.4983002E+01 2.8147001E-02
9.5464996E+01 2.8912000E-02
9.5946999E+01 3.0055000E-02
9.6429001E+01 3.0014001E-02
9.6911003E+01 2.8906999E-02
9.7392998E+01 2.8670000E-02
9.7875999E+01 2.8530000E-02
9.8358002E+01 2.8711000E-02
9.8839996E+01 2.9299000E-02
9.9321999E+01 2.9015999E-02
9.9804001E+01 2.8918000E-02
1.0029000E+02 2.9488999E-02
1.0077000E+02 2.9936001E-02
1.0125000E+02 3.0297000E-02
1.0173000E+02 3.1026000E-02
1.0221000E+02 3.1413998E-02
1.0270000E+02 3.1830002E-02
1.0318000E+02 3.2515999E-02
1.0366000E+02 3.2497000E-02
1.0414000E+02 3.2999001E-02
1.0463000E+02 3.3751000E-02
1.0511000E+02 3.4196001E-02
1.0559000E+02 3.4931000E-02
1.0607000E+02 3.5216000E-02
1.0655000E+02 3.5673998E-02
1.0704000E+02 3.6384001E-02
1.0752000E+02 3.6814000E-02
1.0800000E+02 3.7012000E-02
1.0848000E+02 3.6789000E-02
1.0896000E+02 3.6826000E-02
1.0945000E+02 3.7023000E-02
1.0993000E+02 3.6949001E-02
1.1041000E+02 3.6851000E-02
1.1089000E+02 3.6566999E-02
1.1138000E+02 3.6024000E-02
1.1186000E+02 3.5238001E-02
1.1234000E+02 3.4421999E-02
1.1282000E+02 3.3390000E-02
1.1330000E+02 3.2598998E-02
1.1379000E+02 3.2733001E-02
1.1427000E+02 3.2662999E-02
1.1475000E+02 3.2324001E-02
1.1523000E+02 3.1980999E-02
1.1571000E+02 3.1411000E-02
1.1620000E+02 3.0826000E-02
1.1668000E+02 2.9929999E-02
1.1716000E+02 2.9633000E-02
1.1764000E+02 2.9855000E-02
1.1813000E+02 2.9443000E-02
1.1861000E+02 2.9537000E-02
1.1909000E+02 3.0191001E-02
1.1957000E+02 3.0311000E-02
1.2005000E+02 3.0316999E-02
1.2054000E+02 3.0141000E-02
1.2102000E+02 3.0401001E-02
1.2150000E+02 3.1445000E-02
1.2198000E+02 3.1095000E-02
1.2246000E+02 3.0117000E-02
1.2295000E+02 3.0730000E-02
1.2343000E+02 3.1215001E-02
1.2391000E+02 3.0397000E-02
1.2439000E+02 2.9301001E-02
1.2488000E+02 2.8480001E-02
1.2536000E+02 2.8077999E-02
1.2584000E+02 2.7892999E-02
1.2632000E+02 2.7884001E-02
1.2680000E+02 2.8111000E-02
1.2729000E+02 2.7389999E-02
1.2777000E+02 2.6141001E-02
1.2825000E+02 2.6368000E-02
1.2873000E+02 2.6885999E-02
1.2922000E+02 2.6585000E-02
1.2970000E+02 2.6953001E-02
1.3017999E+02 2.7313000E-02
1.3066000E+02 2.7156999E-02
1.3114000E+02 2.7629999E-02
1.3163000E+02 2.8128000E-02
1.3211000E+02 2.8151000E-02
1.3259000E+02 2.8029000E-02
1.3307001E+02 2.7693000E-02
1.3355000E+02 2.7728001E-02
1.3403999E+02 2.8000001E-02
1.3452000E+02 2.8011000E-02
1.3500000E+02 2.8212000E-02
1.3548000E+02 2.8320000E-02
1.3597000E+02 2.8085999E-02
1.3645000E+02 2.8213000E-02
1.3692999E+02 2.8687000E-02
1.3741000E+02 2.8498000E-02
1.3789000E+02 2.7824000E-02
1.3838000E+02 2.8112000E-02
1.3886000E+02 2.8780000E-02
1.3934000E+02 2.8491000E-02
1.3982001E+02 2.8410999E-02
1.4030000E+02 2.9487999E-02
1.4078999E+02 3.0142000E-02
1.4127000E+02 2.9542999E-02
1.4175000E+02 2.9101999E-02
1.4223000E+02 2.9004000E-02
1.4272000E+02 2.8972000E-02
1.4320000E+02 2.9296000E-02
1.4367999E+02 2.9408000E-02
1.4416000E+02 2.9371999E-02
1.4464000E+02 2.9449999E-02
1.4513000E+02 2.9392000E-02
1.4561000E+02 2.9262999E-02
1.4609000E+02 2.9069001E-02
1.4657001E+02 2.8957000E-02
1.4705000E+02 2.8910000E-02
1.4753999E+02 2.8998001E-02
1.4802000E+02 2.9451000E-02
1.4850000E+02 2.9769000E-02
1.4898000E+02 2.9740000E-02
1.4947000E+02 2.9882001E-02
1.4995000E+02 3.0305000E-02
1.5042999E+02 3.0307001E-02
1.5091000E+02 2.9727999E-02
1.5139000E+02 2.9460000E-02
1.5188000E+02 2.9430000E-02
1.5236000E+02 2.9469000E-02
1.5284000E+02 2.9812001E-02
1.5332001E+02 2.9955000E-02
1.5380000E+02 2.9746000E-02
1.5428999E+02 2.9755000E-02
1.5477000E+02 2.9978000E-02
1.5525000E+02 2.9943001E-02
1.5573000E+02 2.9883999E-02
1.5622000E+02 3.0011000E-02
1.5670000E+02 3.0115999E-02
1.5717999E+02 3.0630000E-02
1.5766000E+02 3.1318001E-02
1.5814000E+02 3.1214001E-02
1.5863000E+02 3.0807000E-02
1.5911000E+02 3.0851001E-02
1.5959000E+02 3.1245001E-02
1.6007001E+02 3.1466000E-02
1.6055000E+02 3.1302001E-02
1.6103999E+02 3.1539999E-02
1.6152000E+02 3.1985998E-02
1.6200000E+02 3.2124002E-02
1.6248000E+02 3.2241002E-02
1.6297000E+02 3.2380000E-02
1.6345000E+02 3.2731999E-02
1.6392999E+02 3.3059999E-02
1.6441000E+02 3.3231001E-02
1.6489000E+02 3.3282999E-02
1.6538000E+02 3.3216000E-02
1.6586000E+02 3.3183999E-02
1.6634000E+02 3.2850999E-02
1.6682001E+02 3.2384999E-02
1.6730000E+02 3.2267999E-02
1.6778999E+02 3.2379001E-02
1.6827000E+02 3.2512002E-02
1.6875000E+02 3.2574002E-02
1.6923000E+02 3.2637998E-02
1.6972000E+02 3.3032000E-02
1.7020000E+02 3.3197001E-02
1.7067999E+02 3.2786001E-02
1.7116000E+02 3.2683998E-02
1.7164000E+02 3.3073999E-02
1.7213000E+02 3.3298999E-02
1.7261000E+02 3.3278000E-02
1.7309000E+02 3.3794999E-02
1.7357001E+02 3.4010999E-02
1.7405000E+02 3.3707000E-02
1.7453999E+02 3.3973001E-02
1.7502000E+02 3.4446001E-02
1.7550000E+02 3.5092998E-02
1.7598000E+02 3.5195000E-02
1.7647000E+02 3.4712002E-02
1.7695000E+02 3.5066001E-02
1.7742999E+02 3.5381000E-02
1.7791000E+02 3.5114001E-02
1.7839000E+02 3.5138000E-02
1.7888000E+02 3.5399001E-02
1.7936000E+02 3.5698000E-02
1.7984000E+02 3.5928000E-02
1.8032001E+02 3.5969999E-02
1.8080000E+02 3.5905998E-02
1.8128999E+02 3.5746001E-02
1.8177000E+02 3.5374001E-02
1.8225000E+02 3.5243999E-02
1.8273000E+02 3.5686001E-02
1.8322000E+02 3.5914000E-02
1.8370000E+02 3.5893001E-02
1.8417999E+02 3.5967998E-02
1.8466000E+02 3.6233999E-02
1.8514000E+02 3.6665998E-02
1.8563000E+02 3.6814000E-02
1.8611000E+02 3.7071999E-02
1.8659000E+02 3.7207000E-02
1.8707001E+02 3.7338998E-02
1.8755000E+02 3.8137000E-02
1.8803999E+02 3.8311001E-02
1.8852000E+02 3.7896998E-02
1.8900000E+02 3.8141001E-02
1.8948000E+02 3.8686998E-02
1.8997000E+02 3.9225001E-02
1.9045000E+02 3.9569002E-02
1.9092999E+02 3.9790999E-02
1.9141000E+02 4.0189002E-02
1.9189000E+02 4.0500000E-02
1.9238000E+02 4.0406998E-02
1.9286000E+02 4.0121000E-02
1.9334000E+02 4.0224001E-02
1.9382001E+02 4.0390000E-02
1.9430000E+02 4.0281001E-02
1.9478999E+02 4.0389001E-02
1.9527000E+02 4.0617999E-02
1.9575000E+02 4.0647000E-02
1.9623000E+02 4.0525999E-02
1.9672000E+02 4.0497001E-02
1.9720000E+02 4.0603999E-02
1.9767999E+02 4.0546998E-02
1.9816000E+02 4.0454999E-02
1.9864000E+02 4.0571000E-02
1.9913000E+02 4.0736999E-02
1.9961000E+02 4.0943999E-02
2.0009000E+02 4.0872000E-02
2.0057001E+02 4.0872000E-02
2.0105000E+02 4.1274000E-02
2.0153999E+02 4.1818000E-02
2.0202000E+02 4.3191001E-02
2.0250000E+02 4.3671999E-02
2.0298000E+02 4.1978002E-02
2.0347000E+02 4.1377999E-02
2.0395000E+02 4.2027000E-02
2.0442999E+02 4.2555001E-02
2.0491000E+02 4.2952999E-02
2.0539000E+02 4.3271001E-02
2.0588000E+02 4.3561000E-02
2.0636000E+02 4.3899000E-02
2.0684000E+02 4.4206001E-02
2.0732001E+02 4.4585001E-02
2.0780000E+02 4.5350999E-02
2.0828999E+02 4.5880001E-02
2.0877000E+02 4.5621000E-02
2.0925000E+02 4.5561001E-02
2.0973000E+02 4.6023000E-02
2.1022000E+02 4.6505000E-02
2.1070000E+02 4.6782002E-02
2.1117999E+02 4.6840999E-02
2.1166000E+02 4.7068000E-02
2.1214000E+02 4.7302000E-02
2.1263000E+02 4.7318000E-02
2.1311000E+02 4.7720000E-02
2.1359000E+02 4.8365999E-02
2.1407001E+02 4.8689000E-02
2.1455000E+02 4.8921999E-02
2.1503999E+02 4.9229998E-02
2.1552000E+02 4.9538001E-02
2.1600000E+02 4.9936000E-02
2.1648000E+02 5.0218999E-02
2.1697000E+02 5.0508998E-02
2.1745000E+02 5.0985999E-02
2.1792999E+02 5.1397000E-02
2.1841000E+02 5.1773999E-02
2.1889000E+02 5.2149002E-02
2.1938000E+02 5.2574001E-02
2.1986000E+02 5.3052999E-02
2.2034000E+02 5.3587999E-02
2.2082001E+02 5.4267999E-02
2.2130000E+02 5.4777000E-02
2.2178999E+02 5.4908998E-02
2.2227000E+02 5.5271000E-02
2.2275000E+02 5.6088999E-02
2.2323000E+02 5.6777999E-02
2.2372000E+02 5.7135999E-02
2.2420000E+02 5.7438999E-02
2.2467999E+02 5.7921998E-02
2.2516000E+02 5.8437001E-02
2.2564000E+02 5.9284002E-02
2.2613000E+02 6.0151000E-02
2.2661000E+02 6.0318001E-02
2.2709000E+02 6.1163999E-02
2.2757001E+02 6.2389001E-02
2.2805000E+02 6.2389001E-02
2.2853999E+02 6.2488001E-02
2.2902000E+02 6.3254997E-02
2.2950000E+02 6.3902996E-02
2.2998000E+02 6.4671002E-02
2.3047000E+02 6.5431997E-02
2.3095000E+02 6.6086002E-02
2.3142999E+02 6.6841997E-02
2.3191000E+02 6.7433998E-02
2.3239000E+02 6.8058997E-02
2.3288000E+02 6.8914004E-02
2.3336000E+02 6.9645002E-02
2.3384000E+02 7.0164002E-02
2.3432001E+02 7.0822001E-02
2.3480000E+02 7.1533002E-02
2.3528999E+02 7.2079003E-02
2.3577000E+02 7.2664000E-02
2.3625000E+02 7.3408000E-02
2.3673000E+02 7.4211001E-02
2.3722000E+02 7.4789003E-02
2.3770000E+02 7.5499997E-02
2.3817999E+02 7.6480001E-02
2.3866000E+02 7.7072002E-02
2.3914000E+02 7.7492997E-02
2.3963000E+02 7.8071997E-02
2.4011000E+02 7.8776002E-02
2.4059000E+02 7.9591997E-02
2.4107001E+02 8.0210999E-02
2.4155000E+02 8.0716997E-02
2.4203999E+02 8.1375003E-02
2.4252000E+02 8.2038999E-02
2.4300000E+02 8.2696997E-02
2.4348000E+02 8.3256997E-02
2.4397000E+02 8.3953999E-02
2.4445000E+02 8.4703997E-02
2.4492999E+02 8.5224003E-02
2.4541000E+02 8.5467003E-02
2.4589000E+02 8.5446998E-02
2.4638000E+02 8.5974000E-02
2.4686000E+02 8.6723998E-02
2.4734000E+02 8.7507002E-02
2.4782001E+02 8.8262998E-02
2.4830000E+02 8.8170998E-02
2.4878999E+02 8.8362001E-02
2.4927000E+02 8.8841997E-02
2.4975000E+02 8.9038998E-02
2.5023000E+02 8.9631997E-02
2.5072000E+02 9.0125002E-02
2.5120000E+02 9.0539001E-02
2.5167999E+02 9.1178000E-02
2.5216000E+02 9.1586001E-02
2.5264000E+02 9.2138000E-02
2.5313000E+02 9.3203999E-02
2.5361000E+02 9.3979999E-02
2.5409000E+02 9.3171000E-02
2.5457001E+02 9.2618003E-02
2.5506000E+02 9.3631998E-02
2.5553999E+02 9.4145000E-02
2.5601999E+02 9.4263002E-02
2.5650000E+02 9.4618000E-02
2.5698001E+02 9.4861999E-02
2.5747000E+02 9.5118001E-02
2.5795001E+02 9.5270000E-02
2.5842999E+02 9.5762998E-02
2.5891000E+02 9.6322000E-02
2.5939001E+02 9.6657999E-02
2.5988000E+02 9.6987002E-02
2.6035999E+02 9.7158000E-02
2.6084000E+02 9.7466998E-02
2.6132001E+02 9.7671002E-02
2.6181000E+02 9.7750001E-02
2.6229001E+02 9.8250002E-02
2.6276999E+02 9.8604999E-02
2.6325000E+02 9.8921001E-02
2.6373001E+02 9.9467002E-02
2.6422000E+02 9.9854998E-02
2.6470001E+02 1.0021000E-01
2.6517999E+02 1.0039000E-01
2.6566000E+02 1.0091000E-01
2.6614001E+02 1.0124000E-01
2.6663000E+02 1.0132000E-01
2.6710999E+02 1.0210000E-01
2.6759000E+02 1.0263000E-01
2.6807001E+02 1.0294000E-01
2.6856000E+02 1.0335000E-01
2.6904001E+02 1.0374000E-01
2.6951999E+02 1.0446000E-01
2.7000000E+02 1.0505000E-01
2.7048001E+02 1.0557000E-01
2.7097000E+02 1.0630000E-01
2.7145001E+02 1.0693000E-01
2.7192999E+02 1.0760000E-01
2.7241000E+02 1.0829000E-01
2.7289001E+02 1.0895000E-01
2.7338000E+02 1.0958000E-01
2.7385999E+02 1.1007000E-01
2.7434000E+02 1.1079000E-01
2.7482001E+02 1.1131000E-01
2.7531000E+02 1.1190000E-01
2.7579001E+02 1.1261000E-01
2.7626999E+02 1.1284000E-01
2.7675000E+02 1.1326000E-01
2.7723001E+02 1.1406000E-01
2.7772000E+02 1.1522000E-01
2.7820001E+02 1.1570000E-01
2.7867999E+02 1.1534000E-01
2.7916000E+02 1.1574000E-01
2.7964001E+02 1.1642000E-01
2.8013000E+02 1.1670000E-01
2.8060999E+02 1.1663000E-01
2.8109000E+02 1.1667000E-01
2.8157001E+02 1.1726000E-01
2.8206000E+02 1.1741000E-01
2.8254001E+02 1.1693000E-01
2.8301999E+02 1.1686000E-01
2.8350000E+02 1.1696000E-01
2.8398001E+02 1.1708000E-01
2.8447000E+02 1.1706000E-01
2.8495001E+02 1.1686000E-01
2.8542999E+02 1.1668000E-01
2.8591000E+02 1.1643000E-01
2.8639001E+02 1.1633000E-01
2.8688000E+02 1.1607000E-01
2.8735999E+02 1.1590000E-01
2.8784000E+02 1.1599000E-01
2.8832001E+02 1.1582000E-01
2.8881000E+02 1.1564000E-01
2.8929001E+02 1.1529000E-01
2.8976999E+02 1.1485000E-01
2.9025000E+02 1.1486000E-01
2.9073001E+02 1.1481000E-01
2.9122000E+02 1.1460000E-01
2.9170001E+02 1.1459000E-01
2.9217999E+02 1.1437000E-01
2.9266000E+02 1.1411000E-01
2.9314001E+02 1.1406000E-01
2.9363000E+02 1.1402000E-01
2.9410999E+02 1.1378000E-01
2.9459000E+02 1.1357000E-01
2.9507001E+02 1.1359000E-01
2.9556000E+02 1.1339000E-01
2.9604001E+02 1.1333000E-01
2.9651999E+02 1.1343000E-01
2.9700000E+02 1.1341000E-01
2.9748001E+02 1.1347000E-01
2.9797000E+02 1.1349000E-01
2.9845001E+02 1.1348000E-01
2.9892999E+02 1.1348000E-01
2.9941000E+02 1.1374000E-01
2.9989001E+02 1.1414000E-01
3.0038000E+02 1.1430000E-01
3.0085999E+02 1.1451000E-01
3.0134000E+02 1.1507000E-01
3.0182001E+02 1.1543000E-01
3.0231000E+02 1.1598000E-01
3.0279001E+02 1.1662000E-01
3.0326999E+02 1.1634000E-01
3.0375000E+02 1.1637000E-01
3.0423001E+02 1.1720000E-01
3.0472000E+02 1.1809000E-01
3.0520001E+02 1.1886000E-01
3.0567999E+02 1.1958000E-01
3.0616000E+02 1.2032000E-01
3.0664001E+02 1.2116000E-01
3.0713000E+02 1.2202000E-01
3.0760999E+02 1.2261000E-01
3.0809000E+02 1.2353000E-01
3.0857001E+02 1.2482000E-01
3.0906000E+02 1.2589000E-01
3.0954001E+02 1.2690000E-01
3.1001999E+02 1.2801000E-01
3.1050000E+02 1.2901001E-01
3.1098001E+02 1.2978999E-01
3.1147000E+02 1.3061000E-01
3.1195001E+02 1.3184001E-01
3.1242999E+02 1.3318001E-01
3.1291000E+02 1.3445000E-01
3.1339001E+02 1.3589001E-01
3.1388000E+02 1.3730000E-01
3.1435999E+02 1.3865000E-01
3.1484000E+02 1.3981999E-01
3.1532001E+02 1.4109001E-01
3.1581000E+02 1.4272000E-01
3.1629001E+02 1.4424001E-01
3.1676999E+02 1.4584000E-01
3.1725000E+02 1.4760999E-01
3.1773001E+02 1.4940999E-01
3.1822000E+02 1.5117000E-01
3.1870001E+02 1.5290999E-01
3.1917999E+02 1.5486000E-01
3.1966000E+02 1.5672000E-01
3.2014001E+02 1.5855999E-01
3.2063000E+02 1.6072001E-01
3.2110999E+02 1.6299000E-01
3.2159000E+02 1.6508000E-01
3.2207001E+02 1.6726001E-01
3.2256000E+02 1.6968000E-01
3.2304001E+02 1.7229000E-01
3.2351999E+02 1.7467000E-01
3.2400000E+02 1.7664000E-01
3.2448001E+02 1.7870000E-01
3.2497000E+02 1.8103001E-01
3.2545001E+02 1.8359999E-01
3.2592999E+02 1.8628000E-01
3.2641000E+02 1.8880001E-01
3.2689001E+02 1.9126999E-01
3.2738000E+02 1.9384000E-01
3.2785999E+02 1.9591001E-01
3.2834000E+02 1.9814000E-01
3.2882001E+02 2.0101000E-01
3.2931000E+02 2.0386000E-01
3.2979001E+02 2.0664001E-01
3.3026999E+02 2.0916000E-01
3.3075000E+02 2.1185000E-01
3.3123001E+02 2.1487001E-01
3.3172000E+02 2.1758001E-01
3.3220001E+02 2.2020000E-01
3.3267999E+02 2.2301000E-01
3.3316000E+02 2.2582000E-01
3.3364001E+02 2.2861999E-01
3.3413000E+02 2.3139000E-01
3.3460999E+02 2.3446000E-01
3.3509000E+02 2.3746000E-01
3.3557001E+02 2.3986000E-01
3.3606000E+02 2.4259999E-01
3.3654001E+02 2.4542999E-01
3.3701999E+02 2.4810000E-01
3.3750000E+02 2.5101000E-01
3.3798001E+02 2.5398999E-01
3.3847000E+02 2.5689000E-01
3.3895001E+02 2.5953001E-01
3.3942999E+02 2.6234001E-01
3.3991000E+02 2.6519001E-01
3.4039001E+02 2.6784000E-01
3.4088000E+02 2.7046999E-01
3.4135999E+02 2.7296999E-01
3.4184000E+02 2.7518001E-01
3.4232001E+02 2.7744001E-01
3.4281000E+02 2.8011000E-01
3.4329001E+02 2.8272000E-01
3.4376999E+02 2.8496999E-01
3.4425000E+02 2.8711000E-01
3.4473001E+02 2.8924999E-01
3.4522000E+02 2.9100999E-01
3.4570001E+02 2.9258001E-01
3.4617999E+02 2.9426000E-01
3.4666000E+02 2.9602000E-01
3.4714001E+02 2.9734999E-01
3.4763000E+02 2.9841000E-01
3.4810999E+02 3.0004999E-01
3.4859000E+02 3.0155000E-01
3.4907001E+02 3.0278000E-01
3.4956000E+02 3.0390999E-01
3.5004001E+02 3.0436000E-01
3.5051999E+02 3.0476001E-01
3.5100000E+02 3.0579999E-01
3.5148001E+02 3.0669001E-01
3.5197000E+02 3.0673999E-01
3.5245001E+02 3.0651999E-01
3.5292999E+02 3.0666000E-01
3.5341000E+02 3.0698001E-01
3.5389001E+02 3.0687001E-01
3.5438000E+02 3.0625001E-01
3.5485999E+02 3.0583000E-01
3.5534000E+02 3.0566001E-01
3.5582001E+02 3.0480999E-01
3.5631000E+02 3.0375999E-01
3.5679001E+02 3.0303001E-01
3.5726999E+02 3.0177000E-01
3.5775000E+02 3.0048001E-01
3.5823001E+02 2.9932001E-01
3.5872000E+02 2.9787999E-01
3.5920001E+02 2.9651001E-01
3.5967999E+02 2.9510999E-01
3.6016000E+02 2.9359001E-01
3.6064001E+02 2.9196000E-01
3.6113000E+02 2.9001999E-01
3.6160999E+02 2.8799000E-01
3.6209000E+02 2.8626999E-01
3.6257001E+02 2.8431001E-01
3.6306000E+02 2.8200999E-01
3.6354001E+02 2.7994999E-01
3.6401999E+02 2.7820000E-01
3.6450000E+02 2.7638000E-01
3.6498001E+02 2.7439001E-01
3.6547000E+02 2.7254999E-01
3.6595001E+02 2.7096000E-01
3.6642999E+02 2.6943001E-01
3.6691000E+02 2.6791000E-01
3.6739001E+02 2.6649001E-01
3.6788000E+02 2.6510000E-01
3.6835999E+02 2.6385999E-01
3.6884000E+02 2.6262999E-01
3.6932001E+02 2.6142001E-01
3.6981000E+02 2.6036999E-01
3.7029001E+02 2.5964999E-01
3.7076999E+02 2.5929001E-01
3.7125000E+02 2.5870001E-01
3.7173001E+02 2.5810999E-01
3.7222000E+02 2.5795001E-01
3.7270001E+02 2.5791001E-01
3.7317999E+02 2.5786000E-01
3.7366000E+02 2.5824001E-01
3.7414001E+02 2.5872001E-01
3.7463000E+02 2.5845000E-01
3.7510999E+02 2.5861001E-01
3.7559000E+02 2.5975999E-01
3.7607001E+02 2.6072001E-01
3.7656000E+02 2.6082000E-01
3.7704001E+02 2.6089999E-01
3.7751999E+02 2.6166001E-01
3.7800000E+02 2.6269999E-01
3.7848001E+02 2.6363999E-01
3.7897000E+02 2.6414999E-01
3.7945001E+02 2.6499000E-01
3.7992999E+02 2.6638001E-01
3.8041000E+02 2.6690000E-01
3.8089001E+02 2.6734000E-01
3.8138000E+02 2.6899999E-01
3.8185999E+02 2.7072001E-01
3.8234000E+02 2.7246001E-01
3.8282001E+02 2.7505001E-01
3.8331000E+02 2.7779999E-01
3.8379001E+02 2.8018999E-01
3.8426999E+02 2.8305000E-01
3.8475000E+02 2.8643000E-01
3.8523001E+02 2.8939000E-01
3.8572000E+02 2.9266000E-01
3.8620001E+02 2.9697001E-01
3.8667999E+02 3.0123001E-01
3.8716000E+02 3.0524001E-01
3.8764999E+02 3.1016001E-01
3.8813000E+02 3.1540999E-01
3.8860999E+02 3.1985000E-01
3.8909000E+02 3.2383999E-01
3.8957001E+02 3.2821000E-01
3.9006000E+02 3.3291000E-01
3.9054001E+02 3.3666000E-01
3.9101999E+02 3.3993000E-01
3.9150000E+02 3.4340999E-01
3.9198001E+02 3.4641001E-01
3.9247000E+02 3.4924001E-01
3.9295001E+02 3.5201001E-01
3.9342999E+02 3.5415000E-01
3.9391000E+02 3.5526001E-01
3.9439999E+02 3.5558999E-01
3.9488000E+02 3.5620001E-01
3.9535999E+02 3.5674000E-01
3.9584000E+02 3.5624000E-01
3.9632001E+02 3.5584000E-01
3.9681000E+02 3.5565999E-01
3.9729001E+02 3.5464999E-01
3.9776999E+02 3.5328001E-01
3.9825000E+02 3.5238001E-01
3.9873001E+02 3.5141000E-01
3.9922000E+02 3.4988001E-01
3.9970001E+02 3.4902999E-01
4.0017999E+02 3.4821999E-01
4.0066000E+02 3.4676000E-01
4.0114999E+02 3.4546000E-01
4.0163000E+02 3.4404999E-01
4.0210999E+02 3.4283000E-01
4.0259000E+02 3.4167999E-01
4.0307001E+02 3.4011999E-01
4.0356000E+02 3.3849999E-01
4.0404001E+02 3.3687001E-01
4.0451999E+02 3.3546001E-01
4.0500000E+02 3.3436999E-01
4.0548001E+02 3.3259001E-01
4.0597000E+02 3.3017999E-01
4.0645001E+02 3.2802001E-01
4.0692999E+02 3.2584000E-01
4.0741000E+02 3.2370001E-01
4.0789999E+02 3.2172999E-01
4.0838000E+02 3.1981999E-01
4.0885999E+02 3.1771001E-01
4.0934000E+02 3.1531999E-01
4.0982001E+02 3.1305000E-01
4.1031000E+02 3.1094000E-01
4.1079001E+02 3.0879000E-01
4.1126999E+02 3.0647001E-01
4.1175000E+02 3.0421999E-01
4.1223001E+02 3.0199000E-01
4.1272000E+02 2.9982001E-01
4.1320001E+02 2.9774001E-01
4.1367999E+02 2.9589000E-01
4.1416000E+02 2.9411000E-01
4.1464999E+02 2.9190999E-01
4.1513000E+02 2.8972000E-01
4.1560999E+02 2.8812000E-01
4.1609000E+02 2.8645000E-01
4.1657001E+02 2.8446001E-01
4.1706000E+02 2.8286999E-01
4.1754001E+02 2.8110999E-01
4.1801999E+02 2.7932000E-01
4.1850000E+02 2.7779999E-01
4.1898001E+02 2.7616000E-01
4.1947000E+02 2.7465999E-01
4.1995001E+02 2.7305001E-01
4.2042999E+02 2.7164000E-01
4.2091000E+02 2.7028000E-01
4.2139999E+02 2.6866001E-01
4.2188000E+02 2.6730999E-01
4.2235999E+02 2.6602000E-01
4.2284000E+02 2.6446000E-01
4.2332001E+02 2.6280001E-01
4.2381000E+02 2.6135001E-01
4.2429001E+02 2.6007000E-01
4.2476999E+02 2.5863001E-01
4.2525000E+02 2.5683999E-01
4.2573001E+02 2.5518000E-01
4.2622000E+02 2.5378001E-01
4.2670001E+02 2.5228000E-01
4.2717999E+02 2.5088000E-01
4.2766000E+02 2.4941000E-01
4.2814999E+02 2.4772000E-01
4.2863000E+02 2.4630000E-01
4.2910999E+02 2.4510001E-01
4.2959000E+02 2.4353001E-01
4.3007001E+02 2.4178000E-01
4.3056000E+02 2.4018000E-01
4.3104001E+02 2.3868001E-01
4.3151999E+02 2.3755001E-01
4.3200000E+02 2.3620000E-01
4.3248001E+02 2.3456000E-01
4.3297000E+02 2.3320000E-01
4.3345001E+02 2.3152000E-01
4.3392999E+02 2.2995000E-01
4.3441000E+02 2.2891000E-01
4.3489999E+02 2.2734000E-01
4.3538000E+02 2.2553000E-01
4.3585999E+02 2.2409000E-01
4.3634000E+02 2.2263999E-01
4.3682001E+02 2.2079000E-01
4.3731000E+02 2.1897000E-01
4.3779001E+02 2.1739000E-01
4.3826999E+02 2.1578000E-01
4.3875000E+02 2.1411000E-01
4.3923001E+02 2.1241000E-01
4.3972000E+02 2.1105000E-01
4.4020001E+02 2.0971000E-01
4.4067999E+02 2.0838000E-01
4.4116000E+02 2.0738000E-01
4.4164999E+02 2.0645000E-01
4.4213000E+02 2.0555000E-01
4.4260999E+02 2.0492999E-01
4.4309000E+02 2.0466000E-01
4.4357001E+02 2.0418000E-01
4.4406000E+02 2.0370001E-01
4.4454001E+02 2.0361000E-01
4.4501999E+02 2.0343000E-01
4.4550000E+02 2.0300999E-01
4.4598001E+02 2.0276000E-01
4.4647000E+02 2.0282000E-01
4.4695001E+02 2.0259000E-01
4.4742999E+02 2.0208000E-01
4.4791000E+02 2.0203000E-01
4.4839999E+02 2.0234001E-01
4.4888000E+02 2.0237000E-01
4.4935999E+02 2.0212001E-01
4.4984000E+02 2.0206000E-01
4.5032001E+02 2.0205000E-01
4.5081000E+02 2.0189001E-01
4.5129001E+02 2.0189001E-01
4.5176999E+02 2.0195000E-01
4.5225000E+02 2.0198999E-01
4.5273001E+02 2.0197000E-01
4.5322000E+02 2.0187999E-01
4.5370001E+02 2.0195000E-01
4.5417999E+02 2.0178001E-01
4.5466000E+02 2.0149000E-01
4.5514999E+02 2.0151000E-01
4.5563000E+02 2.0170000E-01
4.5610999E+02 2.0175999E-01
4.5659000E+02 2.0202000E-01
4.5707001E+02 2.0231999E-01
4.5756000E+02 2.0179000E-01
4.5804001E+02 2.0142999E-01
4.5851999E+02 2.0189001E-01
4.5900000E+02 2.0224001E-01
4.5948001E+02 2.0247000E-01
4.5997000E+02 2.0305000E-01
4.6045001E+02 2.0393001E-01
4.6092999E+02 2.0457000E-01
4.6141000E+02 2.0461001E-01
4.6189999E+02 2.0473000E-01
4.6238000E+02 2.0544000E-01
4.6285999E+02 2.0589000E-01
4.6334000E+02 2.0614000E-01
4.6382001E+02 2.0670000E-01
4.6431000E+02 2.0720001E-01
4.6479001E+02 2.0778000E-01
4.6526999E+02 2.0852000E-01
4.6575000E+02 2.0905000E-01
4.6623001E+02 2.0946001E-01
4.6672000E+02 2.1031000E-01
4.6720001E+02 2.1121000E-01
4.6767999E+02 2.1168999E-01
4.6816000E+02 2.1236999E-01
4.6864999E+02 2.1345000E-01
4.6913000E+02 2.1468000E-01
4.6960999E+02 2.1584000E-01
4.7009000E+02 2.1717000E-01
4.7057001E+02 2.1905001E-01
4.7106000E+02 2.2087000E-01
4.7154001E+02 2.2268000E-01
4.7201999E+02 2.2511999E-01
4.7250000E+02 2.2754000E-01
4.7298001E+02 2.2984999E-01
4.7347000E+02 2.3296000E-01
4.7395001E+02 2.3655000E-01
4.7442999E+02 2.4018000E-01
4.7491000E+02 2.4419001E-01
4.7539999E+02 2.4862000E-01
4.7588000E+02 2.5318000E-01
4.7635999E+02 2.5746000E-01
4.7684000E+02 2.6198000E-01
4.7732001E+02 2.6714000E-01
4.7781000E+02 2.7206999E-01
4.7829001E+02 2.7688000E-01
4.7876999E+02 2.8216001E-01
4.7925000E+02 2.8777999E-01
4.7973001E+02 2.9304999E-01
4.8022000E+02 2.9749000E-01
4.8070001E+02 3.0237001E-01
4.8117999E+02 3.0748001E-01
4.8166000E+02 3.1194001E-01
4.8214999E+02 3.1713000E-01
4.8263000E+02 3.2255000E-01
4.8310999E+02 3.2697999E-01
4.8359000E+02 3.3140999E-01
4.8407001E+02 3.3614001E-01
4.8456000E+02 3.3996999E-01
4.8504001E+02 3.4294000E-01
4.8551999E+02 3.4648001E-01
4.8600000E+02 3.5016000E-01
4.8648001E+02 3.5326999E-01
4.8697000E+02 3.5635000E-01
4.8745001E+02 3.5903999E-01
4.8792999E+02 3.6158001E-01
4.8841000E+02 3.6379999E-01
4.8889999E+02 3.6530000E-01
4.8938000E+02 3.6708999E-01
4.8985999E+02 3.6824000E-01
4.9034000E+02 3.6849999E-01
4.9082001E+02 3.6899999E-01
4.9131000E+02 3.6949000E-01
4.9179001E+02 3.6937001E-01
4.9226999E+02 3.6914000E-01
4.9275000E+02 3.6939001E-01
4.9323001E+02 3.6873001E-01
4.9372000E+02 3.6713001E-01
4.9420001E+02 3.6647999E-01
4.9467999E+02 3.6654001E-01
4.9516000E+02 3.6579999E-01
4.9564999E+02 3.6407000E-01
4.9613000E+02 3.6261001E-01
4.9660999E+02 3.6149001E-01
4.9709000E+02 3.6047000E-01
4.9757001E+02 3.6004001E-01
4.9806000E+02 3.5940999E-01
4.9854001E+02 3.5837999E-01
4.9901999E+02 3.5795999E-01
4.9950000E+02 3.5784000E-01
4.9998001E+02 3.5753000E-01
5.0047000E+02 3.5778999E-01
5.0095001E+02 3.5834000E-01
5.0142999E+02 3.5835001E-01
5.0191000E+02 3.5828000E-01
5.0239999E+02 3.5890999E-01
5.0288000E+02 3.5997000E-01
5.0335999E+02 3.6061001E-01
5.0384000E+02 3.6122000E-01
5.0432001E+02 3.6240000E-01
5.0481000E+02 3.6361000E-01
5.0529001E+02 3.6405000E-01
5.0576999E+02 3.6410999E-01
5.0625000E+02 3.6412999E-01
5.0673001E+02 3.6384001E-01
5.0722000E+02 3.6379999E-01
5.0770001E+02 3.6398000E-01
5.0817999E+02 3.6445001E-01
5.0866000E+02 3.6563000E-01
5.0914999E+02 3.6708000E-01
5.0963000E+02 3.6873999E-01
5.1010999E+02 3.7052000E-01
5.1059000E+02 3.7200999E-01
5.1107001E+02 3.7314001E-01
5.1156000E+02 3.7435001E-01
5.1203998E+02 3.7573999E-01
5.1252002E+02 3.7709001E-01
5.1300000E+02 3.7841001E-01
5.1348999E+02 3.7922999E-01
5.1396997E+02 3.7950999E-01
5.1445001E+02 3.8016999E-01
5.1492999E+02 3.8126999E-01
5.1540997E+02 3.8201001E-01
5.1590002E+02 3.8209000E-01
5.1638000E+02 3.8201001E-01
5.1685999E+02 3.8198999E-01
5.1734003E+02 3.8172999E-01
5.1782001E+02 3.8150999E-01
5.1831000E+02 3.8123000E-01
5.1878998E+02 3.8058999E-01
5.1927002E+02 3.7970001E-01
5.1975000E+02 3.7832001E-01
5.2023999E+02 3.7693000E-01
5.2071997E+02 3.7628999E-01
5.2120001E+02 3.7511000E-01
5.2167999E+02 3.7327000E-01
5.2215997E+02 3.7204999E-01
5.2265002E+02 3.7101999E-01
5.2313000E+02 3.6987999E-01
5.2360999E+02 3.6872000E-01
5.2409003E+02 3.6728001E-01
5.2457001E+02 3.6568999E-01
5.2506000E+02 3.6443999E-01
5.2553998E+02 3.6320999E-01
5.2602002E+02 3.6126000E-01
5.2650000E+02 3.5956001E-01
5.2698999E+02 3.5835999E-01
5.2746997E+02 3.5679999E-01
5.2795001E+02 3.5514000E-01
5.2842999E+02 3.5352001E-01
5.2890997E+02 3.5185999E-01
5.2940002E+02 3.4997001E-01
5.2988000E+02 3.4816000E-01
5.3035999E+02 3.4683999E-01
5.3084003E+02 3.4503001E-01
5.3132001E+02 3.4253001E-01
5.3181000E+02 3.4051001E-01
5.3228998E+02 3.3886999E-01
5.3277002E+02 3.3699000E-01
5.3325000E+02 3.3495000E-01
5.3373999E+02 3.3283001E-01
5.3421997E+02 3.3039999E-01
5.3470001E+02 3.2815000E-01
5.3517999E+02 3.2646999E-01
5.3565997E+02 3.2457000E-01
5.3615002E+02 3.2201999E-01
5.3663000E+02 3.1968001E-01
5.3710999E+02 3.1788999E-01
5.3759003E+02 3.1562999E-01
5.3807001E+02 3.1309000E-01
5.3856000E+02 3.1110001E-01
5.3903998E+02 3.0899000E-01
5.3952002E+02 3.0627999E-01
5.4000000E+02 3.0371001E-01
5.4048999E+02 3.0151999E-01
5.4096997E+02 2.9872000E-01
5.4145001E+02 2.9537001E-01
5.4192999E+02 2.9264000E-01
5.4240997E+02 2.9049999E-01
5.4290002E+02 2.8795999E-01
5.4338000E+02 2.8509000E-01
5.4385999E+02 2.8233999E-01
5.4434003E+02 2.7937001E-01
5.4482001E+02 2.7632999E-01
5.4531000E+02 2.7351999E-01
5.4578998E+02 2.7063999E-01
5.4627002E+02 2.6756001E-01
5.4675000E+02 2.6475000E-01
5.4723999E+02 2.6249000E-01
5.4771997E+02 2.5982001E-01
5.4820001E+02 2.5645000E-01
5.4867999E+02 2.5358000E-01
5.4915997E+02 2.5110000E-01
5.4965002E+02 2.4818000E-01
5.5013000E+02 2.4527000E-01
5.5060999E+02 2.4274001E-01
5.5109003E+02 2.4020000E-01
5.5157001E+02 2.3745000E-01
5.5206000E+02 2.3495001E-01
5.5253998E+02 2.3251000E-01
5.5302002E+02 2.2987001E-01
5.5350000E+02 2.2744000E-01
5.5398999E+02 2.2510000E-01
5.5446997E+02 2.2284000E-01
5.5495001E+02 2.2057000E-01
5.5542999E+02 2.1837001E-01
5.5590997E+02 2.1659000E-01
5.5640002E+02 2.1483000E-01
5.5688000E+02 2.1302000E-01
5.5735999E+02 2.1135999E-01
5.5784003E+02 2.0983000E-01
5.5832001E+02 2.0832001E-01
5.5881000E+02 2.0678000E-01
5.5928998E+02 2.0540000E-01
5.5977002E+02 2.0399000E-01
5.6025000E+02 2.0253000E-01
5.6073999E+02 2.0136000E-01
5.6121997E+02 2.0006999E-01
5.6170001E+02 1.9870999E-01
5.6217999E+02 1.9758999E-01
5.6265997E+02 1.9641000E-01
5.6315002E+02 1.9516000E-01
5.6363000E+02 1.9405000E-01
5.6410999E+02 1.9292000E-01
5.6459003E+02 1.9160999E-01
5.6507001E+02 1.9066000E-01
5.6556000E+02 1.9013999E-01
5.6603998E+02 1.8941000E-01
5.6652002E+02 1.8833999E-01
5.6700000E+02 1.8758000E-01
5.6748999E+02 1.8747000E-01
5.6796997E+02 1.8736000E-01
5.6845001E+02 1.8696000E-01
5.6892999E+02 1.8669000E-01
5.6940997E+02 1.8690000E-01
5.6990002E+02 1.8741000E-01
5.7038000E+02 1.8799999E-01
5.7085999E+02 1.8854000E-01
5.7134003E+02 1.8908000E-01
5.7182001E+02 1.8985000E-01
5.7231000E+02 1.9077000E-01
5.7278998E+02 1.9222000E-01
5.7327002E+02 1.9411001E-01
5.7375000E+02 1.9593000E-01
5.7423999E+02 1.9751000E-01
5.7471997E+02 1.9881999E-01
5.7520001E+02 2.0060000E-01
5.7567999E+02 2.0336001E-01
5.7615997E+02 2.0604999E-01
5.7665002E+02 2.0816000E-01
5.7713000E+02 2.1030000E-01
5.7760999E+02 2.1286000E-01
5.7809003E+02 2.1588001E-01
5.7857001E+02 2.1897000E-01
5.7906000E+02 2.2172000E-01
5.7953998E+02 2.2450000E-01
5.8002002E+02 2.2747999E-01
5.8050000E+02 2.3001000E-01
5.8098999E+02 2.3221999E-01
5.8146997E+02 2.3457000E-01
5.8195001E+02 2.3692000E-01
5.8242999E+02 2.3909999E-01
5.8290997E+02 2.4090999E-01
5.8340002E+02 2.4268000E-01
5.8388000E+02 2.4473999E-01
5.8435999E+02 2.4687999E-01
5.8484003E+02 2.4909000E-01
5.8532001E+02 2.5077000E-01
5.8581000E+02 2.5173000E-01
5.8628998E+02 2.5286999E-01
5.8677002E+02 2.5488001E-01
5.8725000E+02 2.5663999E-01
5.8773999E+02 2.5674999E-01
5.8821997E+02 2.5722000E-01
5.8870001E+02 2.5880000E-01
5.8917999E+02 2.5896001E-01
5.8965997E+02 2.5859001E-01
5.9015002E+02 2.5951001E-01
5.9063000E+02 2.6052999E-01
5.9110999E+02 2.6078001E-01
5.9159003E+02 2.6078001E-01
5.9207001E+02 2.6085001E-01
5.9256000E+02 2.6098001E-01
5.9303998E+02 2.6163000E-01
5.9352002E+02 2.6188001E-01
5.9400000E+02 2.6117000E-01
5.9448999E+02 2.6041001E-01
5.9496997E+02 2.5955001E-01
5.9545001E+02 2.5887999E-01
5.9592999E+02 2.5883999E-01
5.9640997E+02 2.5895000E-01
5.9690002E+02 2.5841999E-01
5.9738000E+02 2.5775999E-01
5.9785999E+02 2.5742999E-01
5.9834003E+02 2.5633001E-01
5.9882001E+02 2.5547001E-01
5.9931000E+02 2.5564000E-01
5.9978998E+02 2.5507000E-01
6.0027002E+02 2.5363001E-01
6.0075000E+02 2.5202000E-01
6.0123999E+02 2.5055000E-01
6.0171997E+02 2.5023001E-01
6.0220001E+02 2.5034001E-01
6.0267999E+02 2.4939001E-01
6.0315997E+02 2.4801999E-01
6.0365002E+02 2.4647000E-01
6.0413000E+02 2.4455000E-01
6.0460999E+02 2.4405000E-01
6.0509003E+02 2.4372000E-01
6.0557001E+02 2.4146999E-01
6.0606000E+02 2.4025001E-01
6.0653998E+02 2.3985000E-01
6.0702002E+02 2.3849000E-01
6.0750000E+02 2.3717999E-01
6.0798999E+02 2.3589000E-01
6.0846997E+02 2.3465000E-01
6.0895001E+02 2.3294000E-01
6.0942999E+02 2.3153000E-01
6.0990997E+02 2.3013000E-01
6.1040002E+02 2.2769000E-01
6.1088000E+02 2.2713000E-01
6.1135999E+02 2.2725999E-01
6.1184003E+02 2.2466999E-01
6.1232001E+02 2.2216000E-01
6.1281000E+02 2.2089000E-01
6.1328998E+02 2.1851000E-01
6.1377002E+02 2.1686999E-01
6.1425000E+02 2.1690001E-01
6.1473999E+02 2.1504000E-01
6.1521997E+02 2.1153000E-01
6.1570001E+02 2.0824000E-01
6.1617999E+02 2.0566000E-01
6.1665997E+02 2.0437001E-01
6.1715002E+02 2.0201001E-01
6.1763000E+02 2.0004000E-01
6.1810999E+02 2.0073999E-01
6.1859003E+02 2.0035000E-01
6.1907001E+02 1.9822000E-01
6.1956000E+02 1.9524001E-01
6.2003998E+02 1.9232000E-01
6.2052002E+02 1.9084001E-01
6.2100000E+02 1.8824001E-01
6.2148999E+02 1.8558000E-01
6.2196997E+02 1.8503000E-01
6.2245001E+02 1.8325000E-01
6.2292999E+02 1.8114001E-01
6.2340997E+02 1.8095000E-01
6.2390002E+02 1.7880000E-01
6.2438000E+02 1.7481001E-01
6.2485999E+02 1.7336001E-01
6.4000000E+02 1.5000001E-01
6.6000000E+02 1.3000000E-01
7.0000000E+02 1.2000000E-01
7.3700000E+02 1.1000000E-01
7.9071997E+02 1.0840000E-01
7.9120001E+02 1.0896000E-01
7.9167999E+02 1.0954000E-01
7.9216998E+02 1.0804000E-01
7.9265002E+02 1.0871000E-01
7.9313000E+02 1.0981000E-01
7.9360999E+02 1.0830000E-01
7.9409003E+02 1.0842000E-01
7.9458002E+02 1.0965000E-01
7.9506000E+02 1.0860000E-01
7.9553998E+02 1.0871000E-01
7.9602002E+02 1.0977000E-01
7.9650000E+02 1.0855000E-01
7.9698999E+02 1.0853000E-01
7.9746997E+02 1.0974000E-01
7.9795001E+02 1.0870000E-01
7.9842999E+02 1.0868000E-01
7.9891998E+02 1.1025000E-01
7.9940002E+02 1.0950000E-01
7.9988000E+02 1.0894000E-01
8.0035999E+02 1.0996000E-01
8.0084003E+02 1.0926000E-01
8.0133002E+02 1.0901000E-01
8.0181000E+02 1.1049000E-01
8.0228998E+02 1.0989000E-01
8.0277002E+02 1.0942000E-01
8.0325000E+02 1.1094000E-01
8.0373999E+02 1.1025000E-01
8.0421997E+02 1.0945000E-01
8.0470001E+02 1.1093000E-01
8.0517999E+02 1.1069000E-01
8.0566998E+02 1.1028000E-01
8.0615002E+02 1.1185000E-01
8.0663000E+02 1.1150000E-01
8.0710999E+02 1.1065000E-01
8.0759003E+02 1.1216000E-01
8.0808002E+02 1.1224000E-01
8.0856000E+02 1.1135000E-01
8.0903998E+02 1.1269000E-01
8.0952002E+02 1.1298000E-01
8.1000000E+02 1.1240000E-01
8.1048999E+02 1.1393000E-01
8.1096997E+02 1.1440000E-01
8.1145001E+02 1.1367000E-01
8.1192999E+02 1.1497000E-01
8.1241998E+02 1.1577000E-01
8.1290002E+02 1.1533000E-01
8.1338000E+02 1.1680000E-01
8.1385999E+02 1.1792000E-01
8.1434003E+02 1.1758000E-01
8.1483002E+02 1.1915000E-01
8.1531000E+02 1.2033000E-01
8.1578998E+02 1.2009000E-01
8.1627002E+02 1.2175000E-01
8.1675000E+02 1.2327000E-01
8.1723999E+02 1.2358000E-01
8.1771997E+02 1.2541001E-01
8.1820001E+02 1.2709001E-01
8.1867999E+02 1.2722000E-01
8.1916998E+02 1.2913001E-01
8.1965002E+02 1.3161001E-01
8.2013000E+02 1.3210000E-01
8.2060999E+02 1.3409001E-01
8.2109003E+02 1.3688999E-01
8.2158002E+02 1.3783000E-01
8.2206000E+02 1.4005999E-01
8.2253998E+02 1.4331999E-01
8.2302002E+02 1.4500999E-01
8.2350000E+02 1.4764000E-01
8.2398999E+02 1.5153000E-01
8.2446997E+02 1.5373001E-01
8.2495001E+02 1.5681000E-01
8.2542999E+02 1.6169000E-01
8.2591998E+02 1.6478001E-01
8.2640002E+02 1.6866000E-01
8.2688000E+02 1.7455000E-01
8.2735999E+02 1.7876001E-01
8.2784003E+02 1.8381000E-01
8.2833002E+02 1.9102000E-01
8.2881000E+02 1.9678000E-01
8.2928998E+02 2.0293000E-01
8.2977002E+02 2.1104001E-01
8.3025000E+02 2.1799999E-01
8.3073999E+02 2.2497000E-01
8.3121997E+02 2.3415001E-01
8.3170001E+02 2.4241000E-01
8.3217999E+02 2.4978000E-01
8.3266998E+02 2.5865999E-01
8.3315002E+02 2.6605999E-01
8.3363000E+02 2.7212000E-01
8.3410999E+02 2.7926001E-01
8.3459003E+02 2.8417000E-01
8.3508002E+02 2.8680000E-01
8.3556000E+02 2.9001001E-01
8.3603998E+02 2.9067001E-01
8.3652002E+02 2.8837001E-01
8.3700000E+02 2.8674001E-01
8.3748999E+02 2.8308001E-01
8.3796997E+02 2.7733001E-01
8.3845001E+02 2.7331001E-01
8.3892999E+02 2.6802000E-01
8.3941998E+02 2.6122999E-01
8.3990002E+02 2.5639999E-01
8.4038000E+02 2.5139001E-01
8.4085999E+02 2.4540000E-01
8.4134003E+02 2.4174000E-01
8.4183002E+02 2.3870000E-01
8.4231000E+02 2.3466000E-01
8.4278998E+02 2.3301999E-01
8.4327002E+02 2.3198000E-01
8.4375000E+02 2.2975001E-01
8.4423999E+02 2.2983000E-01
8.4471997E+02 2.3067001E-01
8.4520001E+02 2.3032001E-01
8.4567999E+02 2.3164999E-01
8.4616998E+02 2.3371001E-01
8.4665002E+02 2.3430000E-01
8.4713000E+02 2.3670000E-01
8.4760999E+02 2.4030000E-01
8.4809003E+02 2.4161001E-01
8.4858002E+02 2.4440999E-01
8.4906000E+02 2.4864000E-01
8.4953998E+02 2.5060001E-01
8.5002002E+02 2.5382000E-01
8.5050000E+02 2.5841001E-01
8.5098999E+02 2.6109001E-01
8.5146997E+02 2.6451001E-01
8.5195001E+02 2.6942000E-01
8.5242999E+02 2.7298000E-01
8.5291998E+02 2.7669001E-01
8.5340002E+02 2.8204000E-01
8.5388000E+02 2.8604999E-01
8.5435999E+02 2.9008999E-01
8.5484003E+02 2.9607999E-01
8.5533002E+02 3.0057001E-01
8.5581000E+02 3.0491000E-01
8.5628998E+02 3.1130999E-01
8.5677002E+02 3.1658000E-01
8.5725000E+02 3.2172000E-01
8.5773999E+02 3.2896000E-01
8.5821997E+02 3.3519000E-01
8.5870001E+02 3.4075001E-01
8.5917999E+02 3.4841001E-01
8.5966998E+02 3.5532999E-01
8.6015002E+02 3.6186999E-01
8.6063000E+02 3.7105000E-01
8.6110999E+02 3.7924999E-01
8.6159003E+02 3.8650000E-01
8.6208002E+02 3.9605999E-01
8.6256000E+02 4.0501001E-01
8.6303998E+02 4.1323000E-01
8.6352002E+02 4.2343000E-01
8.6400000E+02 4.3333000E-01
8.6448999E+02 4.4235000E-01
8.6496997E+02 4.5300001E-01
8.6545001E+02 4.6373999E-01
8.6592999E+02 4.7336999E-01
8.6641998E+02 4.8442000E-01
8.6690002E+02 4.9544999E-01
8.6738000E+02 5.0475001E-01
8.6785999E+02 5.1554000E-01
8.6834003E+02 5.2679998E-01
8.6883002E+02 5.3599000E-01
8.6931000E+02 5.4605001E-01
8.6978998E+02 5.5700999E-01
8.7027002E+02 5.6655997E-01
8.7075000E+02 5.7687002E-01
8.7123999E+02 5.8693999E-01
8.7171997E+02 5.9447002E-01
8.7220001E+02 6.0371000E-01
8.7267999E+02 6.1394000E-01
8.7316998E+02 6.2134999E-01
8.7365002E+02 6.2971997E-01
8.7413000E+02 6.3896000E-01
8.7460999E+02 6.4598000E-01
8.7509003E+02 6.5305001E-01
8.7558002E+02 6.6017002E-01
8.7606000E+02 6.6622001E-01
8.7653998E+02 6.7280000E-01
8.7702002E+02 6.7938000E-01
8.7750000E+02 6.8422002E-01
8.7798999E+02 6.8897998E-01
8.7846997E+02 6.9489002E-01
8.7895001E+02 6.9916999E-01
8.7942999E+02 7.0248002E-01
8.7991998E+02 7.0673001E-01
8.8040002E+02 7.0999002E-01
8.8088000E+02 7.1253997E-01
8.8135999E+02 7.1533000E-01
8.8184003E+02 7.1705002E-01
8.8233002E+02 7.1876001E-01
8.8281000E+02 7.2127998E-01
8.8328998E+02 7.2169000E-01
8.8377002E+02 7.2175002E-01
8.8426001E+02 7.2354001E-01
8.8473999E+02 7.2303998E-01
8.8521997E+02 7.2188002E-01
8.8570001E+02 7.2253001E-01
8.8617999E+02 7.2213000E-01
8.8666998E+02 7.2163999E-01
8.8715002E+02 7.2188002E-01
8.8763000E+02 7.2039002E-01
8.8810999E+02 7.1805000E-01
8.8859003E+02 7.1686000E-01
8.8908002E+02 7.1556002E-01
8.8956000E+02 7.1342999E-01
8.9003998E+02 7.1196997E-01
8.9052002E+02 7.1099001E-01
8.9101001E+02 7.0915002E-01
8.9148999E+02 7.0732999E-01
8.9196997E+02 7.0545000E-01
8.9245001E+02 7.0282000E-01
8.9292999E+02 7.0135999E-01
8.9341998E+02 6.9981998E-01
8.9390002E+02 6.9652998E-01
8.9438000E+02 6.9448000E-01
8.9485999E+02 6.9309998E-01
8.9534003E+02 6.9073999E-01
8.9583002E+02 6.8875998E-01
8.9631000E+02 6.8618000E-01
8.9678998E+02 6.8326002E-01
8.9727002E+02 6.8133998E-01
8.9776001E+02 6.7887002E-01
8.9823999E+02 6.7618001E-01
8.9871997E+02 6.7447001E-01
8.9920001E+02 6.7246997E-01
8.9967999E+02 6.6969001E-01
9.0016998E+02 6.6725999E-01
9.0065002E+02 6.6507000E-01
9.0113000E+02 6.6255999E-01
9.0160999E+02 6.6091001E-01
9.0209003E+02 6.5946001E-01
9.0258002E+02 6.5657002E-01
9.0306000E+02 6.5432000E-01
9.0353998E+02 6.5309000E-01
9.0402002E+02 6.5017003E-01
9.0451001E+02 6.4728999E-01
9.0498999E+02 6.4587998E-01
9.0546997E+02 6.4346999E-01
9.0595001E+02 6.4098001E-01
9.0642999E+02 6.3881999E-01
9.0691998E+02 6.3590997E-01
9.0740002E+02 6.3435000E-01
9.0788000E+02 6.3306999E-01
9.0835999E+02 6.3012999E-01
9.0884003E+02 6.2800002E-01
9.0933002E+02 6.2690002E-01
9.0981000E+02 6.2462002E-01
9.1028998E+02 6.2216002E-01
9.1077002E+02 6.2035000E-01
9.1126001E+02 6.1808002E-01
9.1173999E+02 6.1619002E-01
9.1221997E+02 6.1473000E-01
9.1270001E+02 6.1255002E-01
9.1317999E+02 6.1031997E-01
9.1366998E+02 6.0821003E-01
9.1415002E+02 6.0597998E-01
9.1463000E+02 6.0417998E-01
9.1510999E+02 6.0297000E-01
9.1559003E+02 6.0089999E-01
9.1608002E+02 5.9810001E-01
9.1656000E+02 5.9671003E-01
9.1703998E+02 5.9522998E-01
9.1752002E+02 5.9312999E-01
9.1801001E+02 5.9206998E-01
9.1848999E+02 5.8995998E-01
9.1896997E+02 5.8699000E-01
9.1945001E+02 5.8559000E-01
9.1992999E+02 5.8402002E-01
9.2041998E+02 5.8157003E-01
9.2090002E+02 5.8002001E-01
9.2138000E+02 5.7832003E-01
9.2185999E+02 5.7616001E-01
9.2234003E+02 5.7483000E-01
9.2283002E+02 5.7310998E-01
9.2331000E+02 5.7085001E-01
9.2378998E+02 5.6950003E-01
9.2427002E+02 5.6797999E-01
9.2476001E+02 5.6547999E-01
9.2523999E+02 5.6405997E-01
9.2571997E+02 5.6294000E-01
9.2620001E+02 5.6037003E-01
9.2667999E+02 5.5892998E-01
9.2716998E+02 5.5792999E-01
9.2765002E+02 5.5549002E-01
9.2813000E+02 5.5410999E-01
9.2860999E+02 5.5286002E-01
9.2909003E+02 5.4988998E-01
9.2958002E+02 5.4813999E-01
9.3006000E+02 5.4784000E-01
9.3053998E+02 5.4605001E-01
9.3102002E+02 5.4455000E-01
9.3151001E+02 5.4382002E-01
9.3198999E+02 5.4145998E-01
9.3246997E+02 5.4025000E-01
9.3295001E+02 5.4036999E-01
9.3342999E+02 5.3869998E-01
9.3391998E+02 5.3780001E-01
9.3440002E+02 5.3801000E-01
9.3488000E+02 5.3635001E-01
9.3535999E+02 5.3503001E-01
9.3584003E+02 5.3513998E-01
9.3633002E+02 5.3403002E-01
9.3681000E+02 5.3266001E-01
9.3728998E+02 5.3223997E-01
9.3777002E+02 5.3077000E-01
9.3826001E+02 5.2936000E-01
9.3873999E+02 5.2914000E-01
9.3921997E+02 5.2699000E-01
9.3970001E+02 5.2418000E-01
9.4017999E+02 5.2315003E-01
9.4066998E+02 5.2039999E-01
9.4115002E+02 5.1622999E-01
9.4163000E+02 5.1314002E-01
9.4210999E+02 5.0874001E-01
9.4259003E+02 5.0351000E-01
9.4308002E+02 4.9937999E-01
9.4356000E+02 4.9377999E-01
9.4403998E+02 4.8710001E-01
9.4452002E+02 4.8209000E-01
9.4501001E+02 4.7633001E-01
9.4548999E+02 4.6970999E-01
9.4596997E+02 4.6496999E-01
9.4645001E+02 4.6004999E-01
9.4692999E+02 4.5431000E-01
9.4741998E+02 4.4999999E-01
9.4790002E+02 4.4620001E-01
9.4838000E+02 4.4220001E-01
9.4885999E+02 4.3968999E-01
9.4934003E+02 4.3742999E-01
9.4983002E+02 4.3408999E-01
9.5031000E+02 4.3257999E-01
9.5078998E+02 4.3221000E-01
9.5127002E+02 4.3037999E-01
9.5176001E+02 4.2995000E-01
9.5223999E+02 4.3068001E-01
9.5271997E+02 4.3031999E-01
9.5320001E+02 4.3147001E-01
9.5367999E+02 4.3362001E-01
9.5416998E+02 4.3452999E-01
9.5465002E+02 4.3704000E-01
9.5513000E+02 4.4113001E-01
9.5560999E+02 4.4378999E-01
9.5609003E+02 4.4751999E-01
9.5658002E+02 4.5278999E-01
9.5706000E+02 4.5649001E-01
9.5753998E+02 4.6097001E-01
9.5802002E+02 4.6720001E-01
9.5851001E+02 4.7211999E-01
9.5898999E+02 4.7688001E-01
9.5946997E+02 4.8306999E-01
9.5995001E+02 4.8796001E-01
9.6042999E+02 4.9202999E-01
9.6091998E+02 4.9739000E-01
9.6140002E+02 5.0099999E-01
9.6188000E+02 5.0371999E-01
9.6235999E+02 5.0814998E-01
9.6284003E+02 5.1077998E-01
9.6333002E+02 5.1204002E-01
9.6381000E+02 5.1450998E-01
9.6428998E+02 5.1580000E-01
9.6477002E+02 5.1612997E-01
9.6526001E+02 5.1749003E-01
9.6573999E+02 5.1744998E-01
9.6621997E+02 5.1615000E-01
9.6670001E+02 5.1648003E-01
9.6717999E+02 5.1594001E-01
9.6766998E+02 5.1424003E-01
9.6815002E+02 5.1406002E-01
9.6863000E+02 5.1332003E-01
9.6910999E+02 5.1178002E-01
9.6959003E+02 5.1130003E-01
9.7008002E+02 5.1029003E-01
9.7056000E+02 5.0832999E-01
9.7103998E+02 5.0765997E-01
9.7152002E+02 5.0731999E-01
9.7201001E+02 5.0529999E-01
9.7248999E+02 5.0444001E-01
9.7296997E+02 5.0468999E-01
9.7345001E+02 5.0309998E-01
9.7392999E+02 5.0228000E-01
9.7441998E+02 5.0250000E-01
9.7490002E+02 5.0103003E-01
9.7538000E+02 5.0048000E-01
9.7585999E+02 5.0116998E-01
9.7634003E+02 5.0023001E-01
9.7683002E+02 5.0005001E-01
9.7731000E+02 5.0076002E-01
9.7778998E+02 4.9961001E-01
9.7827002E+02 4.9963999E-01
9.7876001E+02 5.0050998E-01
9.7923999E+02 4.9947000E-01
9.7971997E+02 4.9974999E-01
9.8020001E+02 5.0092000E-01
9.8067999E+02 5.0066000E-01
9.8116998E+02 5.0076002E-01
9.8165002E+02 5.0152999E-01
9.8213000E+02 5.0138003E-01
9.8260999E+02 5.0129002E-01
9.8309003E+02 5.0253999E-01
9.8358002E+02 5.0247997E-01
9.8406000E+02 5.0181001E-01
9.8453998E+02 5.0305998E-01
9.8502002E+02 5.0322002E-01
9.8551001E+02 5.0274003E-01
9.8598999E+02 5.0392002E-01
9.8646997E+02 5.0374001E-01
9.8695001E+02 5.0299001E-01
9.8742999E+02 5.0427002E-01
9.8791998E+02 5.0414002E-01
9.8840002E+02 5.0316000E-01
9.8888000E+02 5.0440001E-01
9.8935999E+02 5.0454003E-01
9.8984003E+02 5.0361001E-01
9.9033002E+02 5.0454998E-01
9.9081000E+02 5.0459999E-01
9.9128998E+02 5.0331998E-01
9.9177002E+02 5.0347000E-01
9.9226001E+02 5.0370002E-01
9.9273999E+02 5.0301999E-01
9.9321997E+02 5.0291002E-01
9.9370001E+02 5.0283003E-01
9.9417999E+02 5.0182998E-01
9.9466998E+02 5.0154001E-01
9.9515002E+02 5.0141001E-01
9.9563000E+02 4.9998000E-01
9.9610999E+02 4.9990001E-01
9.9659003E+02 5.0027001E-01
9.9708002E+02 4.9847001E-01
9.9756000E+02 4.9742001E-01
9.9803998E+02 4.9685001E-01
9.9852002E+02 4.9494001E-01
9.9901001E+02 4.9432999E-01
9.9948999E+02 4.9408001E-01
9.9996997E+02 4.9195999E-01
1.0005000E+03 4.9078000E-01
1.0009000E+03 4.9079001E-01
1.0014000E+03 4.8905000E-01
1.0019000E+03 4.8710999E-01
1.0024000E+03 4.8629999E-01
1.0029000E+03 4.8449001E-01
1.0033000E+03 4.8282999E-01
1.0038000E+03 4.8223999E-01
1.0043000E+03 4.8038000E-01
1.0048000E+03 4.7828001E-01
1.0053000E+03 4.7757000E-01
1.0058000E+03 4.7584999E-01
1.0062000E+03 4.7325000E-01
1.0067000E+03 4.7218999E-01
1.0072000E+03 4.7047001E-01
1.0077000E+03 4.6807000E-01
1.0082000E+03 4.6713001E-01
1.0086000E+03 4.6507999E-01
1.0091000E+03 4.6252000E-01
1.0096000E+03 4.6156001E-01
1.0101000E+03 4.5956001E-01
1.0106000E+03 4.5670000E-01
1.0111000E+03 4.5521000E-01
1.0115000E+03 4.5315000E-01
1.0120000E+03 4.5030999E-01
1.0125000E+03 4.4885999E-01
1.0130000E+03 4.4689000E-01
1.0135000E+03 4.4383001E-01
1.0140000E+03 4.4215000E-01
1.0144000E+03 4.4066000E-01
1.0149000E+03 4.3803999E-01
1.0154000E+03 4.3590000E-01
1.0159000E+03 4.3369001E-01
1.0164000E+03 4.3064001E-01
1.0168000E+03 4.2883000E-01
1.0173000E+03 4.2713001E-01
1.0178000E+03 4.2375001E-01
1.0183000E+03 4.2174000E-01
1.0188000E+03 4.2017001E-01
1.0193000E+03 4.1670001E-01
1.0197000E+03 4.1470999E-01
1.0202000E+03 4.1308999E-01
1.0207000E+03 4.0968001E-01
1.0212000E+03 4.0750000E-01
1.0217000E+03 4.0566000E-01
1.0221000E+03 4.0250000E-01
1.0226000E+03 3.9987999E-01
1.0231000E+03 3.9757001E-01
1.0236000E+03 3.9471000E-01
1.0241000E+03 3.9260000E-01
1.0246000E+03 3.9065000E-01
1.0250000E+03 3.8755000E-01
1.0255000E+03 3.8508001E-01
1.0260000E+03 3.8328999E-01
1.0265000E+03 3.8023001E-01
1.0270000E+03 3.7737000E-01
1.0275000E+03 3.7586999E-01
1.0279000E+03 3.7349001E-01
1.0284000E+03 3.7007999E-01
1.0289000E+03 3.6785999E-01
1.0294000E+03 3.6533999E-01
1.0299000E+03 3.6238000E-01
1.0303000E+03 3.6094001E-01
1.0308000E+03 3.5819000E-01
1.0313000E+03 3.5472000E-01
1.0318000E+03 3.5308000E-01
1.0323000E+03 3.5054001E-01
1.0328000E+03 3.4760001E-01
1.0332000E+03 3.4599000E-01
1.0337000E+03 3.4353000E-01
1.0342000E+03 3.4055001E-01
1.0347000E+03 3.3862001E-01
1.0352000E+03 3.3605999E-01
1.0356000E+03 3.3315000E-01
1.0361000E+03 3.3159000E-01
1.0366000E+03 3.2945001E-01
1.0371000E+03 3.2653001E-01
1.0376000E+03 3.2464999E-01
1.0381000E+03 3.2262000E-01
1.0385000E+03 3.1974000E-01
1.0390000E+03 3.1762999E-01
1.0395000E+03 3.1613001E-01
1.0400000E+03 3.1387001E-01
1.0405000E+03 3.1172001E-01
1.0410000E+03 3.0967000E-01
1.0414000E+03 3.0680001E-01
1.0419000E+03 3.0498999E-01
1.0424000E+03 3.0349001E-01
1.0429000E+03 3.0096000E-01
1.0434000E+03 2.9958001E-01
1.0438000E+03 2.9813999E-01
1.0443000E+03 2.9563999E-01
1.0448000E+03 2.9405999E-01
1.0453000E+03 2.9234999E-01
1.0458000E+03 2.8994000E-01
1.0463000E+03 2.8865001E-01
1.0467000E+03 2.8751001E-01
1.0472000E+03 2.8512999E-01
1.0477000E+03 2.8354999E-01
1.0482000E+03 2.8295001E-01
1.0487000E+03 2.8132999E-01
1.0491000E+03 2.7954999E-01
1.0496000E+03 2.7836999E-01
1.0501000E+03 2.7674001E-01
1.0506000E+03 2.7509999E-01
1.0511000E+03 2.7405000E-01
1.0516000E+03 2.7232000E-01
1.0520000E+03 2.7070999E-01
1.0525000E+03 2.7048001E-01
1.0530000E+03 2.6903999E-01
1.0535000E+03 2.6712000E-01
1.0540000E+03 2.6677001E-01
1.0545000E+03 2.6574001E-01
1.0549000E+03 2.6442999E-01
1.0554000E+03 2.6396999E-01
1.0559000E+03 2.6260000E-01
1.0564000E+03 2.6128000E-01
1.0569000E+03 2.6097000E-01
1.0573000E+03 2.5982001E-01
1.0578000E+03 2.5848001E-01
1.0583000E+03 2.5817001E-01
1.0588000E+03 2.5736001E-01
1.0593000E+03 2.5619999E-01
1.0598000E+03 2.5564000E-01
1.0602000E+03 2.5505000E-01
1.0607000E+03 2.5426000E-01
1.0612000E+03 2.5382000E-01
1.0617000E+03 2.5319999E-01
1.0622000E+03 2.5185001E-01
1.0626000E+03 2.5150999E-01
1.0631000E+03 2.5139999E-01
1.0636000E+03 2.4969999E-01
1.0641000E+03 2.4936000E-01
1.0646000E+03 2.4974000E-01
1.0651000E+03 2.4835999E-01
1.0655000E+03 2.4789999E-01
1.0660000E+03 2.4762000E-01
1.0665000E+03 2.4640000E-01
1.0670000E+03 2.4650000E-01
1.0675000E+03 2.4634001E-01
1.0680000E+03 2.4510001E-01
1.0684000E+03 2.4492000E-01
1.0689000E+03 2.4506000E-01
1.0694000E+03 2.4406999E-01
1.0699000E+03 2.4324000E-01
1.0704000E+03 2.4344000E-01
1.0708000E+03 2.4302000E-01
1.0713000E+03 2.4232000E-01
1.0718000E+03 2.4248999E-01
1.0723000E+03 2.4180000E-01
1.0728000E+03 2.4108000E-01
1.0733000E+03 2.4164000E-01
1.0737000E+03 2.4098000E-01
1.0742000E+03 2.3991001E-01
1.0747000E+03 2.4038000E-01
1.0752000E+03 2.3998000E-01
1.0757000E+03 2.3890001E-01
1.0761000E+03 2.3885000E-01
1.0766000E+03 2.3857000E-01
1.0771000E+03 2.3828000E-01
1.0776000E+03 2.3840000E-01
1.0781000E+03 2.3755001E-01
1.0786000E+03 2.3710001E-01
1.0790000E+03 2.3748000E-01
1.0795000E+03 2.3672000E-01
1.0800000E+03 2.3596001E-01
1.0805000E+03 2.3610000E-01
1.0810000E+03 2.3607001E-01
1.0815000E+03 2.3540001E-01
1.0819000E+03 2.3494001E-01
1.0824000E+03 2.3497000E-01
1.0829000E+03 2.3457000E-01
1.0834000E+03 2.3453000E-01
1.0839000E+03 2.3450001E-01
1.0843000E+03 2.3357999E-01
1.0848000E+03 2.3359001E-01
1.0853000E+03 2.3397000E-01
1.0858000E+03 2.3316000E-01
1.0863000E+03 2.3297000E-01
1.0868000E+03 2.3296000E-01
1.0872000E+03 2.3191001E-01
1.0877000E+03 2.3198000E-01
1.0882000E+03 2.3187999E-01
1.0887000E+03 2.3086999E-01
1.0892000E+03 2.3124000E-01
1.0896000E+03 2.3131999E-01
1.0901000E+03 2.3030999E-01
1.0906000E+03 2.3004000E-01
1.0911000E+03 2.3013000E-01
1.0916000E+03 2.2996999E-01
1.0921000E+03 2.2962999E-01
1.0925000E+03 2.2925000E-01
1.0930000E+03 2.2897001E-01
1.0935000E+03 2.2864000E-01
1.0940000E+03 2.2860999E-01
1.0945000E+03 2.2814000E-01
1.0950000E+03 2.2751001E-01
1.0954000E+03 2.2776000E-01
1.0959000E+03 2.2718000E-01
1.0964000E+03 2.2660001E-01
1.0969000E+03 2.2718000E-01
1.0974000E+03 2.2684000E-01
1.0978000E+03 2.2626001E-01
1.0983000E+03 2.2612999E-01
1.0988000E+03 2.2520000E-01
1.0993000E+03 2.2493000E-01
1.0998000E+03 2.2544999E-01
1.1003000E+03 2.2479001E-01
1.1007000E+03 2.2431999E-01
1.1012000E+03 2.2457001E-01
1.1017000E+03 2.2407000E-01
1.1022000E+03 2.2362000E-01
1.1027000E+03 2.2355001E-01
1.1031000E+03 2.2307000E-01
1.1036000E+03 2.2262000E-01
1.1041000E+03 2.2228000E-01
1.1046000E+03 2.2176000E-01
1.1051000E+03 2.2124000E-01
1.1056000E+03 2.2112000E-01
1.1060000E+03 2.2113000E-01
1.1065000E+03 2.2062001E-01
1.1070000E+03 2.2031000E-01
1.1075000E+03 2.1985000E-01
1.1080000E+03 2.1908000E-01
1.1085000E+03 2.1924999E-01
1.1089000E+03 2.1902999E-01
1.1094000E+03 2.1815000E-01
1.1099000E+03 2.1811999E-01
1.1104000E+03 2.1775000E-01
1.1109000E+03 2.1697000E-01
1.1113000E+03 2.1698999E-01
1.1118000E+03 2.1648000E-01
1.1123000E+03 2.1561000E-01
1.1128000E+03 2.1551999E-01
1.1133000E+03 2.1505000E-01
1.1138000E+03 2.1454000E-01
1.1142000E+03 2.1426000E-01
1.1147000E+03 2.1371999E-01
1.1152000E+03 2.1328001E-01
1.1157000E+03 2.1280000E-01
1.1162000E+03 2.1255000E-01
1.1166000E+03 2.1206000E-01
1.1171000E+03 2.1132000E-01
1.1176000E+03 2.1127000E-01
1.1181000E+03 2.1086000E-01
1.1186000E+03 2.1018000E-01
1.1191000E+03 2.0997000E-01
1.1195000E+03 2.0914000E-01
1.1200000E+03 2.0863000E-01
1.1205000E+03 2.0871000E-01
1.1210000E+03 2.0761000E-01
1.1215000E+03 2.0705000E-01
1.1220000E+03 2.0709001E-01
1.1224000E+03 2.0581999E-01
1.1229000E+03 2.0523000E-01
1.1234000E+03 2.0519000E-01
1.1239000E+03 2.0427001E-01
1.1244000E+03 2.0396000E-01
1.1248000E+03 2.0374000E-01
1.1253000E+03 2.0273000E-01
1.1258000E+03 2.0193000E-01
1.1263000E+03 2.0141000E-01
1.1268000E+03 2.0101000E-01
1.1273000E+03 2.0050000E-01
1.1277000E+03 2.0003000E-01
1.1282000E+03 1.9939999E-01
1.1287000E+03 1.9842000E-01
1.1292000E+03 1.9825999E-01
1.1297000E+03 1.9761001E-01
1.1301000E+03 1.9650000E-01
1.1306000E+03 1.9664000E-01
1.1311000E+03 1.9599000E-01
1.1316000E+03 1.9482000E-01
1.1321000E+03 1.9478001E-01
1.1326000E+03 1.9401000E-01
1.1330000E+03 1.9303000E-01
1.1335000E+03 1.9316000E-01
1.1340000E+03 1.9248000E-01
1.1345000E+03 1.9137999E-01
1.1350000E+03 1.9118001E-01
1.1355000E+03 1.9050001E-01
1.1359000E+03 1.8962000E-01
1.1364000E+03 1.8904001E-01
1.1369000E+03 1.8832000E-01
1.1374000E+03 1.8776000E-01
1.1379000E+03 1.8719000E-01
1.1383000E+03 1.8661000E-01
1.1388000E+03 1.8573000E-01
1.1393000E+03 1.8512000E-01
1.1398000E+03 1.8499000E-01
1.1403000E+03 1.8400000E-01
1.1408000E+03 1.8333000E-01
1.1412000E+03 1.8318000E-01
1.1417000E+03 1.8207000E-01
1.1422000E+03 1.8150000E-01
1.1427000E+03 1.8099000E-01
1.1432000E+03 1.7946000E-01
1.1436000E+03 1.7925000E-01
1.1441000E+03 1.7915000E-01
1.1446000E+03 1.7773999E-01
1.1451000E+03 1.7735000E-01
1.1456000E+03 1.7699000E-01
1.1461000E+03 1.7573000E-01
1.1465000E+03 1.7530000E-01
1.1470000E+03 1.7482001E-01
1.1475000E+03 1.7396000E-01
1.1480000E+03 1.7355999E-01
1.1485000E+03 1.7272000E-01
1.1490000E+03 1.7183000E-01
1.1494000E+03 1.7141999E-01
1.1499000E+03 1.7095000E-01
1.1504000E+03 1.7008001E-01
1.1509000E+03 1.6924000E-01
1.1514000E+03 1.6921000E-01
1.1518000E+03 1.6851000E-01
1.1523000E+03 1.6742000E-01
1.1528000E+03 1.6723999E-01
1.1533000E+03 1.6631000E-01
1.1538000E+03 1.6553000E-01
1.1543000E+03 1.6558000E-01
1.1547000E+03 1.6432001E-01
1.1552000E+03 1.6299000E-01
1.1557000E+03 1.6301000E-01
1.1562000E+03 1.6236000E-01
1.1567000E+03 1.6142000E-01
1.1571000E+03 1.6131000E-01
1.1576000E+03 1.6056000E-01
1.1581000E+03 1.5975000E-01
1.1586000E+03 1.5920000E-01
1.1591000E+03 1.5813001E-01
1.1596000E+03 1.5760000E-01
1.1600000E+03 1.5735000E-01
1.1605000E+03 1.5657000E-01
1.1610000E+03 1.5569000E-01
1.1615000E+03 1.5508001E-01
1.1620000E+03 1.5467000E-01
1.1625000E+03 1.5375000E-01
1.1629000E+03 1.5299000E-01
1.1634000E+03 1.5265000E-01
1.1639000E+03 1.5166000E-01
1.1644000E+03 1.5119000E-01
1.1649000E+03 1.5076999E-01
1.1653000E+03 1.4944001E-01
1.1658000E+03 1.4944001E-01
1.1663000E+03 1.4924000E-01
1.1668000E+03 1.4764000E-01
1.1673000E+03 1.4729001E-01
1.1678000E+03 1.4697000E-01
1.1682000E+03 1.4578000E-01
1.1687000E+03 1.4543000E-01
1.1692000E+03 1.4505000E-01
1.1697000E+03 1.4435001E-01
1.1702000E+03 1.4413001E-01
1.1706000E+03 1.4339000E-01
1.1711000E+03 1.4229000E-01
1.1716000E+03 1.4162000E-01
1.1721000E+03 1.4126000E-01
1.1726000E+03 1.4071000E-01
1.1731000E+03 1.3985001E-01
1.1735000E+03 1.3947999E-01
1.1740000E+03 1.3885000E-01
1.1745000E+03 1.3817000E-01
1.1750000E+03 1.3819000E-01
1.1755000E+03 1.3716000E-01
1.1760000E+03 1.3643999E-01
1.1764000E+03 1.3684000E-01
1.1769000E+03 1.3562000E-01
1.1774000E+03 1.3460000E-01
1.1779000E+03 1.3489000E-01
1.1784000E+03 1.3395999E-01
1.1788000E+03 1.3328999E-01
1.1793000E+03 1.3327000E-01
1.1798000E+03 1.3224000E-01
1.1803000E+03 1.3178000E-01
1.1808000E+03 1.3168000E-01
1.1813000E+03 1.3070001E-01
1.1817000E+03 1.3015001E-01
1.1822000E+03 1.3005000E-01
1.1827000E+03 1.2944999E-01
1.1832000E+03 1.2853999E-01
1.1837000E+03 1.2813000E-01
1.1841000E+03 1.2797000E-01
1.1846000E+03 1.2740000E-01
1.1851000E+03 1.2726000E-01
1.1856000E+03 1.2695999E-01
1.1861000E+03 1.2587000E-01
1.1866000E+03 1.2592000E-01
1.1870000E+03 1.2598000E-01
1.1875000E+03 1.2462000E-01
1.1880000E+03 1.2441000E-01
1.1885000E+03 1.2454000E-01
1.1890000E+03 1.2355000E-01
1.1895000E+03 1.2333000E-01
1.1899000E+03 1.2299000E-01
1.1904000E+03 1.2219000E-01
1.1909000E+03 1.2230000E-01
1.1914000E+03 1.2196000E-01
1.1919000E+03 1.2113000E-01
1.1923000E+03 1.2099000E-01
1.1928000E+03 1.2089000E-01
1.1933000E+03 1.2029000E-01
1.1938000E+03 1.1974000E-01
1.1943000E+03 1.1964000E-01
1.1948000E+03 1.1950000E-01
1.1952000E+03 1.1916000E-01
1.1957000E+03 1.1907000E-01
1.1962000E+03 1.1850000E-01
1.1967000E+03 1.1792000E-01
1.1972000E+03 1.1815000E-01
1.1976000E+03 1.1745000E-01
1.1981000E+03 1.1684000E-01
1.1986000E+03 1.1754000E-01
1.1991000E+03 1.1689000E-01
1.1996000E+03 1.1613000E-01
1.2001000E+03 1.1649000E-01
1.2005000E+03 1.1582000E-01
1.2010000E+03 1.1557000E-01
1.2015000E+03 1.1592000E-01
1.2020000E+03 1.1510000E-01
1.2025000E+03 1.1481000E-01
1.2030000E+03 1.1502000E-01
1.2034000E+03 1.1435000E-01
1.2039000E+03 1.1390000E-01
1.2044000E+03 1.1415000E-01
1.2049000E+03 1.1428000E-01
1.2054000E+03 1.1401000E-01
1.2058000E+03 1.1373000E-01
1.2063000E+03 1.1345000E-01
1.2068000E+03 1.1293000E-01
1.2073000E+03 1.1305000E-01
1.2078000E+03 1.1315000E-01
1.2083000E+03 1.1238000E-01
1.2087000E+03 1.1276000E-01
1.2092000E+03 1.1328000E-01
1.2097000E+03 1.1229000E-01
1.2102000E+03 1.1223000E-01
1.2107000E+03 1.1250000E-01
1.2111000E+03 1.1199000E-01
1.2116000E+03 1.1229000E-01
1.2121000E+03 1.1222000E-01
1.2126000E+03 1.1159000E-01
1.2131000E+03 1.1185000E-01
1.2136000E+03 1.1177000E-01
1.2140000E+03 1.1124000E-01
1.2145000E+03 1.1141000E-01
1.2150000E+03 1.1164000E-01
1.2155000E+03 1.1133000E-01
1.2160000E+03 1.1080000E-01
1.2165000E+03 1.1068000E-01
1.2169000E+03 1.1072000E-01
1.2174000E+03 1.1080000E-01
1.2179000E+03 1.1150000E-01
1.2184000E+03 1.1137000E-01
1.2189000E+03 1.1070000E-01
1.2193000E+03 1.1122000E-01
1.2198000E+03 1.1084000E-01
1.2203000E+03 1.1029000E-01
1.2208000E+03 1.1095000E-01
1.2213000E+03 1.1053000E-01
1.2218000E+03 1.1038000E-01
1.2222000E+03 1.1101000E-01
1.2227000E+03 1.1039000E-01
1.2232000E+03 1.1013000E-01
1.2237000E+03 1.1043000E-01
1.2242000E+03 1.0997000E-01
1.2246000E+03 1.1008000E-01
1.2251000E+03 1.1070000E-01
1.2256000E+03 1.1049000E-01
1.2261000E+03 1.1023000E-01
1.2266000E+03 1.1031000E-01
1.2271000E+03 1.1028000E-01
1.2275000E+03 1.1018000E-01
1.2280000E+03 1.1028000E-01
1.2285000E+03 1.1032000E-01
1.2290000E+03 1.0975000E-01
1.2295000E+03 1.0994000E-01
1.2300000E+03 1.1047000E-01
1.2304000E+03 1.0977000E-01
1.2309000E+03 1.0990000E-01
1.2314000E+03 1.1029000E-01
1.2319000E+03 1.0962000E-01
1.2324000E+03 1.1006000E-01
1.2328000E+03 1.1031000E-01
1.2333000E+03 1.0958000E-01
1.2338000E+03 1.0975000E-01
1.2343000E+03 1.0968000E-01
1.2348000E+03 1.0920000E-01
1.2353000E+03 1.0948000E-01
1.2357000E+03 1.0953000E-01
1.2362000E+03 1.0922000E-01
1.2367000E+03 1.0932000E-01
1.2372000E+03 1.0943000E-01
1.2377000E+03 1.0923000E-01
1.2381000E+03 1.0915000E-01
1.2386000E+03 1.0924000E-01
1.2391000E+03 1.0900000E-01
1.2396000E+03 1.0882000E-01
1.2401000E+03 1.0933000E-01
1.2406000E+03 1.0888000E-01
1.2410000E+03 1.0807000E-01
1.2415000E+03 1.0866000E-01
1.2420000E+03 1.0846000E-01
1.2425000E+03 1.0798000E-01
1.2430000E+03 1.0866000E-01
1.2435000E+03 1.0826000E-01
1.2439000E+03 1.0804000E-01
1.2444000E+03 1.0866000E-01
1.2449000E+03 1.0790000E-01
1.2454000E+03 1.0755000E-01
1.2459000E+03 1.0786000E-01
1.2463000E+03 1.0741000E-01
1.2468000E+03 1.0748000E-01
1.2473000E+03 1.0769000E-01
1.2478000E+03 1.0736000E-01
1.2483000E+03 1.0746000E-01
1.2488000E+03 1.0758000E-01
1.2492000E+03 1.0728000E-01
1.2497000E+03 1.0709000E-01
1.2502000E+03 1.0735000E-01
1.2507000E+03 1.0754000E-01
1.2512000E+03 1.0712000E-01
1.2516000E+03 1.0718000E-01
1.2521000E+03 1.0736000E-01
1.2526000E+03 1.0673000E-01
1.2531000E+03 1.0703000E-01
1.2536000E+03 1.0732000E-01
1.2541000E+03 1.0639000E-01
1.2545000E+03 1.0668000E-01
1.2550000E+03 1.0699000E-01
1.2555000E+03 1.0645000E-01
1.2560000E+03 1.0692000E-01
1.2565000E+03 1.0675000E-01
1.2570000E+03 1.0622000E-01
1.2574000E+03 1.0665000E-01
1.2579000E+03 1.0644000E-01
1.2584000E+03 1.0608000E-01
1.2589000E+03 1.0628000E-01
1.2594000E+03 1.0603000E-01
1.2598000E+03 1.0574000E-01
1.2603000E+03 1.0588000E-01
1.2608000E+03 1.0599000E-01
1.2613000E+03 1.0557000E-01
1.2618000E+03 1.0495000E-01
1.2623000E+03 1.0515000E-01
1.2627000E+03 1.0506000E-01
1.2632000E+03 1.0460000E-01
1.2637000E+03 1.0510000E-01
1.2642000E+03 1.0470000E-01
1.2647000E+03 1.0404000E-01
1.2652000E+03 1.0446000E-01
1.2656000E+03 1.0399000E-01
1.2661000E+03 1.0384000E-01
1.2666000E+03 1.0422000E-01
1.2671000E+03 1.0347000E-01
1.2676000E+03 1.0335000E-01
1.2680000E+03 1.0368000E-01
1.2685000E+03 1.0307000E-01
1.2690000E+03 1.0288000E-01
1.2695000E+03 1.0300000E-01
1.2700000E+03 1.0261000E-01
1.2705000E+03 1.0211000E-01
1.2709000E+03 1.0189000E-01
1.2714000E+03 1.0210000E-01
1.2719000E+03 1.0187000E-01
1.2724000E+03 1.0140000E-01
1.2729000E+03 1.0120000E-01
1.2733000E+03 1.0052000E-01
1.2738000E+03 1.0051000E-01
1.2743000E+03 1.0066000E-01
1.2748000E+03 9.9689998E-02
1.2753000E+03 9.9710003E-02
1.2758000E+03 9.9849999E-02
1.2762000E+03 9.8970003E-02
1.2767000E+03 9.9009998E-02
1.2772000E+03 9.8750003E-02
1.2777000E+03 9.7870000E-02
1.2782000E+03 9.7879998E-02
1.2787000E+03 9.7450003E-02
1.2791000E+03 9.6910000E-02
1.2796000E+03 9.7149998E-02
1.2801000E+03 9.6819997E-02
1.2806000E+03 9.6170001E-02
1.2811000E+03 9.6019998E-02
1.2815000E+03 9.5780000E-02
1.2820000E+03 9.5339999E-02
1.2825000E+03 9.4930001E-02
1.2830000E+03 9.4729997E-02
1.2835000E+03 9.4319999E-02
1.2840000E+03 9.3810000E-02
1.2844000E+03 9.4020002E-02
1.2849000E+03 9.3500003E-02
1.2854000E+03 9.2560001E-02
1.2859000E+03 9.2840001E-02
1.2864000E+03 9.2440002E-02
1.2868000E+03 9.1969997E-02
1.2873000E+03 9.2359997E-02
1.2878000E+03 9.1610000E-02
1.2883000E+03 9.1040000E-02
1.2888000E+03 9.0980001E-02
1.2893000E+03 8.9939997E-02
1.2897000E+03 8.9790002E-02
1.2902000E+03 9.0039998E-02
1.2907000E+03 8.9089997E-02
1.2912000E+03 8.8579997E-02
1.2917000E+03 8.8390000E-02
1.2922000E+03 8.7779999E-02
1.2926000E+03 8.7509997E-02
1.2931000E+03 8.7219998E-02
1.2936000E+03 8.6719997E-02
1.2941000E+03 8.6209998E-02
1.2946000E+03 8.6060002E-02
1.2950000E+03 8.6029999E-02
1.2955000E+03 8.5290000E-02
1.2960000E+03 8.5129999E-02
1.2965000E+03 8.5100003E-02
1.2970000E+03 8.4020004E-02
1.2975000E+03 8.3930001E-02
1.2979000E+03 8.3920002E-02
1.2984000E+03 8.2929999E-02
1.2989000E+03 8.2769997E-02
1.2994000E+03 8.2190000E-02
1.2999000E+03 8.1260003E-02
1.3003000E+03 8.1479996E-02
1.3008000E+03 8.1100002E-02
1.3013000E+03 8.0470003E-02
1.3018000E+03 8.0480002E-02
1.3023000E+03 7.9860002E-02
1.3028000E+03 7.9070002E-02
1.3032000E+03 7.8809999E-02
1.3037000E+03 7.8460000E-02
1.3042000E+03 7.8120001E-02
1.3047000E+03 7.7859998E-02
1.3052000E+03 7.7399999E-02
1.3057000E+03 7.6710001E-02
1.3061000E+03 7.6169997E-02
1.3066000E+03 7.6350003E-02
1.3071000E+03 7.5819999E-02
1.3076000E+03 7.5180002E-02
1.3081000E+03 7.5570002E-02
1.3085000E+03 7.4819997E-02
1.3090000E+03 7.4050002E-02
1.3095000E+03 7.3950000E-02
1.3100000E+03 7.2980002E-02
1.3105000E+03 7.2949998E-02
1.3110000E+03 7.3190004E-02
1.3114000E+03 7.2039999E-02
1.3119000E+03 7.2080001E-02
1.3124000E+03 7.2630003E-02
1.3129000E+03 7.1719997E-02
1.3134000E+03 7.1319997E-02
1.3138000E+03 7.0929997E-02
1.3143000E+03 7.0119999E-02
1.3148000E+03 7.0009999E-02
1.3153000E+03 6.9527000E-02
1.3158000E+03 6.8686001E-02
1.3163000E+03 6.8328999E-02
1.3167000E+03 6.8634003E-02
1.3172000E+03 6.8646997E-02
1.3177000E+03 6.7566998E-02
1.3182000E+03 6.7245997E-02
1.3187000E+03 6.7625001E-02
1.3192000E+03 6.6922002E-02
1.3196000E+03 6.6667996E-02
1.3201000E+03 6.6560999E-02
1.3206000E+03 6.5605998E-02
1.3211000E+03 6.5580003E-02
1.3216000E+03 6.5030001E-02
1.3220000E+03 6.3957997E-02
1.3225000E+03 6.4030997E-02
1.3230000E+03 6.3584000E-02
1.3235000E+03 6.3152000E-02
1.3240000E+03 6.3293003E-02
1.3245000E+03 6.2633999E-02
1.3249000E+03 6.2229000E-02
1.3254000E+03 6.2380999E-02
1.3259000E+03 6.1900001E-02
1.3264000E+03 6.1321001E-02
1.3269000E+03 6.0903002E-02
1.3273000E+03 6.0603000E-02
1.3278000E+03 6.0295999E-02
1.3283000E+03 5.9904002E-02
1.3288000E+03 5.9989002E-02
1.3293000E+03 5.9613999E-02
1.3298000E+03 5.9248999E-02
1.3302000E+03 5.9514001E-02
1.3307000E+03 5.8816001E-02
1.3312000E+03 5.8451999E-02
1.3317000E+03 5.8679000E-02
1.3322000E+03 5.7670001E-02
1.3327000E+03 5.7409000E-02
1.3331000E+03 5.7725001E-02
1.3336000E+03 5.6883998E-02
1.3341000E+03 5.6789000E-02
1.3346000E+03 5.6795001E-02
1.3351000E+03 5.6097001E-02
1.3355000E+03 5.6178998E-02
1.3360000E+03 5.6295000E-02
1.3365000E+03 5.6299001E-02
1.3370000E+03 5.6131002E-02
1.3375000E+03 5.5445999E-02
1.3380000E+03 5.5307001E-02
1.3384000E+03 5.5482000E-02
1.3389000E+03 5.5615000E-02
1.3394000E+03 5.5521000E-02
1.3399000E+03 5.5369999E-02
1.3404000E+03 5.5527002E-02
1.3408000E+03 5.4363001E-02
1.3413000E+03 5.3006999E-02
1.3418000E+03 5.3541001E-02
1.3423000E+03 5.3389002E-02
1.3428000E+03 5.2343000E-02
1.3433000E+03 5.2705001E-02
1.3437000E+03 5.2468002E-02
1.3442000E+03 5.1661000E-02
1.3447000E+03 5.2076999E-02
1.3452000E+03 5.1835999E-02
1.3457000E+03 5.1566001E-02
1.3462000E+03 5.1871002E-02
1.3466000E+03 5.1158998E-02
1.3471000E+03 5.0818000E-02
1.3476000E+03 5.1222999E-02
1.3481000E+03 5.0981000E-02
1.3486000E+03 5.0609998E-02
1.3490000E+03 5.0955001E-02
1.3495000E+03 5.1123001E-02
1.3500000E+03 5.0425999E-02
1.3505000E+03 5.0030001E-02
1.3510000E+03 5.0117001E-02
1.3515000E+03 4.9642999E-02
1.3519000E+03 4.9502999E-02
1.3524000E+03 4.9784001E-02
1.3529000E+03 4.9201999E-02
1.3534000E+03 4.9355999E-02
1.3539000E+03 4.9872998E-02
1.3543000E+03 4.9265001E-02
1.3548000E+03 4.9398001E-02
1.3553000E+03 4.9286000E-02
1.3558000E+03 4.8365999E-02
1.3563000E+03 4.8728000E-02
1.3568000E+03 4.8769999E-02
1.3572000E+03 4.8138998E-02
1.3577000E+03 4.8765998E-02
1.3582000E+03 4.9109001E-02
1.3587000E+03 4.8253000E-02
1.3592000E+03 4.7972001E-02
1.3597000E+03 4.8255000E-02
1.3601000E+03 4.8234001E-02
1.3606000E+03 4.8597999E-02
1.3611000E+03 4.9001999E-02
1.3616000E+03 4.8310999E-02
1.3621000E+03 4.7952000E-02
1.3625000E+03 4.9229998E-02
1.3630000E+03 4.9667999E-02
1.3635000E+03 4.8312001E-02
1.3640000E+03 4.8023999E-02
1.3645000E+03 4.7784999E-02
1.3650000E+03 4.6978999E-02
1.3654000E+03 4.7605000E-02
1.3659000E+03 4.7479000E-02
1.3664000E+03 4.6916999E-02
1.3669000E+03 4.7531001E-02
1.3674000E+03 4.7047999E-02
1.3678000E+03 4.6805002E-02
1.3683000E+03 4.7977000E-02
1.3688000E+03 4.7715001E-02
1.3693000E+03 4.6799999E-02
1.3698000E+03 4.7056001E-02
1.3703000E+03 4.7088001E-02
1.3707000E+03 4.6803001E-02
1.3712000E+03 4.6966001E-02
1.3717000E+03 4.7120001E-02
1.3722000E+03 4.7074001E-02
1.3727000E+03 4.6964001E-02
1.3732000E+03 4.7093000E-02
1.3736000E+03 4.7019001E-02
1.3741000E+03 4.6870999E-02
1.3746000E+03 4.7550999E-02
1.3751000E+03 4.7407001E-02
1.3756000E+03 4.6714000E-02
1.3760000E+03 4.6762999E-02
1.3765000E+03 4.6225999E-02
1.3770000E+03 4.6346001E-02
1.3775000E+03 4.7031999E-02
1.3780000E+03 4.6907999E-02
1.3785000E+03 4.7054000E-02
1.3789000E+03 4.6886999E-02
1.3794000E+03 4.6286002E-02
1.3799000E+03 4.6236999E-02
1.3804000E+03 4.6303999E-02
1.3809000E+03 4.5984998E-02
1.3813000E+03 4.5798998E-02
1.3818000E+03 4.5947999E-02
1.3823000E+03 4.5802001E-02
1.3828000E+03 4.5729000E-02
1.3833000E+03 4.6016000E-02
1.3838000E+03 4.5756001E-02
1.3842000E+03 4.5246001E-02
1.3847000E+03 4.5809999E-02
1.3852000E+03 4.5851000E-02
1.3857000E+03 4.5090001E-02
1.3862000E+03 4.6160001E-02
1.3867000E+03 4.6503998E-02
1.3871000E+03 4.6128999E-02
1.3876000E+03 4.7212001E-02
1.3881000E+03 4.6190999E-02
1.3886000E+03 4.5033999E-02
1.3891000E+03 4.5683999E-02
1.3895000E+03 4.5205001E-02
1.3900000E+03 4.4913001E-02
1.3905000E+03 4.5696001E-02
1.3910000E+03 4.5717001E-02
1.3915000E+03 4.5170002E-02
1.3920000E+03 4.5113001E-02
1.3924000E+03 4.4927999E-02
1.3929000E+03 4.4821002E-02
1.3934000E+03 4.4881999E-02
1.3939000E+03 4.5483999E-02
1.3944000E+03 4.6719000E-02
1.3948000E+03 4.6172999E-02
1.3953000E+03 4.5398001E-02
1.3958000E+03 4.5010000E-02
1.3963000E+03 4.4250999E-02
1.3968000E+03 4.4470999E-02
1.3973000E+03 4.4737998E-02
1.3977000E+03 4.5354001E-02
1.3982000E+03 4.5076001E-02
1.3987000E+03 4.4126000E-02
1.3992000E+03 4.5124002E-02
1.3997000E+03 4.4914000E-02
1.4002000E+03 4.3395001E-02
1.4006000E+03 4.3623000E-02
1.4011000E+03 4.3779001E-02
1.4016000E+03 4.3116000E-02
1.4021000E+03 4.3117002E-02
1.4026000E+03 4.3117002E-02
1.4030000E+03 4.2686000E-02
1.4035000E+03 4.2606000E-02
1.4040000E+03 4.2753998E-02
1.4045000E+03 4.3024998E-02
1.4050000E+03 4.3267999E-02
1.4055000E+03 4.3023001E-02
1.4059000E+03 4.2312998E-02
1.4064000E+03 4.1781999E-02
1.4069000E+03 4.2252000E-02
1.4074000E+03 4.2151000E-02
