1.7261000E+02 1.0972000E-02
1.7309000E+02 1.6533000E-02
1.7357001E+02 1.8119000E-02
1.7405000E+02 1.3077000E-02
1.7453999E+02 1.2129000E-02
1.7502000E+02 1.2930000E-02
1.7550000E+02 1.5334000E-02
1.7598000E+02 1.8797999E-02
1.7647000E+02 1.4351000E-02
1.7695000E+02 1.2993000E-02
1.7742999E+02 1.7623000E-02
1.7791000E+02 1.6182000E-02
1.7839000E+02 1.4142000E-02
1.7888000E+02 1.4964000E-02
1.7936000E+02 1.3692000E-02
1.7984000E+02 1.2742000E-02
1.8032001E+02 1.2550000E-02
1.8080000E+02 1.3691000E-02
1.8128999E+02 1.5859000E-02
1.8177000E+02 1.4223000E-02
1.8225000E+02 1.1817000E-02
1.8273000E+02 1.1781000E-02
1.8322000E+02 1.2412000E-02
1.8370000E+02 1.3634000E-02
1.8417999E+02 1.4367000E-02
1.8466000E+02 1.3412000E-02
1.8514000E+02 1.3119000E-02
1.8563000E+02 1.2699000E-02
1.8611000E+02 1.1275000E-02
1.8659000E+02 1.1774000E-02
1.8707001E+02 1.2733000E-02
1.8755000E+02 1.5617000E-02
1.8803999E+02 1.9472999E-02
1.8852000E+02 1.7271999E-02
1.8900000E+02 1.3812000E-02
1.8948000E+02 1.3978000E-02
1.8997000E+02 1.3694000E-02
1.9045000E+02 1.3137000E-02
1.9092999E+02 1.3012000E-02
1.9141000E+02 1.3752000E-02
1.9189000E+02 1.5663000E-02
1.9238000E+02 1.5434000E-02
1.9286000E+02 1.6326001E-02
1.9334000E+02 1.8022001E-02
1.9382001E+02 1.7537000E-02
1.9430000E+02 1.8226000E-02
1.9478999E+02 1.7140999E-02
1.9527000E+02 1.5850000E-02
1.9575000E+02 1.7232999E-02
1.9623000E+02 1.6595000E-02
1.9672000E+02 1.6068000E-02
1.9720000E+02 1.7883001E-02
1.9767999E+02 1.8679000E-02
1.9816000E+02 1.8084999E-02
1.9864000E+02 1.8262999E-02
1.9913000E+02 1.8542999E-02
1.9961000E+02 1.8736999E-02
2.0009000E+02 1.8847000E-02
2.0057001E+02 1.7945999E-02
2.0105000E+02 1.8812999E-02
2.0153999E+02 1.9078000E-02
2.0202000E+02 2.6067000E-02
2.0250000E+02 4.0824000E-02
2.0298000E+02 3.5473999E-02
2.0347000E+02 2.0857001E-02
2.0395000E+02 1.8105000E-02
2.0442999E+02 1.8719001E-02
2.0491000E+02 1.9706000E-02
2.0539000E+02 2.0416999E-02
2.0588000E+02 2.0654000E-02
2.0636000E+02 2.1493001E-02
2.0684000E+02 2.2763999E-02
2.0732001E+02 2.2732001E-02
2.0780000E+02 2.4698000E-02
2.0828999E+02 2.9092001E-02
2.0877000E+02 2.6253000E-02
2.0925000E+02 2.2058001E-02
2.0973000E+02 2.2831000E-02
2.1022000E+02 2.4286000E-02
2.1070000E+02 2.5705000E-02
2.1117999E+02 2.6311999E-02
2.1166000E+02 2.6472000E-02
2.1214000E+02 2.8204000E-02
2.1263000E+02 2.8635999E-02
2.1311000E+02 2.7619001E-02
2.1359000E+02 2.9099001E-02
2.1407001E+02 3.0913999E-02
2.1455000E+02 3.1761002E-02
2.1503999E+02 3.1401001E-02
2.1552000E+02 2.9727999E-02
2.1600000E+02 2.9153001E-02
2.1648000E+02 2.9447000E-02
2.1697000E+02 3.0118000E-02
2.1745000E+02 3.0967999E-02
2.1792999E+02 3.2042000E-02
2.1841000E+02 3.2844000E-02
2.1889000E+02 3.3188000E-02
2.1938000E+02 3.3390000E-02
2.1986000E+02 3.3918999E-02
2.2034000E+02 3.4731999E-02
2.2082001E+02 3.6361001E-02
2.2130000E+02 4.0507998E-02
2.2178999E+02 4.1717000E-02
2.2227000E+02 3.8276002E-02
2.2275000E+02 3.7181001E-02
2.2323000E+02 3.9762001E-02
2.2372000E+02 4.1386001E-02
2.2420000E+02 3.9264999E-02
2.2467999E+02 3.8648002E-02
2.2516000E+02 4.0548000E-02
2.2564000E+02 4.3345999E-02
2.2613000E+02 4.7460001E-02
2.2661000E+02 4.6526998E-02
2.2709000E+02 4.6200000E-02
2.2757001E+02 5.1938001E-02
2.2805000E+02 5.0914001E-02
2.2853999E+02 4.5609999E-02
2.2902000E+02 4.5632999E-02
2.2950000E+02 4.6948001E-02
2.2998000E+02 4.7919001E-02
2.3047000E+02 4.9867000E-02
2.3095000E+02 5.1373001E-02
2.3142999E+02 5.1874001E-02
2.3191000E+02 5.2614000E-02
2.3239000E+02 5.2795999E-02
2.3288000E+02 5.3475000E-02
2.3336000E+02 5.5404000E-02
2.3384000E+02 5.5964999E-02
2.3432001E+02 5.6247000E-02
2.3480000E+02 5.6621999E-02
2.3528999E+02 5.7027999E-02
2.3577000E+02 5.8107998E-02
2.3625000E+02 5.9032001E-02
2.3673000E+02 5.9999999E-02
2.3722000E+02 6.1032001E-02
2.3770000E+02 6.2369000E-02
2.3817999E+02 6.3446999E-02
2.3866000E+02 6.3555002E-02
2.3914000E+02 6.3911997E-02
2.3963000E+02 6.4763002E-02
2.4011000E+02 6.5458998E-02
2.4059000E+02 6.6808000E-02
2.4107001E+02 6.8433002E-02
2.4155000E+02 6.9516003E-02
2.4203999E+02 7.0175998E-02
2.4252000E+02 7.1203001E-02
2.4300000E+02 7.2535001E-02
2.4348000E+02 7.3932998E-02
2.4397000E+02 7.6714002E-02
2.4445000E+02 7.8119002E-02
2.4492999E+02 7.9984002E-02
2.4541000E+02 8.3159998E-02
2.4589000E+02 8.1900001E-02
2.4638000E+02 8.0107003E-02
2.4686000E+02 8.0610998E-02
2.4734000E+02 8.4432997E-02
2.4782001E+02 8.9199997E-02
2.4830000E+02 8.7342001E-02
2.4878999E+02 8.5467003E-02
2.4927000E+02 8.6925000E-02
2.4975000E+02 8.7324999E-02
2.5023000E+02 8.7866999E-02
2.5072000E+02 8.8425003E-02
2.5120000E+02 8.9458004E-02
2.5167999E+02 9.0241998E-02
2.5216000E+02 9.2024997E-02
2.5264000E+02 9.4049998E-02
2.5313000E+02 9.7383000E-02
2.5361000E+02 1.0772000E-01
2.5409000E+02 1.0802000E-01
2.5457001E+02 9.7267002E-02
2.5506000E+02 9.5950000E-02
2.5553999E+02 9.8517001E-02
2.5601999E+02 9.9825002E-02
2.5650000E+02 1.0071000E-01
2.5698001E+02 1.0136000E-01
2.5747000E+02 1.0262000E-01
2.5795001E+02 1.0312000E-01
2.5842999E+02 1.0396000E-01
2.5891000E+02 1.0492000E-01
2.5939001E+02 1.0588000E-01
2.5988000E+02 1.0707000E-01
2.6035999E+02 1.0824000E-01
2.6084000E+02 1.0927000E-01
2.6132001E+02 1.1010000E-01
2.6181000E+02 1.1041000E-01
2.6229001E+02 1.1102000E-01
2.6276999E+02 1.1275000E-01
2.6325000E+02 1.1411000E-01
2.6373001E+02 1.1482000E-01
2.6422000E+02 1.1567000E-01
2.6470001E+02 1.1706000E-01
2.6517999E+02 1.1829000E-01
2.6566000E+02 1.2033000E-01
2.6614001E+02 1.2232000E-01
2.6663000E+02 1.2160000E-01
2.6710999E+02 1.2101000E-01
2.6759000E+02 1.2182000E-01
2.6807001E+02 1.2254000E-01
2.6856000E+02 1.2346000E-01
2.6904001E+02 1.2447000E-01
2.6951999E+02 1.2493000E-01
2.7000000E+02 1.2551001E-01
2.7048001E+02 1.2622000E-01
2.7097000E+02 1.2703000E-01
2.7145001E+02 1.2863000E-01
2.7192999E+02 1.2992001E-01
2.7241000E+02 1.3027000E-01
2.7289001E+02 1.3074000E-01
2.7338000E+02 1.3152000E-01
2.7385999E+02 1.3220000E-01
2.7434000E+02 1.3380000E-01
2.7482001E+02 1.3576999E-01
2.7531000E+02 1.3789000E-01
2.7579001E+02 1.4038000E-01
2.7626999E+02 1.4110000E-01
2.7675000E+02 1.4108001E-01
2.7723001E+02 1.4178000E-01
2.7772000E+02 1.4618000E-01
2.7820001E+02 1.5243000E-01
2.7867999E+02 1.5064999E-01
2.7916000E+02 1.4653000E-01
2.7964001E+02 1.4850999E-01
2.8013000E+02 1.5197000E-01
2.8060999E+02 1.5256000E-01
2.8109000E+02 1.5172000E-01
2.8157001E+02 1.5498000E-01
2.8206000E+02 1.5916000E-01
2.8254001E+02 1.5722001E-01
2.8301999E+02 1.5524000E-01
2.8350000E+02 1.5651000E-01
2.8398001E+02 1.5741999E-01
2.8447000E+02 1.5774000E-01
2.8495001E+02 1.5839000E-01
2.8542999E+02 1.5965000E-01
2.8591000E+02 1.6035999E-01
2.8639001E+02 1.6056000E-01
2.8688000E+02 1.6087000E-01
2.8735999E+02 1.6098000E-01
2.8784000E+02 1.6123000E-01
2.8832001E+02 1.6078000E-01
2.8881000E+02 1.6164000E-01
2.8929001E+02 1.6362999E-01
2.8976999E+02 1.6143000E-01
2.9025000E+02 1.5847000E-01
2.9073001E+02 1.5803000E-01
2.9122000E+02 1.5673000E-01
2.9170001E+02 1.5542001E-01
2.9217999E+02 1.5460999E-01
2.9266000E+02 1.5334000E-01
2.9314001E+02 1.5210000E-01
2.9363000E+02 1.5101001E-01
2.9410999E+02 1.4992000E-01
2.9459000E+02 1.4832000E-01
2.9507001E+02 1.4687000E-01
2.9556000E+02 1.4571001E-01
2.9604001E+02 1.4391001E-01
2.9651999E+02 1.4206000E-01
2.9700000E+02 1.4103000E-01
2.9748001E+02 1.3999000E-01
2.9797000E+02 1.3918000E-01
2.9845001E+02 1.3812000E-01
2.9892999E+02 1.3637000E-01
2.9941000E+02 1.3496000E-01
2.9989001E+02 1.3344000E-01
3.0038000E+02 1.3237000E-01
3.0085999E+02 1.3165000E-01
3.0134000E+02 1.3297001E-01
3.0182001E+02 1.3338000E-01
3.0231000E+02 1.3308001E-01
3.0279001E+02 1.3722000E-01
3.0326999E+02 1.3447000E-01
3.0375000E+02 1.2651999E-01
3.0423001E+02 1.2578000E-01
3.0472000E+02 1.2659000E-01
3.0520001E+02 1.2559000E-01
3.0567999E+02 1.2537000E-01
3.0616000E+02 1.2512000E-01
3.0664001E+02 1.2457000E-01
3.0713000E+02 1.2463000E-01
3.0760999E+02 1.2506001E-01
3.0809000E+02 1.2552001E-01
3.0857001E+02 1.2572999E-01
3.0906000E+02 1.2633000E-01
3.0954001E+02 1.2727000E-01
3.1001999E+02 1.2732001E-01
3.1050000E+02 1.2751000E-01
3.1098001E+02 1.2831999E-01
3.1147000E+02 1.2895000E-01
3.1195001E+02 1.2955999E-01
3.1242999E+02 1.3025001E-01
3.1291000E+02 1.3107000E-01
3.1339001E+02 1.3246000E-01
3.1388000E+02 1.3399000E-01
3.1435999E+02 1.3623001E-01
3.1484000E+02 1.3839000E-01
3.1532001E+02 1.3823000E-01
3.1581000E+02 1.3823999E-01
3.1629001E+02 1.3992000E-01
3.1676999E+02 1.4153001E-01
3.1725000E+02 1.4297999E-01
3.1773001E+02 1.4470001E-01
3.1822000E+02 1.4691000E-01
3.1870001E+02 1.4926000E-01
3.1917999E+02 1.5105000E-01
3.1966000E+02 1.5302999E-01
3.2014001E+02 1.5533000E-01
3.2063000E+02 1.5782000E-01
3.2110999E+02 1.6064000E-01
3.2159000E+02 1.6298001E-01
3.2207001E+02 1.6568001E-01
3.2256000E+02 1.6902000E-01
3.2304001E+02 1.7367999E-01
3.2351999E+02 1.7992000E-01
3.2400000E+02 1.8181001E-01
3.2448001E+02 1.8055999E-01
3.2497000E+02 1.8310000E-01
3.2545001E+02 1.8727000E-01
3.2592999E+02 1.9100000E-01
3.2641000E+02 1.9462000E-01
3.2689001E+02 2.0004000E-01
3.2738000E+02 2.0781000E-01
3.2785999E+02 2.1083000E-01
3.2834000E+02 2.1028000E-01
3.2882001E+02 2.1250001E-01
3.2931000E+02 2.1653000E-01
3.2979001E+02 2.2082999E-01
3.3026999E+02 2.2487999E-01
3.3075000E+02 2.2900000E-01
3.3123001E+02 2.3300000E-01
3.3172000E+02 2.3693000E-01
3.3220001E+02 2.4144000E-01
3.3267999E+02 2.4604000E-01
3.3316000E+02 2.5020000E-01
3.3364001E+02 2.5468001E-01
3.3413000E+02 2.5966001E-01
3.3460999E+02 2.6525000E-01
3.3509000E+02 2.7074999E-01
3.3557001E+02 2.7379999E-01
3.3606000E+02 2.7687001E-01
3.3654001E+02 2.8127000E-01
3.3701999E+02 2.8551999E-01
3.3750000E+02 2.9027000E-01
3.3798001E+02 2.9495001E-01
3.3847000E+02 2.9916999E-01
3.3895001E+02 3.0377001E-01
3.3942999E+02 3.0904999E-01
3.3991000E+02 3.1456000E-01
3.4039001E+02 3.1951001E-01
3.4088000E+02 3.2339999E-01
3.4135999E+02 3.2782999E-01
3.4184000E+02 3.3263999E-01
3.4232001E+02 3.3697000E-01
3.4281000E+02 3.4240001E-01
3.4329001E+02 3.4744000E-01
3.4376999E+02 3.5152000E-01
3.4425000E+02 3.5624999E-01
3.4473001E+02 3.6078000E-01
3.4522000E+02 3.6513999E-01
3.4570001E+02 3.6993000E-01
3.4617999E+02 3.7406999E-01
3.4666000E+02 3.7830999E-01
3.4714001E+02 3.8315001E-01
3.4763000E+02 3.8766000E-01
3.4810999E+02 3.9263999E-01
3.4859000E+02 3.9728999E-01
3.4907001E+02 4.0215999E-01
3.4956000E+02 4.0733001E-01
3.5004001E+02 4.0994999E-01
3.5051999E+02 4.1161999E-01
3.5100000E+02 4.1567001E-01
3.5148001E+02 4.2197001E-01
3.5197000E+02 4.2612001E-01
3.5245001E+02 4.2688000E-01
3.5292999E+02 4.2825001E-01
3.5341000E+02 4.3156001E-01
3.5389001E+02 4.3608999E-01
3.5438000E+02 4.3838000E-01
3.5485999E+02 4.3788001E-01
3.5534000E+02 4.3937001E-01
3.5582001E+02 4.4148999E-01
3.5631000E+02 4.4214001E-01
3.5679001E+02 4.4376999E-01
3.5726999E+02 4.4468999E-01
3.5775000E+02 4.4408000E-01
3.5823001E+02 4.4440001E-01
3.5872000E+02 4.4427001E-01
3.5920001E+02 4.4312999E-01
3.5967999E+02 4.4262001E-01
3.6016000E+02 4.4244999E-01
3.6064001E+02 4.4202000E-01
3.6113000E+02 4.4103000E-01
3.6160999E+02 4.3954000E-01
3.6209000E+02 4.3792000E-01
3.6257001E+02 4.3626001E-01
3.6306000E+02 4.3443999E-01
3.6354001E+02 4.3200999E-01
3.6401999E+02 4.2960000E-01
3.6450000E+02 4.2747000E-01
3.6498001E+02 4.2501000E-01
3.6547000E+02 4.2217001E-01
3.6595001E+02 4.1940001E-01
3.6642999E+02 4.1700000E-01
3.6691000E+02 4.1422999E-01
3.6739001E+02 4.1112000E-01
3.6788000E+02 4.0779999E-01
3.6835999E+02 4.0450999E-01
3.6884000E+02 4.0171999E-01
3.6932001E+02 3.9939001E-01
3.6981000E+02 3.9662001E-01
3.7029001E+02 3.9245999E-01
3.7076999E+02 3.8850001E-01
3.7125000E+02 3.8503999E-01
3.7173001E+02 3.8157001E-01
3.7222000E+02 3.7906000E-01
3.7270001E+02 3.7718999E-01
3.7317999E+02 3.7492999E-01
3.7366000E+02 3.7338999E-01
3.7414001E+02 3.7281999E-01
3.7463000E+02 3.7074000E-01
3.7510999E+02 3.6789000E-01
3.7559000E+02 3.6671001E-01
3.7607001E+02 3.6603001E-01
3.7656000E+02 3.6410999E-01
3.7704001E+02 3.6250001E-01
3.7751999E+02 3.6254001E-01
3.7800000E+02 3.6364001E-01
3.7848001E+02 3.6506000E-01
3.7897000E+02 3.6546001E-01
3.7945001E+02 3.6564001E-01
3.7992999E+02 3.6607000E-01
3.8041000E+02 3.6702001E-01
3.8089001E+02 3.6891001E-01
3.8138000E+02 3.7041000E-01
3.8185999E+02 3.7222999E-01
3.8234000E+02 3.7457001E-01
3.8282001E+02 3.7738001E-01
3.8331000E+02 3.8152999E-01
3.8379001E+02 3.8503000E-01
3.8426999E+02 3.8791999E-01
3.8475000E+02 3.9175999E-01
3.8523001E+02 3.9542001E-01
3.8572000E+02 3.9941999E-01
3.8620001E+02 4.0344000E-01
3.8667999E+02 4.0746000E-01
3.8716000E+02 4.1330999E-01
3.8764999E+02 4.1955000E-01
3.8813000E+02 4.2513001E-01
3.8860999E+02 4.3015000E-01
3.8909000E+02 4.3606001E-01
3.8957001E+02 4.4361001E-01
3.9006000E+02 4.5102000E-01
3.9054001E+02 4.5954999E-01
3.9101999E+02 4.6884000E-01
3.9150000E+02 4.7661999E-01
3.9198001E+02 4.8500001E-01
3.9247000E+02 4.9456999E-01
3.9295001E+02 5.0352001E-01
3.9342999E+02 5.1274002E-01
3.9391000E+02 5.2249998E-01
3.9439999E+02 5.3101999E-01
3.9488000E+02 5.3846002E-01
3.9535999E+02 5.4610002E-01
3.9584000E+02 5.5414999E-01
3.9632001E+02 5.6202000E-01
3.9681000E+02 5.6954998E-01
3.9729001E+02 5.7687998E-01
3.9776999E+02 5.8218998E-01
3.9825000E+02 5.8590001E-01
3.9873001E+02 5.9033000E-01
3.9922000E+02 5.9307998E-01
3.9970001E+02 5.9483999E-01
4.0017999E+02 5.9746999E-01
4.0066000E+02 5.9858000E-01
4.0114999E+02 5.9999001E-01
4.0163000E+02 6.0267001E-01
4.0210999E+02 6.0368001E-01
4.0259000E+02 6.0400999E-01
4.0307001E+02 6.0617000E-01
4.0356000E+02 6.0777003E-01
4.0404001E+02 6.0724998E-01
4.0451999E+02 6.0733002E-01
4.0500000E+02 6.0788000E-01
4.0548001E+02 6.0759002E-01
4.0597000E+02 6.0731000E-01
4.0645001E+02 6.0720998E-01
4.0692999E+02 6.0622001E-01
4.0741000E+02 6.0439998E-01
4.0789999E+02 6.0337001E-01
4.0838000E+02 6.0233998E-01
4.0885999E+02 6.0033000E-01
4.0934000E+02 5.9881997E-01
4.0982001E+02 5.9680998E-01
4.1031000E+02 5.9407997E-01
4.1079001E+02 5.9134001E-01
4.1126999E+02 5.8740002E-01
4.1175000E+02 5.8314002E-01
4.1223001E+02 5.7932001E-01
4.1272000E+02 5.7577997E-01
4.1320001E+02 5.7147998E-01
4.1367999E+02 5.6668001E-01
4.1416000E+02 5.6255001E-01
4.1464999E+02 5.5807000E-01
4.1513000E+02 5.5325001E-01
4.1560999E+02 5.4920000E-01
4.1609000E+02 5.4514998E-01
4.1657001E+02 5.4017001E-01
4.1706000E+02 5.3648001E-01
4.1754001E+02 5.3311002E-01
4.1801999E+02 5.2868998E-01
4.1850000E+02 5.2399999E-01
4.1898001E+02 5.1867998E-01
4.1947000E+02 5.1427001E-01
4.1995001E+02 5.0937003E-01
4.2042999E+02 5.0376999E-01
4.2091000E+02 4.9972001E-01
4.2139999E+02 4.9601999E-01
4.2188000E+02 4.9160001E-01
4.2235999E+02 4.8765001E-01
4.2284000E+02 4.8383999E-01
4.2332001E+02 4.7852001E-01
4.2381000E+02 4.7334999E-01
4.2429001E+02 4.6961999E-01
4.2476999E+02 4.6562001E-01
4.2525000E+02 4.6075001E-01
4.2573001E+02 4.5627001E-01
4.2622000E+02 4.5217001E-01
4.2670001E+02 4.4784001E-01
4.2717999E+02 4.4362000E-01
4.2766000E+02 4.3934000E-01
4.2814999E+02 4.3520999E-01
4.2863000E+02 4.3112999E-01
4.2910999E+02 4.2706999E-01
4.2959000E+02 4.2329001E-01
4.3007001E+02 4.1968000E-01
4.3056000E+02 4.1602001E-01
4.3104001E+02 4.1231999E-01
4.3151999E+02 4.0827999E-01
4.3200000E+02 4.0425000E-01
4.3248001E+02 4.0033001E-01
4.3297000E+02 3.9592001E-01
4.3345001E+02 3.9157999E-01
4.3392999E+02 3.8762999E-01
4.3441000E+02 3.8466001E-01
4.3489999E+02 3.8112000E-01
4.3538000E+02 3.7623999E-01
4.3585999E+02 3.7209001E-01
4.3634000E+02 3.6787000E-01
4.3682001E+02 3.6302000E-01
4.3731000E+02 3.5857999E-01
4.3779001E+02 3.5457000E-01
4.3826999E+02 3.5036999E-01
4.3875000E+02 3.4608999E-01
4.3923001E+02 3.4200999E-01
4.3972000E+02 3.3807999E-01
4.4020001E+02 3.3428001E-01
4.4067999E+02 3.3076999E-01
4.4116000E+02 3.2782999E-01
4.4164999E+02 3.2482001E-01
4.4213000E+02 3.2192999E-01
4.4260999E+02 3.1951001E-01
4.4309000E+02 3.1766000E-01
4.4357001E+02 3.1608000E-01
4.4406000E+02 3.1384999E-01
4.4454001E+02 3.1143999E-01
4.4501999E+02 3.1002000E-01
4.4550000E+02 3.0928001E-01
4.4598001E+02 3.0853000E-01
4.4647000E+02 3.0799001E-01
4.4695001E+02 3.0706000E-01
4.4742999E+02 3.0570999E-01
4.4791000E+02 3.0473000E-01
4.4839999E+02 3.0373001E-01
4.4888000E+02 3.0252001E-01
4.4935999E+02 3.0212000E-01
4.4984000E+02 3.0230001E-01
4.5032001E+02 3.0221000E-01
4.5081000E+02 3.0212000E-01
4.5129001E+02 3.0204999E-01
4.5176999E+02 3.0175000E-01
4.5225000E+02 3.0155000E-01
4.5273001E+02 3.0193999E-01
4.5322000E+02 3.0195999E-01
4.5370001E+02 3.0157000E-01
4.5417999E+02 3.0158001E-01
4.5466000E+02 3.0162999E-01
4.5514999E+02 3.0197001E-01
4.5563000E+02 3.0210999E-01
4.5610999E+02 3.0256999E-01
4.5659000E+02 3.0359000E-01
4.5707001E+02 3.0447999E-01
4.5756000E+02 3.0491000E-01
4.5804001E+02 3.0322000E-01
4.5851999E+02 3.0175000E-01
4.5900000E+02 3.0228999E-01
4.5948001E+02 3.0287001E-01
4.5997000E+02 3.0309999E-01
4.6045001E+02 3.0303001E-01
4.6092999E+02 3.0348000E-01
4.6141000E+02 3.0434000E-01
4.6189999E+02 3.0401999E-01
4.6238000E+02 3.0318001E-01
4.6285999E+02 3.0280000E-01
4.6334000E+02 3.0283999E-01
4.6382001E+02 3.0313000E-01
4.6431000E+02 3.0318999E-01
4.6479001E+02 3.0333999E-01
4.6526999E+02 3.0377001E-01
4.6575000E+02 3.0403000E-01
4.6623001E+02 3.0408001E-01
4.6672000E+02 3.0421999E-01
4.6720001E+02 3.0447999E-01
4.6767999E+02 3.0452001E-01
4.6816000E+02 3.0425999E-01
4.6864999E+02 3.0406001E-01
4.6913000E+02 3.0414999E-01
4.6960999E+02 3.0412999E-01
4.7009000E+02 3.0425999E-01
4.7057001E+02 3.0471000E-01
4.7106000E+02 3.0476001E-01
4.7154001E+02 3.0526999E-01
4.7201999E+02 3.0704001E-01
4.7250000E+02 3.0812001E-01
4.7298001E+02 3.0799001E-01
4.7347000E+02 3.0860001E-01
4.7395001E+02 3.1018999E-01
4.7442999E+02 3.1237999E-01
4.7491000E+02 3.1499001E-01
4.7539999E+02 3.1786999E-01
4.7588000E+02 3.2179999E-01
4.7635999E+02 3.2675001E-01
4.7684000E+02 3.3080000E-01
4.7732001E+02 3.3482999E-01
4.7781000E+02 3.4066999E-01
4.7829001E+02 3.4718001E-01
4.7876999E+02 3.5420999E-01
4.7925000E+02 3.6160001E-01
4.7973001E+02 3.6853001E-01
4.8022000E+02 3.7586001E-01
4.8070001E+02 3.8468999E-01
4.8117999E+02 3.9383000E-01
4.8166000E+02 4.0206999E-01
4.8214999E+02 4.1031000E-01
4.8263000E+02 4.1885000E-01
4.8310999E+02 4.2825001E-01
4.8359000E+02 4.3820000E-01
4.8407001E+02 4.4777000E-01
4.8456000E+02 4.5754999E-01
4.8504001E+02 4.6720001E-01
4.8551999E+02 4.7527999E-01
4.8600000E+02 4.8313001E-01
4.8648001E+02 4.9237001E-01
4.8697000E+02 5.0133002E-01
4.8745001E+02 5.0928003E-01
4.8792999E+02 5.1617002E-01
4.8841000E+02 5.2341998E-01
4.8889999E+02 5.3173000E-01
4.8938000E+02 5.3846997E-01
4.8985999E+02 5.4496998E-01
4.9034000E+02 5.5146998E-01
4.9082001E+02 5.5588001E-01
4.9131000E+02 5.6063998E-01
4.9179001E+02 5.6557000E-01
4.9226999E+02 5.6827003E-01
4.9275000E+02 5.7099998E-01
4.9323001E+02 5.7436001E-01
4.9372000E+02 5.7587999E-01
4.9420001E+02 5.7687002E-01
4.9467999E+02 5.7862997E-01
4.9516000E+02 5.7933998E-01
4.9564999E+02 5.7880998E-01
4.9613000E+02 5.7756001E-01
4.9660999E+02 5.7587999E-01
4.9709000E+02 5.7489002E-01
4.9757001E+02 5.7402998E-01
4.9806000E+02 5.7244998E-01
4.9854001E+02 5.6963003E-01
4.9901999E+02 5.6642002E-01
4.9950000E+02 5.6459999E-01
4.9998001E+02 5.6326002E-01
5.0047000E+02 5.6076002E-01
5.0095001E+02 5.5756998E-01
5.0142999E+02 5.5580002E-01
5.0191000E+02 5.5544001E-01
5.0239999E+02 5.5483001E-01
5.0288000E+02 5.5373001E-01
5.0335999E+02 5.5321997E-01
5.0384000E+02 5.5383003E-01
5.0432001E+02 5.5381000E-01
5.0481000E+02 5.5408001E-01
5.0529001E+02 5.5628997E-01
5.0576999E+02 5.5779999E-01
5.0625000E+02 5.5741000E-01
5.0673001E+02 5.5620003E-01
5.0722000E+02 5.5440998E-01
5.0770001E+02 5.5339998E-01
5.0817999E+02 5.5361998E-01
5.0866000E+02 5.5356997E-01
5.0914999E+02 5.5407000E-01
5.0963000E+02 5.5563003E-01
5.1010999E+02 5.5857003E-01
5.1059000E+02 5.6208003E-01
5.1107001E+02 5.6339002E-01
5.1156000E+02 5.6488001E-01
5.1203998E+02 5.6836998E-01
5.1252002E+02 5.7132000E-01
5.1300000E+02 5.7354999E-01
5.1348999E+02 5.7586002E-01
5.1396997E+02 5.7762003E-01
5.1445001E+02 5.7922000E-01
5.1492999E+02 5.8130002E-01
5.1540997E+02 5.8234000E-01
5.1590002E+02 5.8269000E-01
5.1638000E+02 5.8481997E-01
5.1685999E+02 5.8582997E-01
5.1734003E+02 5.8491999E-01
5.1782001E+02 5.8563000E-01
5.1831000E+02 5.8622998E-01
5.1878998E+02 5.8635998E-01
5.1927002E+02 5.8657002E-01
5.1975000E+02 5.8486003E-01
5.2023999E+02 5.8170998E-01
5.2071997E+02 5.7915002E-01
5.2120001E+02 5.7780999E-01
5.2167999E+02 5.7520998E-01
5.2215997E+02 5.7258999E-01
5.2265002E+02 5.7130003E-01
5.2313000E+02 5.6774998E-01
5.2360999E+02 5.6375998E-01
5.2409003E+02 5.6184000E-01
5.2457001E+02 5.5961001E-01
5.2506000E+02 5.5702001E-01
5.2553998E+02 5.5439001E-01
5.2602002E+02 5.5080998E-01
5.2650000E+02 5.4733998E-01
5.2698999E+02 5.4426003E-01
5.2746997E+02 5.4127002E-01
5.2795001E+02 5.3833997E-01
5.2842999E+02 5.3504002E-01
5.2890997E+02 5.3235000E-01
5.2940002E+02 5.2977997E-01
5.2988000E+02 5.2604002E-01
5.3035999E+02 5.2291000E-01
5.3084003E+02 5.2083999E-01
5.3132001E+02 5.1769000E-01
5.3181000E+02 5.1387000E-01
5.3228998E+02 5.1091999E-01
5.3277002E+02 5.0822997E-01
5.3325000E+02 5.0515002E-01
5.3373999E+02 5.0272000E-01
5.3421997E+02 5.0050998E-01
5.3470001E+02 4.9753001E-01
5.3517999E+02 4.9423000E-01
5.3565997E+02 4.9070001E-01
5.3615002E+02 4.8793000E-01
5.3663000E+02 4.8559001E-01
5.3710999E+02 4.8216999E-01
5.3759003E+02 4.7808999E-01
5.3807001E+02 4.7424999E-01
5.3856000E+02 4.7112000E-01
5.3903998E+02 4.6790001E-01
5.3952002E+02 4.6386999E-01
5.4000000E+02 4.6022001E-01
5.4048999E+02 4.5719999E-01
5.4096997E+02 4.5287001E-01
5.4145001E+02 4.4806001E-01
5.4192999E+02 4.4413999E-01
5.4240997E+02 4.4009000E-01
5.4290002E+02 4.3601999E-01
5.4338000E+02 4.3202001E-01
5.4385999E+02 4.2802000E-01
5.4434003E+02 4.2409000E-01
5.4482001E+02 4.1979000E-01
5.4531000E+02 4.1455001E-01
5.4578998E+02 4.0902001E-01
5.4627002E+02 4.0483001E-01
5.4675000E+02 4.0081999E-01
5.4723999E+02 3.9587000E-01
5.4771997E+02 3.9087999E-01
5.4820001E+02 3.8596001E-01
5.4867999E+02 3.8163000E-01
5.4915997E+02 3.7735000E-01
5.4965002E+02 3.7202999E-01
5.5013000E+02 3.6684999E-01
5.5060999E+02 3.6177999E-01
5.5109003E+02 3.5653001E-01
5.5157001E+02 3.5201001E-01
5.5206000E+02 3.4722999E-01
5.5253998E+02 3.4152001E-01
5.5302002E+02 3.3638000E-01
5.5350000E+02 3.3208001E-01
5.5398999E+02 3.2771999E-01
5.5446997E+02 3.2348001E-01
5.5495001E+02 3.1937000E-01
5.5542999E+02 3.1516999E-01
5.5590997E+02 3.1097999E-01
5.5640002E+02 3.0723000E-01
5.5688000E+02 3.0408001E-01
5.5735999E+02 3.0103001E-01
5.5784003E+02 2.9798001E-01
5.5832001E+02 2.9493999E-01
5.5881000E+02 2.9214999E-01
5.5928998E+02 2.8904000E-01
5.5977002E+02 2.8595999E-01
5.6025000E+02 2.8393000E-01
5.6073999E+02 2.8165999E-01
5.6121997E+02 2.7871999E-01
5.6170001E+02 2.7587000E-01
5.6217999E+02 2.7287999E-01
5.6265997E+02 2.7026999E-01
5.6315002E+02 2.6778001E-01
5.6363000E+02 2.6479000E-01
5.6410999E+02 2.6181000E-01
5.6459003E+02 2.5907999E-01
5.6507001E+02 2.5654000E-01
5.6556000E+02 2.5430000E-01
5.6603998E+02 2.5211999E-01
5.6652002E+02 2.4992999E-01
5.6700000E+02 2.4753000E-01
5.6748999E+02 2.4484999E-01
5.6796997E+02 2.4282999E-01
5.6845001E+02 2.4188000E-01
5.6892999E+02 2.4108000E-01
5.6940997E+02 2.3955999E-01
5.6990002E+02 2.3762000E-01
5.7038000E+02 2.3624000E-01
5.7085999E+02 2.3537000E-01
5.7134003E+02 2.3463000E-01
5.7182001E+02 2.3416001E-01
5.7231000E+02 2.3406000E-01
5.7278998E+02 2.3438001E-01
5.7327002E+02 2.3477000E-01
5.7375000E+02 2.3495001E-01
5.7423999E+02 2.3509000E-01
5.7471997E+02 2.3559999E-01
5.7520001E+02 2.3687001E-01
5.7567999E+02 2.3867001E-01
5.7615997E+02 2.4010000E-01
5.7665002E+02 2.4149001E-01
5.7713000E+02 2.4350999E-01
5.7760999E+02 2.4613000E-01
5.7809003E+02 2.4933000E-01
5.7857001E+02 2.5251001E-01
5.7906000E+02 2.5610000E-01
5.7953998E+02 2.6038000E-01
5.8002002E+02 2.6438999E-01
5.8050000E+02 2.6874000E-01
5.8098999E+02 2.7386999E-01
5.8146997E+02 2.7832001E-01
5.8195001E+02 2.8226000E-01
5.8242999E+02 2.8753999E-01
5.8290997E+02 2.9339999E-01
5.8340002E+02 2.9800999E-01
5.8388000E+02 3.0236000E-01
5.8435999E+02 3.0772999E-01
5.8484003E+02 3.1284001E-01
5.8532001E+02 3.1711999E-01
5.8581000E+02 3.2141000E-01
5.8628998E+02 3.2563001E-01
5.8677002E+02 3.2984000E-01
5.8725000E+02 3.3434999E-01
5.8773999E+02 3.3928001E-01
5.8821997E+02 3.4391999E-01
5.8870001E+02 3.4775999E-01
5.8917999E+02 3.5117999E-01
5.8965997E+02 3.5381001E-01
5.9015002E+02 3.5633001E-01
5.9063000E+02 3.5887000E-01
5.9110999E+02 3.6118001E-01
5.9159003E+02 3.6396000E-01
5.9207001E+02 3.6583999E-01
5.9256000E+02 3.6717001E-01
5.9303998E+02 3.6952001E-01
5.9352002E+02 3.7075001E-01
5.9400000E+02 3.7033001E-01
5.9448999E+02 3.7127000E-01
5.9496997E+02 3.7292999E-01
5.9545001E+02 3.7305999E-01
5.9592999E+02 3.7314001E-01
5.9640997E+02 3.7408000E-01
5.9690002E+02 3.7507001E-01
5.9738000E+02 3.7569001E-01
5.9785999E+02 3.7555999E-01
5.9834003E+02 3.7487000E-01
5.9882001E+02 3.7397000E-01
5.9931000E+02 3.7390000E-01
5.9978998E+02 3.7443000E-01
6.0027002E+02 3.7336001E-01
6.0075000E+02 3.7167001E-01
6.0123999E+02 3.7110999E-01
6.0171997E+02 3.7079000E-01
6.0220001E+02 3.6994001E-01
6.0267999E+02 3.6833000E-01
6.0315997E+02 3.6664999E-01
6.0365002E+02 3.6526000E-01
6.0413000E+02 3.6374000E-01
6.0460999E+02 3.6287001E-01
6.0509003E+02 3.6204001E-01
6.0557001E+02 3.5969999E-01
6.0606000E+02 3.5773000E-01
6.0653998E+02 3.5732001E-01
6.0702002E+02 3.5576999E-01
6.0750000E+02 3.5317999E-01
6.0798999E+02 3.5128000E-01
6.0846997E+02 3.4953001E-01
6.0895001E+02 3.4812999E-01
6.0942999E+02 3.4692001E-01
6.0990997E+02 3.4406999E-01
6.1040002E+02 3.4031001E-01
6.1088000E+02 3.3761001E-01
6.1135999E+02 3.3618999E-01
6.1184003E+02 3.3443999E-01
6.1232001E+02 3.3124000E-01
6.1281000E+02 3.2789999E-01
6.1328998E+02 3.2433999E-01
6.1377002E+02 3.2104000E-01
6.1425000E+02 3.1858999E-01
6.1473999E+02 3.1481001E-01
6.1521997E+02 3.1105000E-01
6.1570001E+02 3.0892000E-01
6.1617999E+02 3.0592999E-01
6.1665997E+02 3.0131999E-01
6.1715002E+02 2.9686999E-01
6.1763000E+02 2.9330000E-01
6.1810999E+02 2.9034001E-01
6.1859003E+02 2.8738001E-01
6.1907001E+02 2.8347999E-01
6.1956000E+02 2.7961999E-01
6.2003998E+02 2.7673000E-01
6.2052002E+02 2.7351999E-01
6.2100000E+02 2.6916000E-01
6.2148999E+02 2.6486000E-01
6.2196997E+02 2.6161000E-01
6.2245001E+02 2.5863001E-01
6.2292999E+02 2.5516000E-01
6.2340997E+02 2.5154999E-01
6.2390002E+02 2.4781001E-01
6.2438000E+02 2.4394999E-01
6.2485999E+02 2.4089000E-01
6.2534003E+02 2.3770000E-01
6.2582001E+02 2.3367000E-01
6.2631000E+02 2.2984000E-01
6.2678998E+02 2.2597000E-01
6.2727002E+02 2.2262999E-01
6.2775000E+02 2.2069000E-01
6.2823999E+02 2.1878999E-01
6.2871997E+02 2.1647000E-01
6.2920001E+02 2.1431001E-01
6.2967999E+02 2.1168999E-01
6.3015997E+02 2.0880000E-01
6.3065002E+02 2.0584001E-01
6.3113000E+02 2.0167001E-01
6.3160999E+02 1.9690000E-01
6.3209003E+02 1.9299001E-01
6.3258002E+02 1.8968999E-01
6.3306000E+02 1.8603000E-01
6.3353998E+02 1.8276000E-01
6.3402002E+02 1.8082000E-01
6.3450000E+02 1.7870000E-01
6.3498999E+02 1.7634000E-01
6.3546997E+02 1.7497000E-01
6.3595001E+02 1.7360000E-01
6.3642999E+02 1.7138000E-01
6.3690997E+02 1.6934000E-01
6.3740002E+02 1.6772000E-01
6.3788000E+02 1.6610000E-01
6.3835999E+02 1.6474999E-01
6.3884003E+02 1.6381000E-01
6.3933002E+02 1.6293000E-01
6.3981000E+02 1.6084000E-01
6.4028998E+02 1.5836000E-01
6.4077002E+02 1.5694000E-01
6.4125000E+02 1.5546000E-01
6.4173999E+02 1.5380999E-01
6.4221997E+02 1.5309000E-01
6.4270001E+02 1.5282001E-01
6.4317999E+02 1.5151000E-01
6.4365997E+02 1.4918000E-01
6.4415002E+02 1.4732000E-01
6.4463000E+02 1.4655000E-01
6.4510999E+02 1.4591999E-01
6.4559003E+02 1.4437000E-01
6.4608002E+02 1.4271000E-01
6.4656000E+02 1.4145000E-01
6.4703998E+02 1.3992999E-01
6.4752002E+02 1.3913999E-01
6.4800000E+02 1.3879000E-01
6.4848999E+02 1.3719000E-01
6.4896997E+02 1.3597000E-01
6.4945001E+02 1.3551000E-01
6.4992999E+02 1.3457000E-01
6.5040997E+02 1.3446000E-01
6.6600000E+02 1.2000000E-01
7.0000000E+02 1.1700000E-01
7.8783002E+02 1.1890000E-01
7.8878998E+02 1.1909000E-01
7.8975000E+02 1.1907000E-01
7.9071997E+02 1.1908000E-01
7.9167999E+02 1.1931000E-01
7.9265002E+02 1.1956000E-01
7.9360999E+02 1.1983000E-01
7.9458002E+02 1.2009000E-01
7.9553998E+02 1.2047000E-01
7.9650000E+02 1.2106000E-01
7.9746997E+02 1.2160000E-01
7.9842999E+02 1.2209000E-01
7.9940002E+02 1.2283000E-01
8.0035999E+02 1.2371000E-01
8.0133002E+02 1.2453000E-01
8.0228998E+02 1.2531000E-01
8.0325000E+02 1.2628999E-01
8.0421997E+02 1.2751000E-01
8.0517999E+02 1.2872000E-01
8.0615002E+02 1.2989999E-01
8.0710999E+02 1.3130000E-01
8.0808002E+02 1.3283999E-01
8.0903998E+02 1.3450000E-01
8.1000000E+02 1.3631000E-01
8.1096997E+02 1.3827001E-01
8.1192999E+02 1.4056000E-01
8.1290002E+02 1.4319000E-01
8.1385999E+02 1.4602000E-01
8.1483002E+02 1.4906000E-01
8.1578998E+02 1.5243000E-01
8.1675000E+02 1.5624000E-01
8.1771997E+02 1.6044000E-01
8.1867999E+02 1.6504000E-01
8.1965002E+02 1.7022000E-01
8.2060999E+02 1.7602000E-01
8.2158002E+02 1.8244000E-01
8.2253998E+02 1.8953000E-01
8.2350000E+02 1.9756000E-01
8.2446997E+02 2.0669000E-01
8.2542999E+02 2.1699999E-01
8.2640002E+02 2.2871999E-01
8.2735999E+02 2.4211000E-01
8.2833002E+02 2.5748000E-01
8.2928998E+02 2.7483001E-01
8.3025000E+02 2.9431000E-01
8.3025000E+02 2.9696000E-01
8.3121997E+02 3.1553000E-01
8.3217999E+02 3.3587000E-01
8.3315002E+02 3.5732001E-01
8.3410999E+02 3.7796000E-01
8.3508002E+02 3.9574000E-01
8.3603998E+02 4.0915000E-01
8.3700000E+02 4.1593999E-01
8.3796997E+02 4.1574001E-01
8.3892999E+02 4.0964001E-01
8.3990002E+02 3.9895999E-01
8.4085999E+02 3.8611001E-01
8.4183002E+02 3.7362000E-01
8.4278998E+02 3.6296001E-01
8.4375000E+02 3.5472000E-01
8.4471997E+02 3.4968001E-01
8.4567999E+02 3.4786999E-01
8.4665002E+02 3.4856999E-01
8.4760999E+02 3.5157001E-01
8.4858002E+02 3.5648999E-01
8.4953998E+02 3.6298001E-01
8.5050000E+02 3.7090999E-01
8.5146997E+02 3.7988999E-01
8.5242999E+02 3.8955000E-01
8.5340002E+02 4.0015000E-01
8.5435999E+02 4.1148999E-01
8.5533002E+02 4.2366001E-01
8.5628998E+02 4.3680999E-01
8.5725000E+02 4.5120999E-01
8.5821997E+02 4.6713001E-01
8.5917999E+02 4.8442999E-01
8.6015002E+02 5.0370002E-01
8.6110999E+02 5.2495998E-01
8.6208002E+02 5.4830003E-01
8.6303998E+02 5.7420999E-01
8.6400000E+02 6.0262001E-01
8.6496997E+02 6.3317001E-01
8.6592999E+02 6.6518998E-01
8.6690002E+02 6.9870001E-01
8.6785999E+02 7.3360002E-01
8.6883002E+02 7.6859999E-01
8.6978998E+02 8.0351001E-01
8.7075000E+02 8.3819002E-01
8.7171997E+02 8.7137997E-01
8.7267999E+02 9.0298003E-01
8.7365002E+02 9.3278998E-01
8.7460999E+02 9.6044999E-01
8.7558002E+02 9.8530000E-01
8.7653998E+02 1.0075999E+00
8.7750000E+02 1.0276999E+00
8.7846997E+02 1.0450000E+00
8.7942999E+02 1.0594000E+00
8.8040002E+02 1.0714000E+00
8.8135999E+02 1.0808001E+00
8.8233002E+02 1.0876000E+00
8.8328998E+02 1.0917000E+00
8.8426001E+02 1.0931000E+00
8.8521997E+02 1.0929000E+00
8.8617999E+02 1.0910000E+00
8.8715002E+02 1.0876000E+00
8.8810999E+02 1.0824000E+00
8.8908002E+02 1.0762000E+00
8.9003998E+02 1.0693001E+00
8.9101001E+02 1.0618000E+00
8.9196997E+02 1.0536000E+00
8.9292999E+02 1.0453000E+00
8.9390002E+02 1.0364000E+00
8.9485999E+02 1.0272000E+00
8.9583002E+02 1.0182000E+00
8.9678998E+02 1.0096000E+00
8.9776001E+02 1.0009000E+00
8.9871997E+02 9.9208999E-01
8.9967999E+02 9.8329997E-01
9.0065002E+02 9.7447002E-01
9.0160999E+02 9.6600002E-01
9.0258002E+02 9.5767999E-01
9.0353998E+02 9.4950998E-01
9.0451001E+02 9.4132000E-01
9.0546997E+02 9.3330002E-01
9.0642999E+02 9.2571998E-01
9.0740002E+02 9.1812998E-01
9.0835999E+02 9.1048998E-01
9.0933002E+02 9.0337998E-01
9.1028998E+02 8.9618999E-01
9.1126001E+02 8.8916999E-01
9.1221997E+02 8.8238001E-01
9.1317999E+02 8.7585002E-01
9.1415002E+02 8.6926001E-01
9.1510999E+02 8.6282998E-01
9.1608002E+02 8.5650998E-01
9.1703998E+02 8.5022998E-01
9.1801001E+02 8.4429997E-01
9.1896997E+02 8.3836001E-01
9.1992999E+02 8.3270001E-01
9.2090002E+02 8.2700002E-01
9.2185999E+02 8.2106000E-01
9.2283002E+02 8.1520998E-01
9.2378998E+02 8.0987000E-01
9.2476001E+02 8.0454999E-01
9.2571997E+02 7.9921001E-01
9.2667999E+02 7.9381001E-01
9.2765002E+02 7.8855002E-01
9.2860999E+02 7.8351003E-01
9.2958002E+02 7.7877003E-01
9.3053998E+02 7.7425998E-01
9.3151001E+02 7.6990998E-01
9.3246997E+02 7.6568002E-01
9.3342999E+02 7.6191002E-01
9.3440002E+02 7.5862002E-01
9.3535999E+02 7.5555003E-01
9.3633002E+02 7.5269997E-01
9.3728998E+02 7.5016999E-01
9.3826001E+02 7.4827999E-01
9.3921997E+02 7.4642998E-01
9.4017999E+02 7.4457002E-01
9.4115002E+02 7.4260002E-01
9.4210999E+02 7.3991001E-01
9.4308002E+02 7.3588997E-01
9.4403998E+02 7.3053002E-01
9.4501001E+02 7.2359997E-01
9.4596997E+02 7.1485001E-01
9.4692999E+02 7.0419002E-01
9.4790002E+02 6.9205999E-01
9.4885999E+02 6.7922997E-01
9.4983002E+02 6.6663998E-01
9.5078998E+02 6.5491003E-01
9.5176001E+02 6.4469999E-01
9.5271997E+02 6.3674003E-01
9.5367999E+02 6.3099998E-01
9.5465002E+02 6.2761998E-01
9.5560999E+02 6.2704003E-01
9.5658002E+02 6.2910998E-01
9.5753998E+02 6.3326001E-01
9.5851001E+02 6.3962001E-01
9.5946997E+02 6.4804000E-01
9.6042999E+02 6.5849000E-01
9.6140002E+02 6.7018998E-01
9.6235999E+02 6.8282998E-01
9.6333002E+02 6.9578999E-01
9.6428998E+02 7.0791000E-01
9.6526001E+02 7.1882999E-01
9.6621997E+02 7.2828001E-01
9.6717999E+02 7.3604000E-01
9.6815002E+02 7.4185002E-01
9.6910999E+02 7.4562001E-01
9.7008002E+02 7.4748999E-01
9.7103998E+02 7.4801999E-01
9.7201001E+02 7.4760002E-01
9.7296997E+02 7.4640000E-01
9.7392999E+02 7.4480999E-01
9.7490002E+02 7.4285001E-01
9.7585999E+02 7.4123001E-01
9.7683002E+02 7.4013001E-01
9.7778998E+02 7.3904002E-01
9.7876001E+02 7.3815000E-01
9.7971997E+02 7.3778999E-01
9.8067999E+02 7.3798001E-01
9.8165002E+02 7.3830003E-01
9.8260999E+02 7.3861998E-01
9.8358002E+02 7.3913002E-01
9.8453998E+02 7.3996001E-01
9.8551001E+02 7.4090999E-01
9.8646997E+02 7.4199998E-01
9.8742999E+02 7.4261999E-01
9.8840002E+02 7.4304003E-01
9.8935999E+02 7.4378997E-01
9.9033002E+02 7.4427998E-01
9.9128998E+02 7.4422997E-01
9.9226001E+02 7.4394000E-01
9.9321997E+02 7.4361998E-01
9.9417999E+02 7.4311000E-01
9.9515002E+02 7.4206001E-01
9.9610999E+02 7.4054998E-01
9.9708002E+02 7.3887002E-01
9.9803998E+02 7.3681003E-01
9.9901001E+02 7.3427999E-01
9.9996997E+02 7.3146999E-01
1.0009000E+03 7.2839999E-01
1.0019000E+03 7.2474003E-01
1.0029000E+03 7.2105998E-01
1.0038000E+03 7.1709001E-01
1.0048000E+03 7.1267998E-01
1.0058000E+03 7.0800000E-01
1.0067000E+03 7.0317000E-01
1.0077000E+03 6.9827998E-01
1.0086000E+03 6.9322997E-01
1.0096000E+03 6.8798000E-01
1.0106000E+03 6.8223000E-01
1.0115000E+03 6.7637998E-01
1.0125000E+03 6.7071998E-01
1.0135000E+03 6.6504002E-01
1.0144000E+03 6.5930003E-01
1.0154000E+03 6.5319002E-01
1.0164000E+03 6.4693999E-01
1.0173000E+03 6.4094001E-01
1.0183000E+03 6.3432002E-01
1.0193000E+03 6.2838000E-01
1.0202000E+03 6.2261999E-01
1.0212000E+03 6.1563998E-01
1.0221000E+03 6.0917002E-01
1.0231000E+03 6.0345000E-01
1.0241000E+03 5.9674001E-01
1.0250000E+03 5.9043002E-01
1.0260000E+03 5.8451003E-01
1.0270000E+03 5.7805997E-01
1.0279000E+03 5.7165998E-01
1.0289000E+03 5.6525999E-01
1.0299000E+03 5.5926001E-01
1.0308000E+03 5.5295998E-01
1.0318000E+03 5.4649001E-01
1.0328000E+03 5.4048997E-01
1.0337000E+03 5.3451002E-01
1.0347000E+03 5.2863997E-01
1.0356000E+03 5.1463002E-01
1.0366000E+03 5.0603002E-01
1.0376000E+03 4.9743000E-01
1.0385000E+03 4.8892999E-01
1.0395000E+03 4.8052999E-01
1.0405000E+03 4.7200000E-01
1.0414000E+03 4.6358001E-01
1.0424000E+03 4.5530000E-01
1.0434000E+03 4.4732001E-01
1.0443000E+03 4.3959999E-01
1.0453000E+03 4.3173999E-01
1.0463000E+03 4.2405999E-01
1.0472000E+03 4.1652000E-01
1.0482000E+03 4.0924001E-01
1.0491000E+03 4.0210000E-01
1.0501000E+03 3.9528999E-01
1.0511000E+03 3.8854000E-01
1.0520000E+03 3.8194001E-01
1.0530000E+03 3.7564999E-01
1.0540000E+03 3.6960000E-01
1.0549000E+03 3.6363000E-01
1.0559000E+03 3.5802001E-01
1.0569000E+03 3.5271001E-01
1.0578000E+03 3.4748000E-01
1.0588000E+03 3.4252000E-01
1.0598000E+03 3.3780000E-01
1.0607000E+03 3.3329001E-01
1.0617000E+03 3.2881999E-01
1.0626000E+03 3.2460999E-01
1.0636000E+03 3.2056999E-01
1.0646000E+03 3.1669000E-01
1.0655000E+03 3.1296000E-01
1.0665000E+03 3.0950999E-01
1.0675000E+03 3.0598000E-01
1.0684000E+03 3.0261999E-01
1.0694000E+03 2.9951000E-01
1.0704000E+03 2.9642999E-01
1.0713000E+03 2.9341999E-01
1.0723000E+03 2.9065001E-01
1.0733000E+03 2.8793001E-01
1.0742000E+03 2.8510001E-01
1.0752000E+03 2.8251001E-01
1.0761000E+03 2.7987000E-01
1.0771000E+03 2.7719000E-01
1.0781000E+03 2.7476999E-01
1.0790000E+03 2.7250001E-01
1.0800000E+03 2.7002999E-01
1.0810000E+03 2.6767999E-01
1.0819000E+03 2.6538000E-01
1.0829000E+03 2.6311001E-01
1.0839000E+03 2.6087001E-01
1.0848000E+03 2.5870001E-01
1.0858000E+03 2.5650999E-01
1.0868000E+03 2.5428000E-01
1.0877000E+03 2.5204000E-01
1.0887000E+03 2.4990000E-01
1.0896000E+03 2.4789999E-01
1.0906000E+03 2.4590001E-01
1.0916000E+03 2.4391000E-01
1.0925000E+03 2.4189000E-01
1.0935000E+03 2.3983000E-01
1.0945000E+03 2.3776001E-01
1.0954000E+03 2.3582999E-01
1.0964000E+03 2.3380999E-01
1.0974000E+03 2.3186000E-01
1.0983000E+03 2.2994000E-01
1.0993000E+03 2.2789000E-01
1.1003000E+03 2.2584000E-01
1.1012000E+03 2.2382000E-01
1.1022000E+03 2.2174001E-01
1.1031000E+03 2.1972001E-01
1.1041000E+03 2.1776000E-01
1.1051000E+03 2.1569000E-01
1.1060000E+03 2.1359000E-01
1.1070000E+03 2.1155000E-01
1.1080000E+03 2.0952000E-01
1.1089000E+03 2.0728999E-01
1.1099000E+03 2.0512000E-01
1.1109000E+03 2.0308000E-01
1.1118000E+03 2.0095000E-01
1.1128000E+03 1.9874001E-01
1.1138000E+03 1.9660001E-01
1.1147000E+03 1.9449000E-01
1.1157000E+03 1.9234000E-01
1.1166000E+03 1.9016001E-01
1.1176000E+03 1.8793000E-01
1.1186000E+03 1.8576001E-01
1.1195000E+03 1.8359999E-01
1.1205000E+03 1.8141000E-01
1.1215000E+03 1.7930000E-01
1.1224000E+03 1.7727000E-01
1.1234000E+03 1.7519000E-01
1.1244000E+03 1.7299999E-01
1.1253000E+03 1.7084000E-01
1.1263000E+03 1.6870999E-01
1.1273000E+03 1.6663000E-01
1.1282000E+03 1.6457000E-01
1.1292000E+03 1.6238999E-01
1.1301000E+03 1.6028000E-01
1.1311000E+03 1.5831999E-01
1.1321000E+03 1.5624000E-01
1.1330000E+03 1.5422000E-01
1.1340000E+03 1.5225001E-01
1.1350000E+03 1.5024000E-01
1.1359000E+03 1.4817999E-01
1.1369000E+03 1.4621000E-01
1.1379000E+03 1.4430000E-01
1.1388000E+03 1.4225000E-01
1.1398000E+03 1.4023000E-01
1.1408000E+03 1.3828000E-01
1.1417000E+03 1.3637000E-01
1.1427000E+03 1.3449000E-01
1.1436000E+03 1.3247000E-01
1.1446000E+03 1.3050000E-01
1.1456000E+03 1.2876000E-01
1.1465000E+03 1.2688001E-01
1.1475000E+03 1.2500000E-01
1.1485000E+03 1.2316000E-01
1.1494000E+03 1.2124000E-01
1.1504000E+03 1.1939000E-01
1.1514000E+03 1.1761000E-01
1.1523000E+03 1.1578000E-01
1.1533000E+03 1.1402000E-01
1.1543000E+03 1.1231000E-01
1.1552000E+03 1.1052000E-01
1.1562000E+03 1.0873000E-01
1.1571000E+03 1.0703000E-01
1.1581000E+03 1.0538000E-01
1.1591000E+03 1.0363000E-01
1.1600000E+03 1.0194000E-01
1.1610000E+03 1.0029000E-01
1.1620000E+03 9.8676004E-02
1.1629000E+03 9.7070001E-02
1.1639000E+03 9.5409997E-02
1.1649000E+03 9.3778998E-02
1.1658000E+03 9.2281997E-02
1.1668000E+03 9.0729997E-02
1.1678000E+03 8.9233004E-02
1.1687000E+03 8.7761000E-02
1.1697000E+03 8.6273000E-02
1.1706000E+03 8.4794000E-02
1.1716000E+03 8.3316997E-02
1.1726000E+03 8.1874996E-02
1.1735000E+03 8.0416001E-02
1.1745000E+03 7.8951001E-02
1.1755000E+03 7.7520996E-02
1.1764000E+03 7.6154999E-02
1.1774000E+03 7.4744001E-02
1.1784000E+03 7.3431000E-02
1.1793000E+03 7.2118998E-02
1.1803000E+03 7.0813999E-02
1.1813000E+03 6.9471002E-02
1.1822000E+03 6.8132997E-02
1.1832000E+03 6.6869996E-02
1.1841000E+03 6.5649003E-02
1.1851000E+03 6.4402997E-02
1.1861000E+03 6.3166998E-02
1.1870000E+03 6.1955001E-02
1.1880000E+03 6.0771000E-02
1.1890000E+03 5.9618998E-02
1.1899000E+03 5.8557998E-02
1.1909000E+03 5.7480000E-02
1.1919000E+03 5.6327000E-02
1.1928000E+03 5.5286001E-02
1.1938000E+03 5.4260999E-02
1.1948000E+03 5.3265002E-02
1.1957000E+03 5.2165002E-02
1.1967000E+03 5.1086001E-02
1.1976000E+03 5.0122999E-02
1.1986000E+03 4.9144998E-02
1.1996000E+03 4.8092000E-02
1.2005000E+03 4.7251999E-02
1.2015000E+03 4.6385001E-02
1.2025000E+03 4.5375001E-02
1.2034000E+03 4.4459000E-02
1.2044000E+03 4.3547001E-02
1.2054000E+03 4.2619999E-02
1.2063000E+03 4.1671999E-02
1.2073000E+03 4.0775999E-02
1.2083000E+03 3.9944001E-02
1.2092000E+03 3.9087001E-02
1.2102000E+03 3.8199000E-02
1.2111000E+03 3.7280001E-02
1.2121000E+03 3.6410999E-02
1.2131000E+03 3.5728998E-02
1.2140000E+03 3.4961998E-02
1.2150000E+03 3.4200002E-02
1.2160000E+03 3.3351999E-02
1.2169000E+03 3.2517001E-02
1.2179000E+03 3.1704001E-02
1.2189000E+03 3.0858001E-02
1.2198000E+03 3.0099001E-02
1.2208000E+03 2.9354000E-02
1.2218000E+03 2.8578000E-02
1.2227000E+03 2.7782001E-02
1.2237000E+03 2.6998000E-02
1.2246000E+03 2.6206000E-02
1.2256000E+03 2.5543001E-02
1.2266000E+03 2.4910999E-02
1.2275000E+03 2.4257001E-02
1.2285000E+03 2.3566000E-02
1.2295000E+03 2.2991000E-02
1.2304000E+03 2.2360001E-02
1.2314000E+03 2.1608001E-02
1.2324000E+03 2.0966001E-02
1.2333000E+03 2.0408001E-02
1.2343000E+03 1.9900000E-02
1.2353000E+03 1.9414000E-02
1.2362000E+03 1.8912001E-02
1.2372000E+03 1.8488999E-02
1.2381000E+03 1.8141000E-02
1.2391000E+03 1.7867999E-02
1.2401000E+03 1.7671000E-02
1.2410000E+03 1.7467000E-02
1.2420000E+03 1.7379999E-02
1.2430000E+03 1.7320000E-02
1.2439000E+03 1.7294001E-02
1.2449000E+03 1.7464001E-02
1.2459000E+03 1.7735999E-02
1.2468000E+03 1.7913001E-02
1.2478000E+03 1.8181000E-02
1.2488000E+03 1.8507000E-02
1.2497000E+03 1.8834000E-02
1.2507000E+03 1.9233000E-02
