9.6429001E+01 1.3389000E-02
9.6911003E+01 1.2615000E-02
9.7392998E+01 1.2447000E-02
9.7875999E+01 1.1928000E-02
9.8358002E+01 1.2455000E-02
9.8839996E+01 1.3650000E-02
9.9321999E+01 1.3198000E-02
9.9804001E+01 1.2429000E-02
1.0029000E+02 1.2627000E-02
1.0077000E+02 1.2978000E-02
1.0125000E+02 1.2823000E-02
1.0173000E+02 1.2774000E-02
1.0221000E+02 1.3354000E-02
1.0270000E+02 1.3923000E-02
1.0318000E+02 1.4080000E-02
1.0366000E+02 1.3789000E-02
1.0414000E+02 1.4091000E-02
1.0463000E+02 1.4692000E-02
1.0511000E+02 1.4947000E-02
1.0559000E+02 1.5564000E-02
1.0607000E+02 1.5490000E-02
1.0655000E+02 1.5346000E-02
1.0704000E+02 1.5930999E-02
1.0752000E+02 1.6028000E-02
1.0800000E+02 1.5996000E-02
1.0848000E+02 1.6054999E-02
1.0896000E+02 1.6046001E-02
1.0945000E+02 1.6071999E-02
1.0993000E+02 1.5946999E-02
1.1041000E+02 1.5915001E-02
1.1089000E+02 1.5943000E-02
1.1138000E+02 1.5556000E-02
1.1186000E+02 1.4807000E-02
1.1234000E+02 1.4241000E-02
1.1282000E+02 1.3787000E-02
1.1330000E+02 1.3546000E-02
1.1379000E+02 1.3643000E-02
1.1427000E+02 1.3625000E-02
1.1475000E+02 1.3469000E-02
1.1523000E+02 1.3053000E-02
1.1571000E+02 1.2616000E-02
1.1620000E+02 1.2424000E-02
1.1668000E+02 1.2056000E-02
1.1716000E+02 1.1886000E-02
1.1764000E+02 1.2239000E-02
1.1813000E+02 1.2331000E-02
1.1861000E+02 1.2142000E-02
1.1909000E+02 1.2341000E-02
1.1957000E+02 1.2808000E-02
1.2005000E+02 1.2703000E-02
1.2054000E+02 1.1924000E-02
1.2102000E+02 1.2117000E-02
1.2150000E+02 1.2791000E-02
1.2198000E+02 1.2636000E-02
1.2246000E+02 1.3967000E-02
1.2295000E+02 1.6288999E-02
1.2343000E+02 1.5443000E-02
1.2391000E+02 1.3286000E-02
1.2439000E+02 1.3393000E-02
1.2488000E+02 1.3767000E-02
1.2536000E+02 1.4099000E-02
1.2584000E+02 1.4551000E-02
1.2632000E+02 1.4741000E-02
1.2680000E+02 1.6225001E-02
1.2729000E+02 1.6240999E-02
1.2777000E+02 1.5034000E-02
1.2825000E+02 1.5283000E-02
1.2873000E+02 1.4841000E-02
1.2922000E+02 1.4169000E-02
1.2970000E+02 1.4120000E-02
1.3017999E+02 1.4083000E-02
1.3066000E+02 1.4123000E-02
1.3114000E+02 1.3961000E-02
1.3163000E+02 1.4001000E-02
1.3211000E+02 1.3980000E-02
1.3259000E+02 1.3735000E-02
1.3307001E+02 1.3179000E-02
1.3355000E+02 1.2773000E-02
1.3403999E+02 1.2959000E-02
1.3452000E+02 1.2882000E-02
1.3500000E+02 1.2786000E-02
1.3548000E+02 1.2989000E-02
1.3597000E+02 1.3074000E-02
1.3645000E+02 1.3016000E-02
1.3692999E+02 1.3334000E-02
1.3741000E+02 1.3658000E-02
1.3789000E+02 1.3455000E-02
1.3838000E+02 1.3636000E-02
1.3886000E+02 1.4105000E-02
1.3934000E+02 1.4189000E-02
1.3982001E+02 1.4138000E-02
1.4030000E+02 1.4471000E-02
1.4078999E+02 1.4781000E-02
1.4127000E+02 1.4422000E-02
1.4175000E+02 1.4026000E-02
1.4223000E+02 1.3773000E-02
1.4272000E+02 1.3693000E-02
1.4320000E+02 1.3956000E-02
1.4367999E+02 1.4161000E-02
1.4416000E+02 1.4252000E-02
1.4464000E+02 1.4279000E-02
1.4513000E+02 1.4096000E-02
1.4561000E+02 1.3797000E-02
1.4609000E+02 1.3731000E-02
1.4657001E+02 1.3973000E-02
1.4705000E+02 1.4297000E-02
1.4753999E+02 1.4457000E-02
1.4802000E+02 1.4519000E-02
1.4850000E+02 1.4662000E-02
1.4898000E+02 1.4554000E-02
1.4947000E+02 1.4374000E-02
1.4995000E+02 1.4610000E-02
1.5042999E+02 1.4841000E-02
1.5091000E+02 1.4842000E-02
1.5139000E+02 1.4865000E-02
1.5188000E+02 1.4904000E-02
1.5236000E+02 1.5074000E-02
1.5284000E+02 1.5346000E-02
1.5332001E+02 1.5525000E-02
1.5380000E+02 1.5571000E-02
1.5428999E+02 1.5593000E-02
1.5477000E+02 1.5734000E-02
1.5525000E+02 1.5805000E-02
1.5573000E+02 1.6007001E-02
1.5622000E+02 1.6302001E-02
1.5670000E+02 1.6229000E-02
1.5717999E+02 1.6538000E-02
1.5766000E+02 1.7209999E-02
1.5814000E+02 1.6972000E-02
1.5863000E+02 1.6398000E-02
1.5911000E+02 1.6392000E-02
1.5959000E+02 1.6626000E-02
1.6007001E+02 1.6773000E-02
1.6055000E+02 1.6764000E-02
1.6103999E+02 1.6853999E-02
1.6152000E+02 1.6905000E-02
1.6200000E+02 1.6931999E-02
1.6248000E+02 1.7122000E-02
1.6297000E+02 1.7302999E-02
1.6345000E+02 1.7622000E-02
1.6392999E+02 1.7792000E-02
1.6441000E+02 1.7777000E-02
1.6489000E+02 1.7854000E-02
1.6538000E+02 1.7906999E-02
1.6586000E+02 1.8006001E-02
1.6634000E+02 1.8115001E-02
1.6682001E+02 1.7995000E-02
1.6730000E+02 1.7800000E-02
1.6778999E+02 1.7835001E-02
1.6827000E+02 1.8035000E-02
1.6875000E+02 1.8216001E-02
1.6923000E+02 1.8158000E-02
1.6972000E+02 1.8505000E-02
1.7020000E+02 1.9154999E-02
1.7067999E+02 1.8877000E-02
1.7116000E+02 1.8454000E-02
1.7164000E+02 1.8654000E-02
1.7213000E+02 1.8897999E-02
1.7261000E+02 1.9034000E-02
1.7309000E+02 1.9353000E-02
1.7357001E+02 1.9360000E-02
1.7405000E+02 1.8963000E-02
1.7453999E+02 1.9011000E-02
1.7502000E+02 1.9393999E-02
1.7550000E+02 2.0002000E-02
1.7598000E+02 2.0437000E-02
1.7647000E+02 2.0128001E-02
1.7695000E+02 2.0104000E-02
1.7742999E+02 2.0484000E-02
1.7791000E+02 2.0537000E-02
1.7839000E+02 2.0584000E-02
1.7888000E+02 2.0711999E-02
1.7936000E+02 2.0796999E-02
1.7984000E+02 2.0850999E-02
1.8032001E+02 2.0757001E-02
1.8080000E+02 2.0793000E-02
1.8128999E+02 2.1069000E-02
1.8177000E+02 2.1070000E-02
1.8225000E+02 2.0989001E-02
1.8273000E+02 2.1260999E-02
1.8322000E+02 2.1144999E-02
1.8370000E+02 2.0567000E-02
1.8417999E+02 2.0688999E-02
1.8466000E+02 2.1565000E-02
1.8514000E+02 2.1880999E-02
1.8563000E+02 2.1650000E-02
1.8611000E+02 2.1604000E-02
1.8659000E+02 2.1446001E-02
1.8707001E+02 2.1470999E-02
1.8755000E+02 2.1731000E-02
1.8803999E+02 2.1593001E-02
1.8852000E+02 2.1467000E-02
1.8900000E+02 2.1713000E-02
1.8948000E+02 2.1992000E-02
1.8997000E+02 2.2504000E-02
1.9045000E+02 2.2746000E-02
1.9092999E+02 2.2646001E-02
1.9141000E+02 2.2986000E-02
1.9189000E+02 2.3150999E-02
1.9238000E+02 2.3264000E-02
1.9286000E+02 2.3473000E-02
1.9334000E+02 2.3480000E-02
1.9382001E+02 2.3584999E-02
1.9430000E+02 2.3626000E-02
1.9478999E+02 2.3538001E-02
1.9527000E+02 2.3530999E-02
1.9575000E+02 2.3715001E-02
1.9623000E+02 2.3612000E-02
1.9672000E+02 2.3531999E-02
1.9720000E+02 2.3867000E-02
1.9767999E+02 2.4072999E-02
1.9816000E+02 2.4068000E-02
1.9864000E+02 2.4093000E-02
1.9913000E+02 2.4203001E-02
1.9961000E+02 2.4294000E-02
2.0009000E+02 2.4455000E-02
2.0057001E+02 2.4575001E-02
2.0105000E+02 2.4785999E-02
2.0153999E+02 2.5109001E-02
2.0202000E+02 2.5888000E-02
2.0250000E+02 2.6923001E-02
2.0298000E+02 2.6311999E-02
2.0347000E+02 2.5214000E-02
2.0395000E+02 2.5172999E-02
2.0442999E+02 2.5503000E-02
2.0491000E+02 2.5877999E-02
2.0539000E+02 2.6194001E-02
2.0588000E+02 2.6377000E-02
2.0636000E+02 2.6445000E-02
2.0684000E+02 2.6624000E-02
2.0732001E+02 2.6920000E-02
2.0780000E+02 2.7451999E-02
2.0828999E+02 2.8097000E-02
2.0877000E+02 2.8140999E-02
2.0925000E+02 2.8078999E-02
2.0973000E+02 2.8371001E-02
2.1022000E+02 2.8579000E-02
2.1070000E+02 2.8705999E-02
2.1117999E+02 2.8843001E-02
2.1166000E+02 2.9143000E-02
2.1214000E+02 2.9691000E-02
2.1263000E+02 3.0086000E-02
2.1311000E+02 3.0356999E-02
2.1359000E+02 3.0773001E-02
2.1407001E+02 3.1230999E-02
2.1455000E+02 3.1583998E-02
2.1503999E+02 3.1672001E-02
2.1552000E+02 3.1702999E-02
2.1600000E+02 3.2090999E-02
2.1648000E+02 3.2630999E-02
2.1697000E+02 3.3057999E-02
2.1745000E+02 3.3498000E-02
2.1792999E+02 3.3969000E-02
2.1841000E+02 3.4426000E-02
2.1889000E+02 3.4816001E-02
2.1938000E+02 3.5192002E-02
2.1986000E+02 3.5691001E-02
2.2034000E+02 3.6098000E-02
2.2082001E+02 3.6465999E-02
2.2130000E+02 3.7046000E-02
2.2178999E+02 3.7409000E-02
2.2227000E+02 3.7606001E-02
2.2275000E+02 3.8146999E-02
2.2323000E+02 3.8759001E-02
2.2372000E+02 3.9209001E-02
2.2420000E+02 3.9551999E-02
2.2467999E+02 3.9917000E-02
2.2516000E+02 4.0403999E-02
2.2564000E+02 4.1051999E-02
2.2613000E+02 4.1800000E-02
2.2661000E+02 4.2257000E-02
2.2709000E+02 4.2877998E-02
2.2757001E+02 4.3940999E-02
2.2805000E+02 4.4282001E-02
2.2853999E+02 4.4194002E-02
2.2902000E+02 4.4831999E-02
2.2950000E+02 4.5612000E-02
2.2998000E+02 4.6197001E-02
2.3047000E+02 4.6944998E-02
2.3095000E+02 4.7584999E-02
2.3142999E+02 4.8087999E-02
2.3191000E+02 4.8772000E-02
2.3239000E+02 4.9520001E-02
2.3288000E+02 5.0315998E-02
2.3336000E+02 5.1169001E-02
2.3384000E+02 5.1805001E-02
2.3432001E+02 5.2395001E-02
2.3480000E+02 5.3068001E-02
2.3528999E+02 5.3711001E-02
2.3577000E+02 5.4462999E-02
2.3625000E+02 5.5316001E-02
2.3673000E+02 5.6088999E-02
2.3722000E+02 5.6821000E-02
2.3770000E+02 5.7567999E-02
2.3817999E+02 5.8288999E-02
2.3866000E+02 5.8905002E-02
2.3914000E+02 5.9510998E-02
2.3963000E+02 6.0311001E-02
2.4011000E+02 6.1216000E-02
2.4059000E+02 6.2084001E-02
2.4107001E+02 6.2921003E-02
2.4155000E+02 6.3747004E-02
2.4203999E+02 6.4447001E-02
2.4252000E+02 6.5095000E-02
2.4300000E+02 6.6004999E-02
2.4348000E+02 6.6921003E-02
2.4397000E+02 6.7910999E-02
2.4445000E+02 6.9132000E-02
2.4492999E+02 7.0168003E-02
2.4541000E+02 7.0694998E-02
2.4589000E+02 7.0831999E-02
2.4638000E+02 7.1542002E-02
2.4686000E+02 7.2705001E-02
2.4734000E+02 7.3884003E-02
2.4782001E+02 7.5173996E-02
2.4830000E+02 7.5874001E-02
2.4878999E+02 7.6389000E-02
2.4927000E+02 7.7279001E-02
2.4975000E+02 7.7958003E-02
2.5023000E+02 7.8621000E-02
2.5072000E+02 7.9457998E-02
2.5120000E+02 8.0257997E-02
2.5167999E+02 8.1100002E-02
2.5216000E+02 8.2068004E-02
2.5264000E+02 8.3016001E-02
2.5313000E+02 8.4158003E-02
2.5361000E+02 8.5736997E-02
2.5409000E+02 8.6410999E-02
2.5457001E+02 8.6358003E-02
2.5506000E+02 8.7226003E-02
2.5553999E+02 8.8257998E-02
2.5601999E+02 8.9088999E-02
2.5650000E+02 9.0067998E-02
2.5698001E+02 9.0931997E-02
2.5747000E+02 9.1688998E-02
2.5795001E+02 9.2510998E-02
2.5842999E+02 9.3432002E-02
2.5891000E+02 9.4278999E-02
2.5939001E+02 9.5158003E-02
2.5988000E+02 9.6157998E-02
2.6035999E+02 9.7067997E-02
2.6084000E+02 9.7905003E-02
2.6132001E+02 9.8805003E-02
2.6181000E+02 9.9657997E-02
2.6229001E+02 1.0053000E-01
2.6276999E+02 1.0148000E-01
2.6325000E+02 1.0245000E-01
2.6373001E+02 1.0342000E-01
2.6422000E+02 1.0415000E-01
2.6470001E+02 1.0494000E-01
2.6517999E+02 1.0587000E-01
2.6566000E+02 1.0665000E-01
2.6614001E+02 1.0742000E-01
2.6663000E+02 1.0817000E-01
2.6710999E+02 1.0912000E-01
2.6759000E+02 1.0996000E-01
2.6807001E+02 1.1052000E-01
2.6856000E+02 1.1115000E-01
2.6904001E+02 1.1185000E-01
2.6951999E+02 1.1258000E-01
2.7000000E+02 1.1330000E-01
2.7048001E+02 1.1407000E-01
2.7097000E+02 1.1495000E-01
2.7145001E+02 1.1572000E-01
2.7192999E+02 1.1653000E-01
2.7241000E+02 1.1736000E-01
2.7289001E+02 1.1815000E-01
2.7338000E+02 1.1899000E-01
2.7385999E+02 1.1990000E-01
2.7434000E+02 1.2085000E-01
2.7482001E+02 1.2180000E-01
2.7531000E+02 1.2277000E-01
2.7579001E+02 1.2365000E-01
2.7626999E+02 1.2444000E-01
2.7675000E+02 1.2541001E-01
2.7723001E+02 1.2646000E-01
2.7772000E+02 1.2764999E-01
2.7820001E+02 1.2895000E-01
2.7867999E+02 1.2995000E-01
2.7916000E+02 1.3079999E-01
2.7964001E+02 1.3178000E-01
2.8013000E+02 1.3291000E-01
2.8060999E+02 1.3395000E-01
2.8109000E+02 1.3483000E-01
2.8157001E+02 1.3606000E-01
2.8206000E+02 1.3742000E-01
2.8254001E+02 1.3812999E-01
2.8301999E+02 1.3862000E-01
2.8350000E+02 1.3946000E-01
2.8398001E+02 1.4038000E-01
2.8447000E+02 1.4111000E-01
2.8495001E+02 1.4180000E-01
2.8542999E+02 1.4241999E-01
2.8591000E+02 1.4291000E-01
2.8639001E+02 1.4340000E-01
2.8688000E+02 1.4359000E-01
2.8735999E+02 1.4372000E-01
2.8784000E+02 1.4405000E-01
2.8832001E+02 1.4402001E-01
2.8881000E+02 1.4376999E-01
2.8929001E+02 1.4353000E-01
2.8976999E+02 1.4298999E-01
2.9025000E+02 1.4232001E-01
2.9073001E+02 1.4160000E-01
2.9122000E+02 1.4089000E-01
2.9170001E+02 1.4013000E-01
2.9217999E+02 1.3910000E-01
2.9266000E+02 1.3812999E-01
2.9314001E+02 1.3719000E-01
2.9363000E+02 1.3597000E-01
2.9410999E+02 1.3469000E-01
2.9459000E+02 1.3361000E-01
2.9507001E+02 1.3244000E-01
2.9556000E+02 1.3104001E-01
2.9604001E+02 1.2988000E-01
2.9651999E+02 1.2882000E-01
2.9700000E+02 1.2756000E-01
2.9748001E+02 1.2626000E-01
2.9797000E+02 1.2515000E-01
2.9845001E+02 1.2411000E-01
2.9892999E+02 1.2287000E-01
2.9941000E+02 1.2176000E-01
2.9989001E+02 1.2086000E-01
3.0038000E+02 1.1996000E-01
3.0085999E+02 1.1901000E-01
3.0134000E+02 1.1817000E-01
3.0182001E+02 1.1733000E-01
3.0231000E+02 1.1659000E-01
3.0279001E+02 1.1614000E-01
3.0326999E+02 1.1527000E-01
3.0375000E+02 1.1428000E-01
3.0423001E+02 1.1365000E-01
3.0472000E+02 1.1314000E-01
3.0520001E+02 1.1276000E-01
3.0567999E+02 1.1231000E-01
3.0616000E+02 1.1177000E-01
3.0664001E+02 1.1142000E-01
3.0713000E+02 1.1134000E-01
3.0760999E+02 1.1116000E-01
3.0809000E+02 1.1097000E-01
3.0857001E+02 1.1104000E-01
3.0906000E+02 1.1108000E-01
3.0954001E+02 1.1107000E-01
3.1001999E+02 1.1119000E-01
3.1050000E+02 1.1136000E-01
3.1098001E+02 1.1147000E-01
3.1147000E+02 1.1176000E-01
3.1195001E+02 1.1236000E-01
3.1242999E+02 1.1286000E-01
3.1291000E+02 1.1328000E-01
3.1339001E+02 1.1383000E-01
3.1388000E+02 1.1454000E-01
3.1435999E+02 1.1527000E-01
3.1484000E+02 1.1593000E-01
3.1532001E+02 1.1674000E-01
3.1581000E+02 1.1758000E-01
3.1629001E+02 1.1840000E-01
3.1676999E+02 1.1956000E-01
3.1725000E+02 1.2079000E-01
3.1773001E+02 1.2182000E-01
3.1822000E+02 1.2286000E-01
3.1870001E+02 1.2404000E-01
3.1917999E+02 1.2546000E-01
3.1966000E+02 1.2705000E-01
3.2014001E+02 1.2859000E-01
3.2063000E+02 1.3018000E-01
3.2110999E+02 1.3191000E-01
3.2159000E+02 1.3362999E-01
3.2207001E+02 1.3533001E-01
3.2256000E+02 1.3726000E-01
3.2304001E+02 1.3939001E-01
3.2351999E+02 1.4172000E-01
3.2400000E+02 1.4392000E-01
3.2448001E+02 1.4573000E-01
3.2497000E+02 1.4777000E-01
3.2545001E+02 1.5018000E-01
3.2592999E+02 1.5259001E-01
3.2641000E+02 1.5492000E-01
3.2689001E+02 1.5727000E-01
3.2738000E+02 1.5999000E-01
3.2785999E+02 1.6258000E-01
3.2834000E+02 1.6479000E-01
3.2882001E+02 1.6733000E-01
3.2931000E+02 1.7019001E-01
3.2979001E+02 1.7292000E-01
3.3026999E+02 1.7557999E-01
3.3075000E+02 1.7850000E-01
3.3123001E+02 1.8149000E-01
3.3172000E+02 1.8444000E-01
3.3220001E+02 1.8735000E-01
3.3267999E+02 1.9013999E-01
3.3316000E+02 1.9292000E-01
3.3364001E+02 1.9573000E-01
3.3413000E+02 1.9870999E-01
3.3460999E+02 2.0185000E-01
3.3509000E+02 2.0491999E-01
3.3557001E+02 2.0767000E-01
3.3606000E+02 2.1051000E-01
3.3654001E+02 2.1370000E-01
3.3701999E+02 2.1669000E-01
3.3750000E+02 2.1951000E-01
3.3798001E+02 2.2256000E-01
3.3847000E+02 2.2566999E-01
3.3895001E+02 2.2874001E-01
3.3942999E+02 2.3191001E-01
3.3991000E+02 2.3515999E-01
3.4039001E+02 2.3841000E-01
3.4088000E+02 2.4147999E-01
3.4135999E+02 2.4442001E-01
3.4184000E+02 2.4753000E-01
3.4232001E+02 2.5068000E-01
3.4281000E+02 2.5374001E-01
3.4329001E+02 2.5683999E-01
3.4376999E+02 2.5996000E-01
3.4425000E+02 2.6304999E-01
3.4473001E+02 2.6628000E-01
3.4522000E+02 2.6947999E-01
3.4570001E+02 2.7248001E-01
3.4617999E+02 2.7568001E-01
3.4666000E+02 2.7895999E-01
3.4714001E+02 2.8185001E-01
3.4763000E+02 2.8461000E-01
3.4810999E+02 2.8771001E-01
3.4859000E+02 2.9082999E-01
3.4907001E+02 2.9359999E-01
3.4956000E+02 2.9639000E-01
3.5004001E+02 2.9914999E-01
3.5051999E+02 3.0144000E-01
3.5100000E+02 3.0379999E-01
3.5148001E+02 3.0656001E-01
3.5197000E+02 3.0899000E-01
3.5245001E+02 3.1079000E-01
3.5292999E+02 3.1255001E-01
3.5341000E+02 3.1452000E-01
3.5389001E+02 3.1641001E-01
3.5438000E+02 3.1806999E-01
3.5485999E+02 3.1968001E-01
3.5534000E+02 3.2109001E-01
3.5582001E+02 3.2207000E-01
3.5631000E+02 3.2289001E-01
3.5679001E+02 3.2368001E-01
3.5726999E+02 3.2427999E-01
3.5775000E+02 3.2493001E-01
3.5823001E+02 3.2559001E-01
3.5872000E+02 3.2593000E-01
3.5920001E+02 3.2589000E-01
3.5967999E+02 3.2550001E-01
3.6016000E+02 3.2510999E-01
3.6064001E+02 3.2499000E-01
3.6113000E+02 3.2431000E-01
3.6160999E+02 3.2319000E-01
3.6209000E+02 3.2267001E-01
3.6257001E+02 3.2205001E-01
3.6306000E+02 3.2087001E-01
3.6354001E+02 3.1962001E-01
3.6401999E+02 3.1825000E-01
3.6450000E+02 3.1665999E-01
3.6498001E+02 3.1518000E-01
3.6547000E+02 3.1411001E-01
3.6595001E+02 3.1285000E-01
3.6642999E+02 3.1101999E-01
3.6691000E+02 3.0910999E-01
3.6739001E+02 3.0723000E-01
3.6788000E+02 3.0511999E-01
3.6835999E+02 3.0287001E-01
3.6884000E+02 3.0072999E-01
3.6932001E+02 2.9883000E-01
3.6981000E+02 2.9675001E-01
3.7029001E+02 2.9431000E-01
3.7076999E+02 2.9214999E-01
3.7125000E+02 2.8990999E-01
3.7173001E+02 2.8738001E-01
3.7222000E+02 2.8529000E-01
3.7270001E+02 2.8345999E-01
3.7317999E+02 2.8134999E-01
3.7366000E+02 2.7928999E-01
3.7414001E+02 2.7761000E-01
3.7463000E+02 2.7607000E-01
3.7510999E+02 2.7443001E-01
3.7559000E+02 2.7305999E-01
3.7607001E+02 2.7248001E-01
3.7656000E+02 2.7184001E-01
3.7704001E+02 2.7068001E-01
3.7751999E+02 2.7017999E-01
3.7800000E+02 2.7024001E-01
3.7848001E+02 2.6995000E-01
3.7897000E+02 2.6984000E-01
3.7945001E+02 2.7022001E-01
3.7992999E+02 2.7043000E-01
3.8041000E+02 2.7081999E-01
3.8089001E+02 2.7195001E-01
3.8138000E+02 2.7353999E-01
3.8185999E+02 2.7429000E-01
3.8234000E+02 2.7467999E-01
3.8282001E+02 2.7643001E-01
3.8331000E+02 2.7849001E-01
3.8379001E+02 2.8011000E-01
3.8426999E+02 2.8209001E-01
3.8475000E+02 2.8411001E-01
3.8523001E+02 2.8602999E-01
3.8572000E+02 2.8848001E-01
3.8620001E+02 2.9133999E-01
3.8667999E+02 2.9431999E-01
3.8716000E+02 2.9707000E-01
3.8764999E+02 2.9962999E-01
3.8813000E+02 3.0294999E-01
3.8860999E+02 3.0691999E-01
3.8909000E+02 3.1036001E-01
3.8957001E+02 3.1404999E-01
3.9006000E+02 3.1905001E-01
3.9054001E+02 3.2409000E-01
3.9101999E+02 3.2901999E-01
3.9150000E+02 3.3486000E-01
3.9198001E+02 3.4068000E-01
3.9247000E+02 3.4573001E-01
3.9295001E+02 3.5146999E-01
3.9342999E+02 3.5853001E-01
3.9391000E+02 3.6528999E-01
3.9439999E+02 3.7154001E-01
3.9488000E+02 3.7841001E-01
3.9535999E+02 3.8561001E-01
3.9584000E+02 3.9216000E-01
3.9632001E+02 3.9829001E-01
3.9681000E+02 4.0487999E-01
3.9729001E+02 4.1108000E-01
3.9776999E+02 4.1655999E-01
3.9825000E+02 4.2197001E-01
3.9873001E+02 4.2645001E-01
3.9922000E+02 4.2958000E-01
3.9970001E+02 4.3220001E-01
4.0017999E+02 4.3549001E-01
4.0066000E+02 4.3871000E-01
4.0114999E+02 4.4067001E-01
4.0163000E+02 4.4292000E-01
4.0210999E+02 4.4490999E-01
4.0259000E+02 4.4600001E-01
4.0307001E+02 4.4767001E-01
4.0356000E+02 4.4938999E-01
4.0404001E+02 4.5072001E-01
4.0451999E+02 4.5201999E-01
4.0500000E+02 4.5370001E-01
4.0548001E+02 4.5473999E-01
4.0597000E+02 4.5403001E-01
4.0645001E+02 4.5363000E-01
4.0692999E+02 4.5407999E-01
4.0741000E+02 4.5394000E-01
4.0789999E+02 4.5357001E-01
4.0838000E+02 4.5344001E-01
4.0885999E+02 4.5319000E-01
4.0934000E+02 4.5271999E-01
4.0982001E+02 4.5140001E-01
4.1031000E+02 4.4916001E-01
4.1079001E+02 4.4762000E-01
4.1126999E+02 4.4624001E-01
4.1175000E+02 4.4373000E-01
4.1223001E+02 4.4146001E-01
4.1272000E+02 4.3961999E-01
4.1320001E+02 4.3718001E-01
4.1367999E+02 4.3435001E-01
4.1416000E+02 4.3156999E-01
4.1464999E+02 4.2875001E-01
4.1513000E+02 4.2563000E-01
4.1560999E+02 4.2256999E-01
4.1609000E+02 4.1979000E-01
4.1657001E+02 4.1663000E-01
4.1706000E+02 4.1314000E-01
4.1754001E+02 4.0983999E-01
4.1801999E+02 4.0643001E-01
4.1850000E+02 4.0292001E-01
4.1898001E+02 3.9989001E-01
4.1947000E+02 3.9671999E-01
4.1995001E+02 3.9306000E-01
4.2042999E+02 3.8977000E-01
4.2091000E+02 3.8685000E-01
4.2139999E+02 3.8352001E-01
4.2188000E+02 3.7988001E-01
4.2235999E+02 3.7665999E-01
4.2284000E+02 3.7345999E-01
4.2332001E+02 3.6987999E-01
4.2381000E+02 3.6662000E-01
4.2429001E+02 3.6377001E-01
4.2476999E+02 3.6087000E-01
4.2525000E+02 3.5754001E-01
4.2573001E+02 3.5420999E-01
4.2622000E+02 3.5126001E-01
4.2670001E+02 3.4834999E-01
4.2717999E+02 3.4555000E-01
4.2766000E+02 3.4261999E-01
4.2814999E+02 3.3937001E-01
4.2863000E+02 3.3631000E-01
4.2910999E+02 3.3339000E-01
4.2959000E+02 3.3047000E-01
4.3007001E+02 3.2743001E-01
4.3056000E+02 3.2436001E-01
4.3104001E+02 3.2174000E-01
4.3151999E+02 3.1913999E-01
4.3200000E+02 3.1608999E-01
4.3248001E+02 3.1319001E-01
4.3297000E+02 3.1062999E-01
4.3345001E+02 3.0785999E-01
4.3392999E+02 3.0484000E-01
4.3441000E+02 3.0199000E-01
4.3489999E+02 2.9931000E-01
4.3538000E+02 2.9635000E-01
4.3585999E+02 2.9337999E-01
4.3634000E+02 2.9065001E-01
4.3682001E+02 2.8773001E-01
4.3731000E+02 2.8488001E-01
4.3779001E+02 2.8233001E-01
4.3826999E+02 2.7974999E-01
4.3875000E+02 2.7695000E-01
4.3923001E+02 2.7449000E-01
4.3972000E+02 2.7234000E-01
4.4020001E+02 2.6984999E-01
4.4067999E+02 2.6721999E-01
4.4116000E+02 2.6482999E-01
4.4164999E+02 2.6273000E-01
4.4213000E+02 2.6036999E-01
4.4260999E+02 2.5850001E-01
4.4309000E+02 2.5722000E-01
4.4357001E+02 2.5545001E-01
4.4406000E+02 2.5369000E-01
4.4454001E+02 2.5207001E-01
4.4501999E+02 2.5064000E-01
4.4550000E+02 2.4947999E-01
4.4598001E+02 2.4832000E-01
4.4647000E+02 2.4729000E-01
4.4695001E+02 2.4598999E-01
4.4742999E+02 2.4458000E-01
4.4791000E+02 2.4350999E-01
4.4839999E+02 2.4279000E-01
4.4888000E+02 2.4228001E-01
4.4935999E+02 2.4141000E-01
4.4984000E+02 2.4065000E-01
4.5032001E+02 2.4017000E-01
4.5081000E+02 2.3961000E-01
4.5129001E+02 2.3939000E-01
4.5176999E+02 2.3919000E-01
4.5225000E+02 2.3875999E-01
4.5273001E+02 2.3837000E-01
4.5322000E+02 2.3823000E-01
4.5370001E+02 2.3833001E-01
4.5417999E+02 2.3790000E-01
4.5466000E+02 2.3752999E-01
4.5514999E+02 2.3789001E-01
4.5563000E+02 2.3794000E-01
4.5610999E+02 2.3745000E-01
4.5659000E+02 2.3723000E-01
4.5707001E+02 2.3724000E-01
4.5756000E+02 2.3717000E-01
4.5804001E+02 2.3713000E-01
4.5851999E+02 2.3718999E-01
4.5900000E+02 2.3699000E-01
4.5948001E+02 2.3654000E-01
4.5997000E+02 2.3656000E-01
4.6045001E+02 2.3658000E-01
4.6092999E+02 2.3615000E-01
4.6141000E+02 2.3586001E-01
4.6189999E+02 2.3556000E-01
4.6238000E+02 2.3503000E-01
4.6285999E+02 2.3449001E-01
4.6334000E+02 2.3415001E-01
4.6382001E+02 2.3395000E-01
4.6431000E+02 2.3355000E-01
4.6479001E+02 2.3308000E-01
4.6526999E+02 2.3317000E-01
4.6575000E+02 2.3333000E-01
4.6623001E+02 2.3261000E-01
4.6672000E+02 2.3201001E-01
4.6720001E+02 2.3209000E-01
4.6767999E+02 2.3177999E-01
4.6816000E+02 2.3122001E-01
4.6864999E+02 2.3118000E-01
4.6913000E+02 2.3115000E-01
4.6960999E+02 2.3091000E-01
4.7009000E+02 2.3101000E-01
4.7057001E+02 2.3102000E-01
4.7106000E+02 2.3045000E-01
4.7154001E+02 2.3014000E-01
4.7201999E+02 2.3009001E-01
4.7250000E+02 2.2982000E-01
4.7298001E+02 2.2979000E-01
4.7347000E+02 2.3025000E-01
4.7395001E+02 2.3088001E-01
4.7442999E+02 2.3131999E-01
4.7491000E+02 2.3195000E-01
4.7539999E+02 2.3325001E-01
4.7588000E+02 2.3477000E-01
4.7635999E+02 2.3627000E-01
4.7684000E+02 2.3813000E-01
4.7732001E+02 2.4078000E-01
4.7781000E+02 2.4369000E-01
4.7829001E+02 2.4673000E-01
4.7876999E+02 2.5044000E-01
4.7925000E+02 2.5444001E-01
4.7973001E+02 2.5882000E-01
4.8022000E+02 2.6389000E-01
4.8070001E+02 2.6905999E-01
4.8117999E+02 2.7415001E-01
4.8166000E+02 2.7948999E-01
4.8214999E+02 2.8503001E-01
4.8263000E+02 2.9102999E-01
4.8310999E+02 2.9727000E-01
4.8359000E+02 3.0335999E-01
4.8407001E+02 3.0994001E-01
4.8456000E+02 3.1679001E-01
4.8504001E+02 3.2330999E-01
4.8551999E+02 3.2982999E-01
4.8600000E+02 3.3623001E-01
4.8648001E+02 3.4195000E-01
4.8697000E+02 3.4819001E-01
4.8745001E+02 3.5539001E-01
4.8792999E+02 3.6175999E-01
4.8841000E+02 3.6728999E-01
4.8889999E+02 3.7300000E-01
4.8938000E+02 3.7860999E-01
4.8985999E+02 3.8417000E-01
4.9034000E+02 3.8997999E-01
4.9082001E+02 3.9542001E-01
4.9131000E+02 3.9987001E-01
4.9179001E+02 4.0343001E-01
4.9226999E+02 4.0713999E-01
4.9275000E+02 4.1165999E-01
4.9323001E+02 4.1569000E-01
4.9372000E+02 4.1852999E-01
4.9420001E+02 4.2116001E-01
4.9467999E+02 4.2344999E-01
4.9516000E+02 4.2471001E-01
4.9564999E+02 4.2557001E-01
4.9613000E+02 4.2647001E-01
4.9660999E+02 4.2715001E-01
4.9709000E+02 4.2675999E-01
4.9757001E+02 4.2602000E-01
4.9806000E+02 4.2579001E-01
4.9854001E+02 4.2462000E-01
4.9901999E+02 4.2309001E-01
4.9950000E+02 4.2232001E-01
4.9998001E+02 4.2164001E-01
5.0047000E+02 4.2003000E-01
5.0095001E+02 4.1766000E-01
5.0142999E+02 4.1608000E-01
5.0191000E+02 4.1543999E-01
5.0239999E+02 4.1486001E-01
5.0288000E+02 4.1402999E-01
5.0335999E+02 4.1373000E-01
5.0384000E+02 4.1354999E-01
5.0432001E+02 4.1321999E-01
5.0481000E+02 4.1378999E-01
5.0529001E+02 4.1407999E-01
5.0576999E+02 4.1409001E-01
5.0625000E+02 4.1433999E-01
5.0673001E+02 4.1442999E-01
5.0722000E+02 4.1464001E-01
5.0770001E+02 4.1402000E-01
5.0817999E+02 4.1448000E-01
5.0866000E+02 4.1659001E-01
5.0914999E+02 4.1754001E-01
5.0963000E+02 4.1839001E-01
5.1010999E+02 4.1977000E-01
5.1059000E+02 4.2048001E-01
5.1107001E+02 4.2172000E-01
5.1156000E+02 4.2410001E-01
5.1203998E+02 4.2613000E-01
5.1252002E+02 4.2770001E-01
5.1300000E+02 4.2965999E-01
5.1348999E+02 4.3160000E-01
5.1396997E+02 4.3296999E-01
5.1445001E+02 4.3437001E-01
5.1492999E+02 4.3621001E-01
5.1540997E+02 4.3790999E-01
5.1590002E+02 4.3996999E-01
5.1638000E+02 4.4214001E-01
5.1685999E+02 4.4373000E-01
5.1734003E+02 4.4512001E-01
5.1782001E+02 4.4619000E-01
5.1831000E+02 4.4753000E-01
5.1878998E+02 4.4830000E-01
5.1927002E+02 4.4775000E-01
5.1975000E+02 4.4768000E-01
5.2023999E+02 4.4806999E-01
5.2071997E+02 4.4784999E-01
5.2120001E+02 4.4767001E-01
5.2167999E+02 4.4718999E-01
5.2215997E+02 4.4560000E-01
5.2265002E+02 4.4405001E-01
5.2313000E+02 4.4288999E-01
5.2360999E+02 4.4161001E-01
5.2409003E+02 4.3999001E-01
5.2457001E+02 4.3796000E-01
5.2506000E+02 4.3612999E-01
5.2553998E+02 4.3395001E-01
5.2602002E+02 4.3066999E-01
5.2650000E+02 4.2800000E-01
5.2698999E+02 4.2627001E-01
5.2746997E+02 4.2451000E-01
5.2795001E+02 4.2275000E-01
5.2842999E+02 4.2076999E-01
5.2890997E+02 4.1863000E-01
5.2940002E+02 4.1633001E-01
5.2988000E+02 4.1435000E-01
5.3035999E+02 4.1227001E-01
5.3084003E+02 4.0972000E-01
5.3132001E+02 4.0768999E-01
5.3181000E+02 4.0561000E-01
5.3228998E+02 4.0358001E-01
5.3277002E+02 4.0193999E-01
5.3325000E+02 4.0022999E-01
5.3373999E+02 3.9842999E-01
5.3421997E+02 3.9618999E-01
5.3470001E+02 3.9374000E-01
5.3517999E+02 3.9159000E-01
5.3565997E+02 3.8949999E-01
5.3615002E+02 3.8743001E-01
5.3663000E+02 3.8587001E-01
5.3710999E+02 3.8398001E-01
5.3759003E+02 3.8152999E-01
5.3807001E+02 3.7908000E-01
5.3856000E+02 3.7648001E-01
5.3903998E+02 3.7415001E-01
5.3952002E+02 3.7222999E-01
5.4000000E+02 3.7029001E-01
5.4048999E+02 3.6761001E-01
5.4096997E+02 3.6464000E-01
5.4145001E+02 3.6208999E-01
5.4192999E+02 3.5901999E-01
5.4240997E+02 3.5569000E-01
5.4290002E+02 3.5275000E-01
5.4338000E+02 3.4966999E-01
5.4385999E+02 3.4654999E-01
5.4434003E+02 3.4344000E-01
5.4482001E+02 3.4033000E-01
5.4531000E+02 3.3699000E-01
5.4578998E+02 3.3338001E-01
5.4627002E+02 3.2980001E-01
5.4675000E+02 3.2591000E-01
5.4723999E+02 3.2236001E-01
5.4771997E+02 3.1931001E-01
5.4820001E+02 3.1582999E-01
5.4867999E+02 3.1195000E-01
5.4915997E+02 3.0794999E-01
5.4965002E+02 3.0414999E-01
5.5013000E+02 3.0057999E-01
5.5060999E+02 2.9686001E-01
5.5109003E+02 2.9313001E-01
5.5157001E+02 2.8979000E-01
5.5206000E+02 2.8648001E-01
5.5253998E+02 2.8281999E-01
5.5302002E+02 2.7891999E-01
5.5350000E+02 2.7495000E-01
5.5398999E+02 2.7149999E-01
5.5446997E+02 2.6835999E-01
5.5495001E+02 2.6525000E-01
5.5542999E+02 2.6190001E-01
5.5590997E+02 2.5848001E-01
5.5640002E+02 2.5584000E-01
5.5688000E+02 2.5288999E-01
5.5735999E+02 2.4927001E-01
5.5784003E+02 2.4605000E-01
5.5832001E+02 2.4332000E-01
5.5881000E+02 2.4049000E-01
5.5928998E+02 2.3744000E-01
5.5977002E+02 2.3467000E-01
5.6025000E+02 2.3209000E-01
5.6073999E+02 2.2947000E-01
5.6121997E+02 2.2708000E-01
5.6170001E+02 2.2476000E-01
5.6217999E+02 2.2216000E-01
5.6265997E+02 2.1957999E-01
5.6315002E+02 2.1724001E-01
5.6363000E+02 2.1494000E-01
5.6410999E+02 2.1269999E-01
5.6459003E+02 2.1049000E-01
5.6507001E+02 2.0836000E-01
5.6556000E+02 2.0623000E-01
5.6603998E+02 2.0395000E-01
5.6652002E+02 2.0193000E-01
5.6700000E+02 2.0028999E-01
5.6748999E+02 1.9860999E-01
5.6796997E+02 1.9667999E-01
5.6845001E+02 1.9494000E-01
5.6892999E+02 1.9332001E-01
5.6940997E+02 1.9137000E-01
5.6990002E+02 1.8942000E-01
5.7038000E+02 1.8771000E-01
5.7085999E+02 1.8775000E-01
5.7134003E+02 1.8600000E-01
5.7182001E+02 1.8539999E-01
5.7231000E+02 1.8460000E-01
5.7278998E+02 1.8584000E-01
5.7327002E+02 1.8576001E-01
5.7375000E+02 1.8337999E-01
5.7423999E+02 1.8291999E-01
5.7471997E+02 1.8302999E-01
5.7520001E+02 1.8308000E-01
5.7567999E+02 1.8415000E-01
5.7615997E+02 1.8477000E-01
5.7665002E+02 1.8504000E-01
5.7713000E+02 1.8499000E-01
5.7760999E+02 1.8549000E-01
5.7809003E+02 1.8749000E-01
5.7857001E+02 1.8896000E-01
5.7906000E+02 1.9089000E-01
5.7953998E+02 1.9268000E-01
5.8002002E+02 1.9341999E-01
5.8050000E+02 1.9712000E-01
5.8098999E+02 2.0080000E-01
5.8146997E+02 2.0181000E-01
5.8195001E+02 2.0428000E-01
5.8242999E+02 2.0728999E-01
5.8290997E+02 2.1098000E-01
5.8340002E+02 2.1581000E-01
5.8388000E+02 2.1867000E-01
5.8435999E+02 2.2189000E-01
5.8484003E+02 2.2599000E-01
5.8532001E+02 2.2912000E-01
5.8581000E+02 2.3327000E-01
5.8628998E+02 2.3714000E-01
5.8677002E+02 2.3977000E-01
5.8725000E+02 2.4323000E-01
5.8773999E+02 2.4699999E-01
5.8821997E+02 2.5047001E-01
5.8870001E+02 2.5417000E-01
5.8917999E+02 2.5756001E-01
5.8965997E+02 2.6117000E-01
5.9015002E+02 2.6459000E-01
5.9063000E+02 2.6681000E-01
5.9110999E+02 2.6949000E-01
5.9159003E+02 2.7230999E-01
5.9207001E+02 2.7476001E-01
5.9256000E+02 2.7669999E-01
5.9303998E+02 2.7761000E-01
5.9352002E+02 2.7994001E-01
5.9400000E+02 2.8233001E-01
5.9448999E+02 2.8384000E-01
5.9496997E+02 2.8661999E-01
5.9545001E+02 2.8769001E-01
5.9592999E+02 2.8793001E-01
5.9640997E+02 2.8960001E-01
5.9690002E+02 2.8966001E-01
5.9738000E+02 2.8986001E-01
5.9785999E+02 2.9121000E-01
5.9834003E+02 2.9111999E-01
5.9882001E+02 2.9099000E-01
5.9931000E+02 2.9168999E-01
5.9978998E+02 2.9249999E-01
6.0027002E+02 2.9284000E-01
6.0075000E+02 2.9236999E-01
6.0123999E+02 2.9233000E-01
6.0171997E+02 2.9284000E-01
6.0220001E+02 2.9295000E-01
6.0267999E+02 2.9306999E-01
6.0315997E+02 2.9290000E-01
6.0365002E+02 2.9264000E-01
6.0413000E+02 2.9313001E-01
6.0460999E+02 2.9295000E-01
6.0509003E+02 2.9251000E-01
6.0557001E+02 2.9247001E-01
6.0606000E+02 2.9133001E-01
6.0653998E+02 2.9036000E-01
6.0702002E+02 2.8957999E-01
6.0750000E+02 2.8852001E-01
6.0798999E+02 2.8874001E-01
6.0846997E+02 2.8793001E-01
6.0895001E+02 2.8551000E-01
6.0942999E+02 2.8459001E-01
6.0990997E+02 2.8426999E-01
6.1040002E+02 2.8318000E-01
6.1088000E+02 2.8233999E-01
6.1135999E+02 2.8062999E-01
6.1184003E+02 2.7833000E-01
6.1232001E+02 2.7754000E-01
6.1281000E+02 2.7673000E-01
6.1328998E+02 2.7529001E-01
6.1377002E+02 2.7381000E-01
6.1425000E+02 2.7223000E-01
6.1473999E+02 2.7072999E-01
6.1521997E+02 2.6833999E-01
6.1570001E+02 2.6650000E-01
6.1617999E+02 2.6523000E-01
6.1665997E+02 2.6312000E-01
6.1715002E+02 2.6135001E-01
6.1763000E+02 2.5902000E-01
6.1810999E+02 2.5681999E-01
6.1859003E+02 2.5567001E-01
6.1907001E+02 2.5334001E-01
6.1956000E+02 2.5071999E-01
6.2003998E+02 2.4899000E-01
6.2052002E+02 2.4704000E-01
6.2100000E+02 2.4515000E-01
6.2148999E+02 2.4310000E-01
6.2196997E+02 2.3988000E-01
6.2245001E+02 2.3769000E-01
6.2292999E+02 2.3653001E-01
6.2340997E+02 2.3423000E-01
6.2390002E+02 2.3227000E-01
6.2438000E+02 2.3037000E-01
6.2485999E+02 2.2837999E-01
6.2534003E+02 2.2691999E-01
6.2582001E+02 2.2476000E-01
6.2631000E+02 2.2284000E-01
6.2678998E+02 2.2129001E-01
6.2727002E+02 2.1980000E-01
6.2775000E+02 2.1844999E-01
6.2823999E+02 2.1664999E-01
6.2871997E+02 2.1507999E-01
6.2920001E+02 2.1311000E-01
6.2967999E+02 2.1089000E-01
6.3015997E+02 2.0973000E-01
6.3065002E+02 2.0835000E-01
6.3113000E+02 2.0698000E-01
6.3160999E+02 2.0614000E-01
6.3209003E+02 2.0409000E-01
6.3258002E+02 2.0212001E-01
6.3306000E+02 2.0151000E-01
6.3353998E+02 2.0014000E-01
6.3402002E+02 1.9848999E-01
6.3450000E+02 1.9754000E-01
6.3498999E+02 1.9633000E-01
6.3546997E+02 1.9554999E-01
6.3595001E+02 1.9463000E-01
6.3642999E+02 1.9299001E-01
6.3690997E+02 1.9188000E-01
6.3740002E+02 1.9078000E-01
6.3788000E+02 1.8974000E-01
6.3835999E+02 1.8892001E-01
6.3884003E+02 1.8815000E-01
6.3933002E+02 1.8798000E-01
6.3981000E+02 1.8726000E-01
6.4028998E+02 1.8605000E-01
6.4077002E+02 1.8489000E-01
6.4125000E+02 1.8398000E-01
6.4173999E+02 1.8435000E-01
6.4221997E+02 1.8401000E-01
6.4270001E+02 1.8246999E-01
6.4317999E+02 1.8188000E-01
6.4365997E+02 1.8137001E-01
6.4415002E+02 1.8014000E-01
6.4463000E+02 1.7972000E-01
6.4510999E+02 1.7949000E-01
6.4559003E+02 1.7838000E-01
6.4608002E+02 1.7815000E-01
6.4656000E+02 1.7771000E-01
6.4703998E+02 1.7667000E-01
6.4752002E+02 1.7654000E-01
6.4800000E+02 1.7597000E-01
6.4848999E+02 1.7550001E-01
6.4896997E+02 1.7516001E-01
6.4945001E+02 1.7420000E-01
6.4992999E+02 1.7377000E-01
6.5040997E+02 1.7359000E-01
6.5090002E+02 1.7336001E-01
6.5138000E+02 1.7275000E-01
6.5185999E+02 1.7218000E-01
6.5234003E+02 1.7197999E-01
6.5283002E+02 1.7126000E-01
6.5331000E+02 1.7098001E-01
6.5378998E+02 1.7087001E-01
6.5427002E+02 1.6992000E-01
6.5475000E+02 1.6963001E-01
6.5523999E+02 1.6981000E-01
6.5571997E+02 1.6925000E-01
6.5620001E+02 1.6901000E-01
6.5667999E+02 1.6886000E-01
6.5715997E+02 1.6789000E-01
6.5765002E+02 1.6764000E-01
6.5813000E+02 1.6732000E-01
6.5860999E+02 1.6616000E-01
6.5909003E+02 1.6620000E-01
6.5958002E+02 1.6627000E-01
6.6006000E+02 1.6554999E-01
6.6053998E+02 1.6546001E-01
6.6102002E+02 1.6523001E-01
6.6150000E+02 1.6451000E-01
6.6198999E+02 1.6393000E-01
6.6246997E+02 1.6369000E-01
6.6295001E+02 1.6364001E-01
6.6342999E+02 1.6340999E-01
6.6390997E+02 1.6338000E-01
6.6440002E+02 1.6280000E-01
6.6488000E+02 1.6199000E-01
6.6535999E+02 1.6202000E-01
6.6584003E+02 1.6146000E-01
6.6633002E+02 1.6100000E-01
6.6681000E+02 1.6143000E-01
6.6728998E+02 1.6110000E-01
6.6777002E+02 1.6046000E-01
6.6825000E+02 1.6020000E-01
6.6873999E+02 1.5940000E-01
6.6921997E+02 1.5855999E-01
6.6970001E+02 1.5846001E-01
6.7017999E+02 1.5809000E-01
6.7065997E+02 1.5775000E-01
6.7115002E+02 1.5786999E-01
6.7163000E+02 1.5722001E-01
6.7210999E+02 1.5643001E-01
6.7259003E+02 1.5627000E-01
6.7308002E+02 1.5607999E-01
6.7356000E+02 1.5580000E-01
6.7403998E+02 1.5552001E-01
6.7452002E+02 1.5504000E-01
6.7500000E+02 1.5445000E-01
6.7548999E+02 1.5451001E-01
6.7596997E+02 1.5439001E-01
6.7645001E+02 1.5346999E-01
6.7692999E+02 1.5327001E-01
6.7740997E+02 1.5301000E-01
6.7790002E+02 1.5222999E-01
6.7838000E+02 1.5228000E-01
6.7885999E+02 1.5211000E-01
6.7934003E+02 1.5119000E-01
6.7983002E+02 1.5103000E-01
6.8031000E+02 1.5099999E-01
6.8078998E+02 1.5023001E-01
6.8127002E+02 1.5019999E-01
6.8175000E+02 1.5004000E-01
6.8223999E+02 1.4879000E-01
6.8271997E+02 1.4837000E-01
6.8320001E+02 1.4845000E-01
6.8367999E+02 1.4816000E-01
6.8415997E+02 1.4790000E-01
6.8465002E+02 1.4719000E-01
6.8513000E+02 1.4651000E-01
6.8560999E+02 1.4638001E-01
6.8609003E+02 1.4616001E-01
6.8658002E+02 1.4546999E-01
6.8706000E+02 1.4490999E-01
6.8753998E+02 1.4482000E-01
6.8802002E+02 1.4420000E-01
6.8850000E+02 1.4395000E-01
6.8898999E+02 1.4421999E-01
6.8946997E+02 1.4334001E-01
6.8995001E+02 1.4301001E-01
6.9042999E+02 1.4331999E-01
6.9090997E+02 1.4256001E-01
6.9140002E+02 1.4196999E-01
6.9188000E+02 1.4179000E-01
6.9235999E+02 1.4094000E-01
6.9284003E+02 1.4015000E-01
6.9333002E+02 1.4018001E-01
6.9381000E+02 1.3977000E-01
6.9428998E+02 1.3934000E-01
6.9477002E+02 1.3936000E-01
6.9525000E+02 1.3855000E-01
6.9573999E+02 1.3804001E-01
6.9621997E+02 1.3810000E-01
6.9670001E+02 1.3725001E-01
6.9717999E+02 1.3635001E-01
6.9765997E+02 1.3631999E-01
6.9815002E+02 1.3612001E-01
6.9863000E+02 1.3563000E-01
6.9910999E+02 1.3572000E-01
6.9959003E+02 1.3493000E-01
7.0008002E+02 1.3382000E-01
7.0056000E+02 1.3395000E-01
7.0103998E+02 1.3327999E-01
7.0152002E+02 1.3276000E-01
7.0200000E+02 1.3342001E-01
7.0248999E+02 1.3304000E-01
7.0296997E+02 1.3206001E-01
7.0345001E+02 1.3152000E-01
7.0392999E+02 1.3085000E-01
7.0440997E+02 1.3014001E-01
7.0490002E+02 1.3038000E-01
7.0538000E+02 1.3006000E-01
7.0585999E+02 1.2886000E-01
7.0634003E+02 1.2901001E-01
7.0683002E+02 1.2867001E-01
7.0731000E+02 1.2777001E-01
7.0778998E+02 1.2781000E-01
7.0827002E+02 1.2711000E-01
7.0875000E+02 1.2633000E-01
7.0923999E+02 1.2628999E-01
7.0971997E+02 1.2611000E-01
7.1020001E+02 1.2537000E-01
7.1067999E+02 1.2518001E-01
7.1115997E+02 1.2523000E-01
7.1165002E+02 1.2383000E-01
7.1213000E+02 1.2325000E-01
7.1260999E+02 1.2348000E-01
7.1309003E+02 1.2286000E-01
7.1358002E+02 1.2271000E-01
7.1406000E+02 1.2244000E-01
7.1453998E+02 1.2184000E-01
7.1502002E+02 1.2168000E-01
7.1550000E+02 1.2136000E-01
7.1598999E+02 1.2037000E-01
7.1646997E+02 1.1982000E-01
7.1695001E+02 1.2005000E-01
7.1742999E+02 1.1947000E-01
7.1790997E+02 1.1889000E-01
7.1840002E+02 1.1886000E-01
7.1888000E+02 1.1821000E-01
7.1935999E+02 1.1761000E-01
7.1984003E+02 1.1755000E-01
7.2033002E+02 1.1702000E-01
7.2081000E+02 1.1633000E-01
7.2128998E+02 1.1642000E-01
7.2177002E+02 1.1592000E-01
7.2225000E+02 1.1499000E-01
7.2273999E+02 1.1522000E-01
7.2321997E+02 1.1482000E-01
7.2370001E+02 1.1414000E-01
7.2417999E+02 1.1447000E-01
7.2465997E+02 1.1388000E-01
7.2515002E+02 1.1335000E-01
7.2563000E+02 1.1357000E-01
7.2610999E+02 1.1300000E-01
7.2659003E+02 1.1233000E-01
7.2708002E+02 1.1212000E-01
7.2756000E+02 1.1169000E-01
7.2803998E+02 1.1117000E-01
7.2852002E+02 1.1119000E-01
7.2900000E+02 1.1078000E-01
7.2948999E+02 1.1001000E-01
7.2996997E+02 1.1001000E-01
7.3045001E+02 1.0981000E-01
7.3092999E+02 1.0940000E-01
7.3140997E+02 1.0952000E-01
7.3190002E+02 1.0931000E-01
7.3238000E+02 1.0850000E-01
7.3285999E+02 1.0829000E-01
7.3334003E+02 1.0836000E-01
7.3383002E+02 1.0752000E-01
7.3431000E+02 1.0717000E-01
7.3478998E+02 1.0713000E-01
7.3527002E+02 1.0631000E-01
7.3575000E+02 1.0628000E-01
7.3623999E+02 1.0624000E-01
7.3671997E+02 1.0547000E-01
7.3720001E+02 1.0532000E-01
7.3767999E+02 1.0503000E-01
7.3815997E+02 1.0429000E-01
7.3865002E+02 1.0438000E-01
7.3913000E+02 1.0479000E-01
7.3960999E+02 1.0416000E-01
7.4009003E+02 1.0368000E-01
7.4058002E+02 1.0363000E-01
7.4106000E+02 1.0291000E-01
7.4153998E+02 1.0275000E-01
7.4202002E+02 1.0282000E-01
7.4250000E+02 1.0217000E-01
7.4298999E+02 1.0206000E-01
7.4346997E+02 1.0210000E-01
7.4395001E+02 1.0152000E-01
7.4442999E+02 1.0113000E-01
7.4490997E+02 1.0122000E-01
7.4540002E+02 1.0063000E-01
7.4588000E+02 9.9935003E-02
7.4635999E+02 1.0019000E-01
7.4684003E+02 9.9766001E-02
7.4733002E+02 9.9207997E-02
7.4781000E+02 9.9299997E-02
7.4828998E+02 9.8771997E-02
7.4877002E+02 9.8522000E-02
7.4925000E+02 9.8711997E-02
7.4973999E+02 9.8352000E-02
7.5021997E+02 9.7951002E-02
7.5070001E+02 9.7836003E-02
7.5117999E+02 9.7317003E-02
7.5165997E+02 9.6945003E-02
7.5215002E+02 9.7277999E-02
7.5263000E+02 9.6778996E-02
7.5310999E+02 9.6212000E-02
7.5359003E+02 9.6504003E-02
7.5408002E+02 9.6202999E-02
7.5456000E+02 9.5739998E-02
7.5503998E+02 9.5640004E-02
7.5552002E+02 9.5241003E-02
7.5600000E+02 9.4841003E-02
7.5648999E+02 9.5030002E-02
7.5696997E+02 9.5013000E-02
7.5745001E+02 9.4530001E-02
7.5792999E+02 9.4678000E-02
7.5840997E+02 9.4465002E-02
7.5890002E+02 9.3645997E-02
7.5938000E+02 9.3617998E-02
7.5985999E+02 9.3597002E-02
7.6034003E+02 9.3387999E-02
7.6083002E+02 9.3390003E-02
7.6131000E+02 9.3161002E-02
7.6178998E+02 9.2859000E-02
7.6227002E+02 9.2574000E-02
7.6275000E+02 9.2496000E-02
7.6323999E+02 9.2330001E-02
7.6371997E+02 9.2022002E-02
7.6420001E+02 9.2118002E-02
7.6467999E+02 9.2139997E-02
7.6516998E+02 9.1904998E-02
7.6565002E+02 9.1472000E-02
7.6613000E+02 9.0968996E-02
7.6660999E+02 9.0788998E-02
7.6709003E+02 9.0719998E-02
7.6758002E+02 9.0641998E-02
7.6806000E+02 9.0782002E-02
7.6853998E+02 9.0995997E-02
7.6902002E+02 9.0694003E-02
7.6950000E+02 9.0250999E-02
7.6998999E+02 9.0216003E-02
7.7046997E+02 9.0271004E-02
7.7095001E+02 9.0480000E-02
7.7142999E+02 9.0403996E-02
7.7191998E+02 8.9853004E-02
7.7240002E+02 8.9602999E-02
7.7288000E+02 8.9598998E-02
7.7335999E+02 8.9435004E-02
7.7384003E+02 8.9189000E-02
7.7433002E+02 8.9089997E-02
7.7481000E+02 8.9120001E-02
7.7528998E+02 8.9307003E-02
7.7577002E+02 8.9381002E-02
7.7625000E+02 8.8963002E-02
7.7673999E+02 8.8881001E-02
7.7721997E+02 8.9033999E-02
7.7770001E+02 8.8620000E-02
7.7817999E+02 8.8182002E-02
7.7866998E+02 8.7986000E-02
7.7915002E+02 8.8007003E-02
7.7963000E+02 8.7968998E-02
7.8010999E+02 8.8010997E-02
7.8059003E+02 8.8344999E-02
7.8108002E+02 8.8151000E-02
7.8156000E+02 8.7987997E-02
7.8203998E+02 8.7907001E-02
7.8252002E+02 8.7385997E-02
7.8300000E+02 8.7136999E-02
7.8348999E+02 8.6961001E-02
7.8396997E+02 8.6799003E-02
7.8445001E+02 8.6751997E-02
7.8492999E+02 8.6763002E-02
7.8541998E+02 8.6813003E-02
7.8590002E+02 8.6851999E-02
7.8638000E+02 8.6934999E-02
7.8685999E+02 8.6593002E-02
7.8734003E+02 8.6609997E-02
7.8783002E+02 8.6723000E-02
7.8831000E+02 8.6119004E-02
7.8878998E+02 8.6098999E-02
7.8927002E+02 8.6290002E-02
7.8975000E+02 8.6098000E-02
7.9023999E+02 8.6143002E-02
7.9071997E+02 8.6135998E-02
7.9120001E+02 8.5992001E-02
7.9167999E+02 8.6179003E-02
7.9216998E+02 8.6263001E-02
7.9265002E+02 8.6012997E-02
7.9313000E+02 8.6180001E-02
7.9360999E+02 8.5879996E-02
7.9409003E+02 8.5518003E-02
7.9458002E+02 8.6080998E-02
7.9506000E+02 8.5685000E-02
7.9553998E+02 8.5262999E-02
7.9602002E+02 8.5859999E-02
7.9650000E+02 8.5920997E-02
7.9698999E+02 8.5680000E-02
7.9746997E+02 8.5598998E-02
7.9795001E+02 8.5822001E-02
7.9842999E+02 8.6019002E-02
7.9891998E+02 8.6186998E-02
7.9940002E+02 8.6475000E-02
7.9988000E+02 8.6268999E-02
8.0035999E+02 8.6538002E-02
8.0084003E+02 8.7077998E-02
8.0133002E+02 8.7131999E-02
8.0181000E+02 8.7328002E-02
8.0228998E+02 8.7146997E-02
8.0277002E+02 8.6778000E-02
8.0325000E+02 8.6919002E-02
8.0373999E+02 8.7218001E-02
8.0421997E+02 8.7183997E-02
8.0470001E+02 8.7233998E-02
8.0517999E+02 8.7733999E-02
8.0566998E+02 8.7707996E-02
8.0615002E+02 8.7926000E-02
8.0663000E+02 8.8376999E-02
8.0710999E+02 8.8131003E-02
8.0759003E+02 8.8653997E-02
8.0808002E+02 8.9406997E-02
8.0856000E+02 8.9653999E-02
8.0903998E+02 9.0025999E-02
8.0952002E+02 9.0470999E-02
8.1000000E+02 9.0821996E-02
8.1048999E+02 9.1159999E-02
8.1096997E+02 9.1937996E-02
8.1145001E+02 9.2298999E-02
8.1192999E+02 9.2753999E-02
8.1241998E+02 9.3791999E-02
8.1290002E+02 9.4276004E-02
8.1338000E+02 9.4997004E-02
8.1385999E+02 9.6069001E-02
8.1434003E+02 9.6839003E-02
8.1483002E+02 9.7623996E-02
8.1531000E+02 9.8710999E-02
8.1578998E+02 9.9821001E-02
8.1627002E+02 1.0082000E-01
8.1675000E+02 1.0207000E-01
8.1723999E+02 1.0323000E-01
8.1771997E+02 1.0457000E-01
8.1820001E+02 1.0633000E-01
8.1867999E+02 1.0800000E-01
8.1916998E+02 1.0983000E-01
8.1965002E+02 1.1168000E-01
8.2013000E+02 1.1346000E-01
8.2060999E+02 1.1559000E-01
8.2109003E+02 1.1795000E-01
8.2158002E+02 1.2037000E-01
8.2206000E+02 1.2275000E-01
8.2253998E+02 1.2522000E-01
8.2302002E+02 1.2813000E-01
8.2350000E+02 1.3123000E-01
8.2398999E+02 1.3455001E-01
8.2446997E+02 1.3818000E-01
8.2495001E+02 1.4183000E-01
8.2542999E+02 1.4574000E-01
8.2591998E+02 1.5009999E-01
8.2640002E+02 1.5471999E-01
8.2688000E+02 1.5987000E-01
8.2735999E+02 1.6526000E-01
8.2784003E+02 1.7072999E-01
8.2833002E+02 1.7708001E-01
8.2881000E+02 1.8371999E-01
8.2928998E+02 1.9069999E-01
8.2977002E+02 1.9865000E-01
8.3025000E+02 2.0642000E-01
8.3073999E+02 2.1449000E-01
8.3121997E+02 2.2352999E-01
8.3170001E+02 2.3294000E-01
8.3217999E+02 2.4277000E-01
8.3266998E+02 2.5264999E-01
8.3315002E+02 2.6229000E-01
8.3363000E+02 2.7191001E-01
8.3410999E+02 2.8112000E-01
8.3459003E+02 2.8946000E-01
8.3508002E+02 2.9718000E-01
8.3556000E+02 3.0429000E-01
8.3603998E+02 3.0961001E-01
8.3652002E+02 3.1325001E-01
8.3700000E+02 3.1538999E-01
8.3748999E+02 3.1546000E-01
8.3796997E+02 3.1417999E-01
8.3845001E+02 3.1136000E-01
8.3892999E+02 3.0702001E-01
8.3941998E+02 3.0184999E-01
8.3990002E+02 2.9611000E-01
8.4038000E+02 2.8950000E-01
8.4085999E+02 2.8242001E-01
8.4134003E+02 2.7630001E-01
8.4183002E+02 2.7035999E-01
8.4231000E+02 2.6442999E-01
8.4278998E+02 2.5953001E-01
8.4327002E+02 2.5523999E-01
8.4375000E+02 2.5158000E-01
8.4423999E+02 2.4897000E-01
8.4471997E+02 2.4732000E-01
8.4520001E+02 2.4615000E-01
8.4567999E+02 2.4578001E-01
8.4616998E+02 2.4621999E-01
8.4665002E+02 2.4690001E-01
8.4713000E+02 2.4817000E-01
8.4760999E+02 2.4986000E-01
8.4809003E+02 2.5189999E-01
8.4858002E+02 2.5455999E-01
8.4906000E+02 2.5749999E-01
8.4953998E+02 2.6045001E-01
8.5002002E+02 2.6379001E-01
8.5050000E+02 2.6763001E-01
8.5098999E+02 2.7140000E-01
8.5146997E+02 2.7548999E-01
8.5195001E+02 2.8011999E-01
8.5242999E+02 2.8446001E-01
8.5291998E+02 2.8872001E-01
8.5340002E+02 2.9359999E-01
8.5388000E+02 2.9872999E-01
8.5435999E+02 3.0377999E-01
8.5484003E+02 3.0930999E-01
8.5533002E+02 3.1503001E-01
8.5581000E+02 3.2069001E-01
8.5628998E+02 3.2690001E-01
8.5677002E+02 3.3300999E-01
8.5725000E+02 3.3919001E-01
8.5773999E+02 3.4619999E-01
8.5821997E+02 3.5332000E-01
8.5870001E+02 3.6100999E-01
8.5917999E+02 3.6952999E-01
8.5966998E+02 3.7784001E-01
8.6015002E+02 3.8628000E-01
8.6063000E+02 3.9515999E-01
8.6110999E+02 4.0436000E-01
8.6159003E+02 4.1446000E-01
8.6208002E+02 4.2524001E-01
8.6256000E+02 4.3597001E-01
8.6303998E+02 4.4705001E-01
8.6352002E+02 4.5874000E-01
8.6400000E+02 4.7056001E-01
8.6448999E+02 4.8271999E-01
8.6496997E+02 4.9566001E-01
8.6545001E+02 5.0858003E-01
8.6592999E+02 5.2122998E-01
8.6641998E+02 5.3447998E-01
8.6690002E+02 5.4759002E-01
8.6738000E+02 5.6055999E-01
8.6785999E+02 5.7440001E-01
8.6834003E+02 5.8771998E-01
8.6883002E+02 6.0010999E-01
8.6931000E+02 6.1294001E-01
8.6978998E+02 6.2541997E-01
8.7027002E+02 6.3775998E-01
8.7075000E+02 6.5152001E-01
8.7123999E+02 6.6464001E-01
8.7171997E+02 6.7606997E-01
8.7220001E+02 6.8816000E-01
8.7267999E+02 7.0008999E-01
8.7316998E+02 7.1079999E-01
8.7365002E+02 7.2215003E-01
8.7413000E+02 7.3350000E-01
8.7460999E+02 7.4403000E-01
8.7509003E+02 7.5452000E-01
8.7558002E+02 7.6393002E-01
8.7606000E+02 7.7280998E-01
8.7653998E+02 7.8258997E-01
8.7702002E+02 7.9158998E-01
8.7750000E+02 7.9904997E-01
8.7798999E+02 8.0688000E-01
8.7846997E+02 8.1485999E-01
8.7895001E+02 8.2194000E-01
8.7942999E+02 8.2911998E-01
8.7991998E+02 8.3612001E-01
8.8040002E+02 8.4231001E-01
8.8088000E+02 8.4816998E-01
8.8135999E+02 8.5354000E-01
8.8184003E+02 8.5808998E-01
8.8233002E+02 8.6194003E-01
8.8281000E+02 8.6543000E-01
8.8328998E+02 8.6855000E-01
8.8377002E+02 8.7200999E-01
8.8425000E+02 8.7472999E-01
8.8473999E+02 8.7585998E-01
8.8521997E+02 8.7816000E-01
8.8570001E+02 8.8037997E-01
8.8617999E+02 8.8049001E-01
8.8666998E+02 8.8073999E-01
8.8715002E+02 8.8133001E-01
8.8763000E+02 8.8138002E-01
8.8810999E+02 8.8181001E-01
8.8859003E+02 8.8234001E-01
8.8908002E+02 8.8152999E-01
8.8956000E+02 8.8050002E-01
8.9003998E+02 8.7949002E-01
8.9052002E+02 8.7722999E-01
8.9101001E+02 8.7589002E-01
8.9148999E+02 8.7515998E-01
8.9196997E+02 8.7291998E-01
8.9245001E+02 8.7103999E-01
8.9292999E+02 8.7023002E-01
8.9341998E+02 8.6852998E-01
8.9390002E+02 8.6571997E-01
8.9438000E+02 8.6379999E-01
8.9485999E+02 8.6252999E-01
8.9534003E+02 8.6056000E-01
8.9583002E+02 8.5786998E-01
8.9631000E+02 8.5526001E-01
8.9678998E+02 8.5415000E-01
8.9727002E+02 8.5268998E-01
8.9776001E+02 8.4977001E-01
8.9823999E+02 8.4739000E-01
8.9871997E+02 8.4549999E-01
8.9920001E+02 8.4349000E-01
8.9967999E+02 8.4092999E-01
9.0016998E+02 8.3824998E-01
9.0065002E+02 8.3609998E-01
9.0113000E+02 8.3396000E-01
9.0160999E+02 8.3223999E-01
9.0209003E+02 8.3039999E-01
9.0258002E+02 8.2760000E-01
9.0306000E+02 8.2530999E-01
9.0353998E+02 8.2374001E-01
9.0402002E+02 8.2143003E-01
9.0451001E+02 8.1919003E-01
9.0498999E+02 8.1766999E-01
9.0546997E+02 8.1532001E-01
9.0595001E+02 8.1255001E-01
9.0642999E+02 8.1037998E-01
9.0691998E+02 8.0833000E-01
9.0740002E+02 8.0706000E-01
9.0788000E+02 8.0541998E-01
9.0835999E+02 8.0220002E-01
9.0884003E+02 7.9970002E-01
9.0933002E+02 7.9828000E-01
9.0981000E+02 7.9632002E-01
9.1028998E+02 7.9417002E-01
9.1077002E+02 7.9233003E-01
9.1126001E+02 7.8956997E-01
9.1173999E+02 7.8675002E-01
9.1221997E+02 7.8551000E-01
9.1270001E+02 7.8359002E-01
9.1317999E+02 7.8127998E-01
9.1366998E+02 7.8008002E-01
9.1415002E+02 7.7840000E-01
9.1463000E+02 7.7657998E-01
9.1510999E+02 7.7511001E-01
9.1559003E+02 7.7297997E-01
9.1608002E+02 7.6994997E-01
9.1656000E+02 7.6773000E-01
9.1703998E+02 7.6668000E-01
9.1752002E+02 7.6485002E-01
9.1801001E+02 7.6310998E-01
9.1848999E+02 7.6159000E-01
9.1896997E+02 7.5971001E-01
9.1945001E+02 7.5844997E-01
9.1992999E+02 7.5708997E-01
9.2041998E+02 7.5540000E-01
9.2090002E+02 7.5351000E-01
9.2138000E+02 7.5103003E-01
9.2185999E+02 7.4834001E-01
9.2234003E+02 7.4664998E-01
9.2283002E+02 7.4528003E-01
9.2331000E+02 7.4264997E-01
9.2378998E+02 7.4120998E-01
9.2427002E+02 7.4033999E-01
9.2476001E+02 7.3776001E-01
9.2523999E+02 7.3571002E-01
9.2571997E+02 7.3382998E-01
9.2620001E+02 7.3174000E-01
9.2667999E+02 7.3027998E-01
9.2716998E+02 7.2812998E-01
9.2765002E+02 7.2569001E-01
9.2813000E+02 7.2390997E-01
9.2860999E+02 7.2244000E-01
9.2909003E+02 7.2014999E-01
9.2958002E+02 7.1749997E-01
9.3006000E+02 7.1566999E-01
9.3053998E+02 7.1372002E-01
9.3102002E+02 7.1179998E-01
9.3151001E+02 7.0963001E-01
9.3198999E+02 7.0656002E-01
9.3246997E+02 7.0466000E-01
9.3295001E+02 7.0397002E-01
9.3342999E+02 7.0213997E-01
9.3391998E+02 6.9968998E-01
9.3440002E+02 6.9790000E-01
9.3488000E+02 6.9584000E-01
9.3535999E+02 6.9396001E-01
9.3584003E+02 6.9252002E-01
9.3633002E+02 6.9041002E-01
9.3681000E+02 6.8861002E-01
9.3728998E+02 6.8731999E-01
9.3777002E+02 6.8575001E-01
9.3826001E+02 6.8422002E-01
9.3873999E+02 6.8313003E-01
9.3921997E+02 6.8203002E-01
9.3970001E+02 6.8049002E-01
9.4017999E+02 6.7916000E-01
9.4066998E+02 6.7749000E-01
9.4115002E+02 6.7562002E-01
9.4163000E+02 6.7488003E-01
9.4210999E+02 6.7346001E-01
9.4259003E+02 6.7092001E-01
9.4308002E+02 6.6939998E-01
9.4356000E+02 6.6781002E-01
9.4403998E+02 6.6486001E-01
9.4452002E+02 6.6211998E-01
9.4501001E+02 6.5869999E-01
9.4548999E+02 6.5368998E-01
9.4596997E+02 6.4920002E-01
9.4645001E+02 6.4407003E-01
9.4692999E+02 6.3739002E-01
9.4741998E+02 6.3047999E-01
9.4790002E+02 6.2250000E-01
9.4838000E+02 6.1422998E-01
9.4885999E+02 6.0641003E-01
9.4934003E+02 5.9784001E-01
9.4983002E+02 5.8886999E-01
9.5031000E+02 5.8025998E-01
9.5078998E+02 5.7203001E-01
9.5127002E+02 5.6434000E-01
9.5176001E+02 5.5804002E-01
9.5223999E+02 5.5260003E-01
9.5271997E+02 5.4689002E-01
9.5320001E+02 5.4223001E-01
9.5367999E+02 5.3880000E-01
9.5416998E+02 5.3508002E-01
9.5465002E+02 5.3201002E-01
9.5513000E+02 5.3040999E-01
9.5560999E+02 5.2901000E-01
9.5609003E+02 5.2850997E-01
9.5658002E+02 5.2977002E-01
9.5706000E+02 5.3039002E-01
9.5753998E+02 5.3070003E-01
9.5802002E+02 5.3319001E-01
9.5851001E+02 5.3640997E-01
9.5898999E+02 5.3929001E-01
9.5946997E+02 5.4291999E-01
9.5995001E+02 5.4741001E-01
9.6042999E+02 5.5223000E-01
9.6091998E+02 5.5716997E-01
9.6140002E+02 5.6276000E-01
9.6188000E+02 5.6878000E-01
9.6235999E+02 5.7534999E-01
9.6284003E+02 5.8225000E-01
9.6333002E+02 5.8833998E-01
9.6381000E+02 5.9529001E-01
9.6428998E+02 6.0282999E-01
9.6477002E+02 6.0914999E-01
9.6526001E+02 6.1544001E-01
9.6573999E+02 6.2124997E-01
9.6621997E+02 6.2629998E-01
9.6670001E+02 6.3167000E-01
9.6717999E+02 6.3606000E-01
9.6766998E+02 6.3915002E-01
9.6815002E+02 6.4273000E-01
9.6863000E+02 6.4573997E-01
9.6910999E+02 6.4705998E-01
9.6959003E+02 6.4862001E-01
9.7008002E+02 6.4982003E-01
9.7056000E+02 6.4976001E-01
9.7103998E+02 6.4976001E-01
9.7152002E+02 6.4923000E-01
9.7201001E+02 6.4806998E-01
9.7248999E+02 6.4722002E-01
9.7296997E+02 6.4621001E-01
9.7345001E+02 6.4464998E-01
9.7392999E+02 6.4320999E-01
9.7441998E+02 6.4219999E-01
9.7490002E+02 6.4036000E-01
9.7538000E+02 6.3796997E-01
9.7585999E+02 6.3665003E-01
9.7634003E+02 6.3538003E-01
9.7683002E+02 6.3345999E-01
9.7731000E+02 6.3195997E-01
9.7778998E+02 6.3094002E-01
9.7827002E+02 6.3054001E-01
9.7876001E+02 6.2981999E-01
9.7923999E+02 6.2794000E-01
9.7971997E+02 6.2743998E-01
9.8020001E+02 6.2774003E-01
9.8067999E+02 6.2663001E-01
9.8116998E+02 6.2633997E-01
9.8165002E+02 6.2647998E-01
9.8213000E+02 6.2559003E-01
9.8260999E+02 6.2532002E-01
9.8309003E+02 6.2535000E-01
9.8358002E+02 6.2506998E-01
9.8406000E+02 6.2506002E-01
9.8453998E+02 6.2529999E-01
9.8502002E+02 6.2550002E-01
9.8551001E+02 6.2515998E-01
9.8598999E+02 6.2524998E-01
9.8646997E+02 6.2620002E-01
9.8695001E+02 6.2620002E-01
9.8742999E+02 6.2588000E-01
9.8791998E+02 6.2625003E-01
9.8840002E+02 6.2642998E-01
9.8888000E+02 6.2698001E-01
9.8935999E+02 6.2720001E-01
9.8984003E+02 6.2639999E-01
9.9033002E+02 6.2673998E-01
9.9081000E+02 6.2734997E-01
9.9128998E+02 6.2677002E-01
9.9177002E+02 6.2684000E-01
9.9226001E+02 6.2695998E-01
9.9273999E+02 6.2646002E-01
9.9321997E+02 6.2674999E-01
9.9370001E+02 6.2669998E-01
9.9417999E+02 6.2621999E-01
9.9466998E+02 6.2605000E-01
9.9515002E+02 6.2510002E-01
9.9563000E+02 6.2418997E-01
9.9610999E+02 6.2402999E-01
9.9659003E+02 6.2373000E-01
9.9708002E+02 6.2296999E-01
9.9756000E+02 6.2222999E-01
9.9803998E+02 6.2177998E-01
9.9852002E+02 6.2045002E-01
9.9901001E+02 6.1878002E-01
9.9948999E+02 6.1799002E-01
9.9996997E+02 6.1699998E-01
1.0005000E+03 6.1580002E-01
1.0009000E+03 6.1486000E-01
1.0014000E+03 6.1313999E-01
1.0019000E+03 6.1115998E-01
1.0024000E+03 6.0995001E-01
1.0029000E+03 6.0867000E-01
1.0033000E+03 6.0720003E-01
1.0038000E+03 6.0549003E-01
1.0043000E+03 6.0337001E-01
1.0048000E+03 6.0201001E-01
1.0053000E+03 6.0048997E-01
1.0058000E+03 5.9789997E-01
1.0062000E+03 5.9570998E-01
1.0067000E+03 5.9395999E-01
1.0072000E+03 5.9214002E-01
1.0077000E+03 5.9028000E-01
1.0082000E+03 5.8778000E-01
1.0086000E+03 5.8543003E-01
1.0091000E+03 5.8383000E-01
1.0096000E+03 5.8157998E-01
1.0101000E+03 5.7861000E-01
1.0106000E+03 5.7582003E-01
1.0111000E+03 5.7365000E-01
1.0115000E+03 5.7148999E-01
1.0120000E+03 5.6895000E-01
1.0125000E+03 5.6695998E-01
1.0130000E+03 5.6427002E-01
1.0135000E+03 5.6138998E-01
1.0140000E+03 5.5956000E-01
1.0144000E+03 5.5668002E-01
1.0149000E+03 5.5375999E-01
1.0154000E+03 5.5207002E-01
1.0159000E+03 5.4908001E-01
1.0164000E+03 5.4526001E-01
1.0168000E+03 5.4329997E-01
1.0173000E+03 5.4123998E-01
1.0178000E+03 5.3783000E-01
1.0183000E+03 5.3568000E-01
1.0188000E+03 5.3337002E-01
1.0193000E+03 5.2958000E-01
1.0197000E+03 5.2649999E-01
1.0202000E+03 5.2366000E-01
1.0207000E+03 5.2038997E-01
1.0212000E+03 5.1841003E-01
1.0217000E+03 5.1688999E-01
1.0221000E+03 5.1279998E-01
1.0226000E+03 5.0848001E-01
1.0231000E+03 5.0703001E-01
1.0236000E+03 5.0502002E-01
1.0241000E+03 5.0090998E-01
1.0246000E+03 4.9720001E-01
1.0250000E+03 4.9454999E-01
1.0255000E+03 4.9290001E-01
1.0260000E+03 4.9015999E-01
1.0265000E+03 4.8517001E-01
1.0270000E+03 4.8225001E-01
1.0275000E+03 4.8117000E-01
1.0279000E+03 4.7734001E-01
1.0284000E+03 4.7304001E-01
1.0289000E+03 4.7103000E-01
1.0294000E+03 4.6904999E-01
1.0299000E+03 4.6577999E-01
1.0303000E+03 4.6184000E-01
1.0308000E+03 4.5827001E-01
1.0313000E+03 4.5612001E-01
1.0318000E+03 4.5431000E-01
1.0323000E+03 4.5032999E-01
1.0328000E+03 4.4554001E-01
1.0332000E+03 4.4336000E-01
1.0337000E+03 4.4191000E-01
1.0342000E+03 4.3862000E-01
1.0347000E+03 4.3533999E-01
1.0352000E+03 4.3191001E-01
1.0356000E+03 4.2818999E-01
1.0361000E+03 4.2590001E-01
1.0366000E+03 4.2267001E-01
1.0371000E+03 4.1870999E-01
1.0376000E+03 4.1654000E-01
1.0381000E+03 4.1391999E-01
1.0385000E+03 4.1079000E-01
1.0390000E+03 4.0847000E-01
1.0395000E+03 4.0551999E-01
1.0400000E+03 4.0263000E-01
1.0405000E+03 4.0002999E-01
1.0410000E+03 3.9616999E-01
1.0414000E+03 3.9262000E-01
1.0419000E+03 3.8991001E-01
1.0424000E+03 3.8679001E-01
1.0429000E+03 3.8460001E-01
1.0434000E+03 3.8315001E-01
1.0438000E+03 3.8051999E-01
1.0443000E+03 3.7716001E-01
1.0448000E+03 3.7430000E-01
1.0453000E+03 3.7184000E-01
1.0458000E+03 3.6916000E-01
1.0463000E+03 3.6635000E-01
1.0467000E+03 3.6324999E-01
1.0472000E+03 3.6026001E-01
1.0477000E+03 3.5833001E-01
1.0482000E+03 3.5631001E-01
1.0487000E+03 3.5383999E-01
1.0491000E+03 3.5172001E-01
1.0496000E+03 3.4940001E-01
1.0501000E+03 3.4733999E-01
1.0506000E+03 3.4538999E-01
1.0511000E+03 3.4244999E-01
1.0516000E+03 3.3993000E-01
1.0520000E+03 3.3836001E-01
1.0525000E+03 3.3614999E-01
1.0530000E+03 3.3379000E-01
1.0535000E+03 3.3194000E-01
1.0540000E+03 3.3037999E-01
1.0545000E+03 3.2894000E-01
1.0549000E+03 3.2649001E-01
1.0554000E+03 3.2435000E-01
1.0559000E+03 3.2336000E-01
1.0564000E+03 3.2148999E-01
1.0569000E+03 3.1957000E-01
1.0573000E+03 3.1779999E-01
1.0578000E+03 3.1544000E-01
1.0583000E+03 3.1421000E-01
1.0588000E+03 3.1310001E-01
1.0593000E+03 3.1123000E-01
1.0598000E+03 3.1015000E-01
1.0602000E+03 3.0906999E-01
1.0607000E+03 3.0757999E-01
1.0612000E+03 3.0616000E-01
1.0617000E+03 3.0474001E-01
1.0622000E+03 3.0397001E-01
1.0626000E+03 3.0320999E-01
1.0631000E+03 3.0149999E-01
1.0636000E+03 2.9988000E-01
1.0641000E+03 2.9899999E-01
1.0646000E+03 2.9804999E-01
1.0651000E+03 2.9679000E-01
1.0655000E+03 2.9550999E-01
1.0660000E+03 2.9449001E-01
1.0665000E+03 2.9370001E-01
1.0670000E+03 2.9260001E-01
1.0675000E+03 2.9159001E-01
1.0680000E+03 2.9082000E-01
1.0684000E+03 2.9012999E-01
1.0689000E+03 2.8968000E-01
1.0694000E+03 2.8858000E-01
1.0699000E+03 2.8771999E-01
1.0704000E+03 2.8755999E-01
1.0708000E+03 2.8659001E-01
1.0713000E+03 2.8549999E-01
1.0718000E+03 2.8444001E-01
1.0723000E+03 2.8332001E-01
1.0728000E+03 2.8281999E-01
1.0733000E+03 2.8167000E-01
1.0737000E+03 2.8035000E-01
1.0742000E+03 2.7987000E-01
1.0747000E+03 2.7926001E-01
1.0752000E+03 2.7873001E-01
1.0757000E+03 2.7803999E-01
1.0761000E+03 2.7724001E-01
1.0766000E+03 2.7708000E-01
1.0771000E+03 2.7634001E-01
1.0776000E+03 2.7544999E-01
1.0781000E+03 2.7506000E-01
1.0786000E+03 2.7412000E-01
1.0790000E+03 2.7340001E-01
1.0795000E+03 2.7316999E-01
1.0800000E+03 2.7247000E-01
1.0805000E+03 2.7206001E-01
1.0810000E+03 2.7156001E-01
1.0815000E+03 2.7037999E-01
1.0819000E+03 2.6984000E-01
1.0824000E+03 2.6932001E-01
1.0829000E+03 2.6899999E-01
1.0834000E+03 2.6890999E-01
1.0839000E+03 2.6772001E-01
1.0843000E+03 2.6740000E-01
1.0848000E+03 2.6749000E-01
1.0853000E+03 2.6629999E-01
1.0858000E+03 2.6556000E-01
1.0863000E+03 2.6534000E-01
1.0868000E+03 2.6495999E-01
1.0872000E+03 2.6433000E-01
1.0877000E+03 2.6339999E-01
1.0882000E+03 2.6301000E-01
1.0887000E+03 2.6291999E-01
1.0892000E+03 2.6242000E-01
1.0896000E+03 2.6222000E-01
1.0901000E+03 2.6177001E-01
1.0906000E+03 2.6100999E-01
1.0911000E+03 2.6076001E-01
1.0916000E+03 2.6008999E-01
1.0921000E+03 2.5950000E-01
1.0925000E+03 2.5944000E-01
1.0930000E+03 2.5887999E-01
1.0935000E+03 2.5839999E-01
1.0940000E+03 2.5782999E-01
1.0945000E+03 2.5698999E-01
1.0950000E+03 2.5709999E-01
1.0954000E+03 2.5657001E-01
1.0959000E+03 2.5534999E-01
1.0964000E+03 2.5523999E-01
1.0969000E+03 2.5464001E-01
1.0974000E+03 2.5406000E-01
1.0978000E+03 2.5413999E-01
1.0983000E+03 2.5325999E-01
1.0988000E+03 2.5268000E-01
1.0993000E+03 2.5248000E-01
1.0998000E+03 2.5165999E-01
1.1003000E+03 2.5110000E-01
1.1007000E+03 2.5066000E-01
1.1012000E+03 2.5031999E-01
1.1017000E+03 2.4997000E-01
1.1022000E+03 2.4897000E-01
1.1027000E+03 2.4859001E-01
1.1031000E+03 2.4855000E-01
1.1036000E+03 2.4752000E-01
1.1041000E+03 2.4681000E-01
1.1046000E+03 2.4651000E-01
1.1051000E+03 2.4613000E-01
1.1056000E+03 2.4597000E-01
1.1060000E+03 2.4519999E-01
1.1065000E+03 2.4442001E-01
1.1070000E+03 2.4413000E-01
1.1075000E+03 2.4353001E-01
1.1080000E+03 2.4336000E-01
1.1085000E+03 2.4322000E-01
1.1089000E+03 2.4240001E-01
1.1094000E+03 2.4187000E-01
1.1099000E+03 2.4116001E-01
1.1104000E+03 2.4052000E-01
1.1109000E+03 2.4004000E-01
1.1113000E+03 2.3916000E-01
1.1118000E+03 2.3907000E-01
1.1123000E+03 2.3868001E-01
1.1128000E+03 2.3782000E-01
1.1133000E+03 2.3762000E-01
1.1138000E+03 2.3669000E-01
1.1142000E+03 2.3612000E-01
1.1147000E+03 2.3613000E-01
1.1152000E+03 2.3512000E-01
1.1157000E+03 2.3475000E-01
1.1162000E+03 2.3446999E-01
1.1166000E+03 2.3332000E-01
1.1171000E+03 2.3336001E-01
1.1176000E+03 2.3299000E-01
1.1181000E+03 2.3161000E-01
1.1186000E+03 2.3143999E-01
1.1191000E+03 2.3097000E-01
1.1195000E+03 2.3006999E-01
1.1200000E+03 2.2977000E-01
1.1205000E+03 2.2897001E-01
1.1210000E+03 2.2840001E-01
1.1215000E+03 2.2816999E-01
1.1220000E+03 2.2743000E-01
1.1224000E+03 2.2691000E-01
1.1229000E+03 2.2628000E-01
1.1234000E+03 2.2561000E-01
1.1239000E+03 2.2524001E-01
1.1244000E+03 2.2431999E-01
1.1248000E+03 2.2371000E-01
1.1253000E+03 2.2312000E-01
1.1258000E+03 2.2217999E-01
1.1263000E+03 2.2194999E-01
1.1268000E+03 2.2135000E-01
1.1273000E+03 2.2068000E-01
1.1277000E+03 2.2041000E-01
1.1282000E+03 2.1927001E-01
1.1287000E+03 2.1864000E-01
1.1292000E+03 2.1845999E-01
1.1297000E+03 2.1735001E-01
1.1301000E+03 2.1683000E-01
1.1306000E+03 2.1627000E-01
1.1311000E+03 2.1525000E-01
1.1316000E+03 2.1513000E-01
1.1321000E+03 2.1439999E-01
1.1326000E+03 2.1355000E-01
1.1330000E+03 2.1342000E-01
1.1335000E+03 2.1253000E-01
1.1340000E+03 2.1180999E-01
1.1345000E+03 2.1138000E-01
1.1350000E+03 2.1064000E-01
1.1355000E+03 2.1024001E-01
1.1359000E+03 2.0935000E-01
1.1364000E+03 2.0844001E-01
1.1369000E+03 2.0798001E-01
1.1374000E+03 2.0708001E-01
1.1379000E+03 2.0659000E-01
1.1383000E+03 2.0604999E-01
1.1388000E+03 2.0489000E-01
1.1393000E+03 2.0452000E-01
1.1398000E+03 2.0394000E-01
1.1403000E+03 2.0288999E-01
1.1408000E+03 2.0265000E-01
1.1412000E+03 2.0196000E-01
1.1417000E+03 2.0107999E-01
1.1422000E+03 2.0056000E-01
1.1427000E+03 1.9938999E-01
1.1432000E+03 1.9889000E-01
1.1436000E+03 1.9866000E-01
1.1441000E+03 1.9757999E-01
1.1446000E+03 1.9698000E-01
1.1451000E+03 1.9628000E-01
1.1456000E+03 1.9552000E-01
1.1461000E+03 1.9520999E-01
1.1465000E+03 1.9423001E-01
1.1470000E+03 1.9360000E-01
1.1475000E+03 1.9325000E-01
1.1480000E+03 1.9220001E-01
1.1485000E+03 1.9144000E-01
1.1490000E+03 1.9047999E-01
1.1494000E+03 1.8986000E-01
1.1499000E+03 1.8990999E-01
1.1504000E+03 1.8856999E-01
1.1509000E+03 1.8748000E-01
1.1514000E+03 1.8775000E-01
1.1518000E+03 1.8698999E-01
1.1523000E+03 1.8600000E-01
1.1528000E+03 1.8547000E-01
1.1533000E+03 1.8449000E-01
1.1538000E+03 1.8393999E-01
1.1543000E+03 1.8327001E-01
1.1547000E+03 1.8224999E-01
1.1552000E+03 1.8190999E-01
1.1557000E+03 1.8115000E-01
1.1562000E+03 1.8034001E-01
1.1567000E+03 1.7992000E-01
1.1571000E+03 1.7907000E-01
1.1576000E+03 1.7863999E-01
1.1581000E+03 1.7802000E-01
1.1586000E+03 1.7710000E-01
1.1591000E+03 1.7682000E-01
1.1596000E+03 1.7615999E-01
1.1600000E+03 1.7546999E-01
1.1605000E+03 1.7455000E-01
1.1610000E+03 1.7323001E-01
1.1615000E+03 1.7328000E-01
1.1620000E+03 1.7314000E-01
1.1625000E+03 1.7199001E-01
1.1629000E+03 1.7151999E-01
1.1634000E+03 1.7073999E-01
1.1639000E+03 1.7005999E-01
1.1644000E+03 1.6996001E-01
1.1649000E+03 1.6875000E-01
1.1653000E+03 1.6802999E-01
1.1658000E+03 1.6789000E-01
1.1663000E+03 1.6666999E-01
1.1668000E+03 1.6607000E-01
1.1673000E+03 1.6574000E-01
1.1678000E+03 1.6503000E-01
1.1682000E+03 1.6487999E-01
1.1687000E+03 1.6411000E-01
1.1692000E+03 1.6332000E-01
1.1697000E+03 1.6294000E-01
1.1702000E+03 1.6203000E-01
1.1706000E+03 1.6166000E-01
1.1711000E+03 1.6107000E-01
1.1716000E+03 1.6022000E-01
1.1721000E+03 1.6012999E-01
1.1726000E+03 1.5922000E-01
1.1731000E+03 1.5836000E-01
1.1735000E+03 1.5821999E-01
1.1740000E+03 1.5731999E-01
1.1745000E+03 1.5690000E-01
1.1750000E+03 1.5665001E-01
1.1755000E+03 1.5560000E-01
1.1760000E+03 1.5526000E-01
1.1764000E+03 1.5470999E-01
1.1769000E+03 1.5391999E-01
1.1774000E+03 1.5407000E-01
1.1779000E+03 1.5333000E-01
1.1784000E+03 1.5245000E-01
1.1788000E+03 1.5234999E-01
1.1793000E+03 1.5160000E-01
1.1798000E+03 1.5109000E-01
1.1803000E+03 1.5064999E-01
1.1808000E+03 1.4982000E-01
1.1813000E+03 1.4955001E-01
1.1817000E+03 1.4904000E-01
1.1822000E+03 1.4872000E-01
1.1827000E+03 1.4846000E-01
1.1832000E+03 1.4738999E-01
1.1837000E+03 1.4726000E-01
1.1841000E+03 1.4707001E-01
1.1846000E+03 1.4602000E-01
1.1851000E+03 1.4594001E-01
1.1856000E+03 1.4546999E-01
1.1861000E+03 1.4484000E-01
1.1866000E+03 1.4521000E-01
1.1870000E+03 1.4445999E-01
1.1875000E+03 1.4364000E-01
1.1880000E+03 1.4357001E-01
1.1885000E+03 1.4279000E-01
1.1890000E+03 1.4264999E-01
1.1895000E+03 1.4239000E-01
1.1899000E+03 1.4136000E-01
1.1904000E+03 1.4150000E-01
1.1909000E+03 1.4133000E-01
1.1914000E+03 1.4066000E-01
1.1919000E+03 1.4057000E-01
1.1923000E+03 1.4002000E-01
1.1928000E+03 1.3977000E-01
1.1933000E+03 1.3947999E-01
1.1938000E+03 1.3882001E-01
1.1943000E+03 1.3903999E-01
1.1948000E+03 1.3871001E-01
1.1952000E+03 1.3808000E-01
1.1957000E+03 1.3812000E-01
1.1962000E+03 1.3737001E-01
1.1967000E+03 1.3705000E-01
1.1972000E+03 1.3710000E-01
1.1976000E+03 1.3620000E-01
1.1981000E+03 1.3620999E-01
1.1986000E+03 1.3603000E-01
1.1991000E+03 1.3516000E-01
1.1996000E+03 1.3539000E-01
1.2001000E+03 1.3500001E-01
1.2005000E+03 1.3459000E-01
1.2010000E+03 1.3494000E-01
1.2015000E+03 1.3415000E-01
1.2020000E+03 1.3382000E-01
1.2025000E+03 1.3400000E-01
1.2030000E+03 1.3337000E-01
1.2034000E+03 1.3331001E-01
1.2039000E+03 1.3305999E-01
1.2044000E+03 1.3255000E-01
1.2049000E+03 1.3264000E-01
1.2054000E+03 1.3206001E-01
1.2058000E+03 1.3191000E-01
1.2063000E+03 1.3202000E-01
1.2068000E+03 1.3121000E-01
1.2073000E+03 1.3147999E-01
1.2078000E+03 1.3149001E-01
1.2083000E+03 1.3064000E-01
1.2087000E+03 1.3101000E-01
1.2092000E+03 1.3066000E-01
1.2097000E+03 1.3014001E-01
1.2102000E+03 1.3055000E-01
1.2107000E+03 1.2992001E-01
1.2111000E+03 1.2986000E-01
1.2116000E+03 1.3020000E-01
1.2121000E+03 1.2962000E-01
1.2126000E+03 1.2977999E-01
1.2131000E+03 1.2955999E-01
1.2136000E+03 1.2887999E-01
1.2140000E+03 1.2891001E-01
1.2145000E+03 1.2862000E-01
1.2150000E+03 1.2883000E-01
1.2155000E+03 1.2899999E-01
1.2160000E+03 1.2828000E-01
1.2165000E+03 1.2853000E-01
1.2169000E+03 1.2871000E-01
1.2174000E+03 1.2831999E-01
1.2179000E+03 1.2847000E-01
1.2184000E+03 1.2797999E-01
1.2189000E+03 1.2763999E-01
1.2193000E+03 1.2772000E-01
1.2198000E+03 1.2695999E-01
1.2203000E+03 1.2700000E-01
1.2208000E+03 1.2736000E-01
1.2213000E+03 1.2679000E-01
1.2218000E+03 1.2689000E-01
1.2222000E+03 1.2688001E-01
1.2227000E+03 1.2654001E-01
1.2232000E+03 1.2685999E-01
1.2237000E+03 1.2635000E-01
1.2242000E+03 1.2582000E-01
1.2246000E+03 1.2597001E-01
1.2251000E+03 1.2582999E-01
1.2256000E+03 1.2613000E-01
1.2261000E+03 1.2606999E-01
1.2266000E+03 1.2574001E-01
1.2271000E+03 1.2585001E-01
1.2275000E+03 1.2541001E-01
1.2280000E+03 1.2548999E-01
1.2285000E+03 1.2571999E-01
1.2290000E+03 1.2515000E-01
1.2295000E+03 1.2543000E-01
1.2300000E+03 1.2537999E-01
1.2304000E+03 1.2454000E-01
1.2309000E+03 1.2473000E-01
1.2314000E+03 1.2458000E-01
1.2319000E+03 1.2454000E-01
1.2324000E+03 1.2527999E-01
1.2328000E+03 1.2462000E-01
1.2333000E+03 1.2431000E-01
1.2338000E+03 1.2485000E-01
1.2343000E+03 1.2433000E-01
1.2348000E+03 1.2418000E-01
1.2353000E+03 1.2411000E-01
1.2357000E+03 1.2381000E-01
1.2362000E+03 1.2412000E-01
1.2367000E+03 1.2384000E-01
1.2372000E+03 1.2353000E-01
1.2377000E+03 1.2350000E-01
1.2381000E+03 1.2315000E-01
1.2386000E+03 1.2345000E-01
1.2391000E+03 1.2336000E-01
1.2396000E+03 1.2286000E-01
1.2401000E+03 1.2307000E-01
1.2406000E+03 1.2268000E-01
1.2410000E+03 1.2249000E-01
1.2415000E+03 1.2287000E-01
1.2420000E+03 1.2222000E-01
1.2425000E+03 1.2208000E-01
1.2430000E+03 1.2225000E-01
1.2435000E+03 1.2172000E-01
1.2439000E+03 1.2203000E-01
1.2444000E+03 1.2180000E-01
1.2449000E+03 1.2093000E-01
1.2454000E+03 1.2117000E-01
1.2459000E+03 1.2081000E-01
1.2463000E+03 1.2040000E-01
1.2468000E+03 1.2078000E-01
1.2473000E+03 1.2053000E-01
1.2478000E+03 1.2054000E-01
1.2483000E+03 1.2049000E-01
1.2488000E+03 1.1996000E-01
1.2492000E+03 1.2000000E-01
1.2497000E+03 1.1959000E-01
1.2502000E+03 1.1920000E-01
1.2507000E+03 1.1935000E-01
1.2512000E+03 1.1869000E-01
1.2516000E+03 1.1844000E-01
1.2521000E+03 1.1859000E-01
1.2526000E+03 1.1812000E-01
1.2531000E+03 1.1831000E-01
1.2536000E+03 1.1813000E-01
1.2541000E+03 1.1758000E-01
1.2545000E+03 1.1765000E-01
1.2550000E+03 1.1703000E-01
1.2555000E+03 1.1687000E-01
1.2560000E+03 1.1711000E-01
1.2565000E+03 1.1628000E-01
1.2570000E+03 1.1617000E-01
1.2574000E+03 1.1614000E-01
1.2579000E+03 1.1544000E-01
1.2584000E+03 1.1559000E-01
1.2589000E+03 1.1537000E-01
1.2594000E+03 1.1497000E-01
1.2598000E+03 1.1519000E-01
1.2603000E+03 1.1477000E-01
1.2608000E+03 1.1449000E-01
1.2613000E+03 1.1433000E-01
1.2618000E+03 1.1369000E-01
1.2623000E+03 1.1372000E-01
1.2627000E+03 1.1349000E-01
1.2632000E+03 1.1304000E-01
1.2637000E+03 1.1329000E-01
1.2642000E+03 1.1275000E-01
1.2647000E+03 1.1250000E-01
1.2652000E+03 1.1271000E-01
1.2656000E+03 1.1203000E-01
1.2661000E+03 1.1219000E-01
1.2666000E+03 1.1208000E-01
1.2671000E+03 1.1126000E-01
1.2676000E+03 1.1150000E-01
1.2680000E+03 1.1126000E-01
1.2685000E+03 1.1090000E-01
1.2690000E+03 1.1090000E-01
1.2695000E+03 1.1017000E-01
1.2700000E+03 1.1018000E-01
1.2705000E+03 1.1018000E-01
1.2709000E+03 1.0943000E-01
1.2714000E+03 1.0959000E-01
1.2719000E+03 1.0932000E-01
1.2724000E+03 1.0863000E-01
1.2729000E+03 1.0862000E-01
1.2733000E+03 1.0791000E-01
1.2738000E+03 1.0760000E-01
1.2743000E+03 1.0765000E-01
1.2748000E+03 1.0696000E-01
1.2753000E+03 1.0707000E-01
1.2758000E+03 1.0677000E-01
1.2762000E+03 1.0593000E-01
1.2767000E+03 1.0606000E-01
1.2772000E+03 1.0550000E-01
1.2777000E+03 1.0514000E-01
1.2782000E+03 1.0543000E-01
1.2787000E+03 1.0453000E-01
1.2791000E+03 1.0412000E-01
1.2796000E+03 1.0417000E-01
1.2801000E+03 1.0349000E-01
1.2806000E+03 1.0338000E-01
1.2811000E+03 1.0318000E-01
1.2815000E+03 1.0282000E-01
1.2820000E+03 1.0287000E-01
1.2825000E+03 1.0214000E-01
1.2830000E+03 1.0161000E-01
1.2835000E+03 1.0153000E-01
1.2840000E+03 1.0083000E-01
1.2844000E+03 1.0066000E-01
1.2849000E+03 1.0039000E-01
1.2854000E+03 9.9900998E-02
1.2859000E+03 1.0011000E-01
1.2864000E+03 9.9423997E-02
1.2868000E+03 9.8866999E-02
1.2873000E+03 9.9105000E-02
1.2878000E+03 9.8448999E-02
1.2883000E+03 9.8155998E-02
1.2888000E+03 9.7728997E-02
1.2893000E+03 9.6923001E-02
1.2897000E+03 9.7113997E-02
1.2902000E+03 9.6584998E-02
1.2907000E+03 9.5986001E-02
1.2912000E+03 9.6171997E-02
1.2917000E+03 9.5417000E-02
1.2922000E+03 9.4866998E-02
1.2926000E+03 9.4724998E-02
1.2931000E+03 9.4107002E-02
1.2936000E+03 9.4038002E-02
1.2941000E+03 9.3625002E-02
1.2946000E+03 9.2895001E-02
1.2950000E+03 9.3059003E-02
1.2955000E+03 9.2684999E-02
1.2960000E+03 9.2087001E-02
1.2965000E+03 9.1853000E-02
1.2970000E+03 9.1195002E-02
1.2975000E+03 9.1237999E-02
1.2979000E+03 9.1067001E-02
1.2984000E+03 9.0189002E-02
1.2989000E+03 9.0120003E-02
1.2994000E+03 8.9491002E-02
1.2999000E+03 8.8922001E-02
1.3003000E+03 8.9149997E-02
1.3008000E+03 8.8403001E-02
1.3013000E+03 8.8062003E-02
1.3018000E+03 8.7906003E-02
1.3023000E+03 8.6989000E-02
1.3028000E+03 8.7058000E-02
1.3032000E+03 8.6970001E-02
1.3037000E+03 8.6397000E-02
1.3042000E+03 8.6400002E-02
1.3047000E+03 8.5816003E-02
1.3052000E+03 8.5468002E-02
1.3057000E+03 8.5375004E-02
1.3061000E+03 8.4459998E-02
1.3066000E+03 8.4343001E-02
1.3071000E+03 8.4232002E-02
1.3076000E+03 8.3571002E-02
1.3081000E+03 8.3678998E-02
1.3085000E+03 8.3237000E-02
1.3090000E+03 8.2833998E-02
1.3095000E+03 8.2823999E-02
1.3100000E+03 8.1836998E-02
1.3105000E+03 8.1657000E-02
1.3110000E+03 8.1610002E-02
1.3114000E+03 8.0583997E-02
1.3119000E+03 8.0894999E-02
1.3124000E+03 8.0958001E-02
1.3129000E+03 8.0136999E-02
1.3134000E+03 8.0256000E-02
1.3138000E+03 7.9530999E-02
1.3143000E+03 7.8946002E-02
1.3148000E+03 7.9232998E-02
1.3153000E+03 7.8478999E-02
1.3158000E+03 7.8259997E-02
1.3163000E+03 7.8155003E-02
1.3167000E+03 7.7476002E-02
1.3172000E+03 7.7696003E-02
1.3177000E+03 7.7239998E-02
1.3182000E+03 7.6646000E-02
1.3187000E+03 7.6885998E-02
1.3192000E+03 7.6164998E-02
1.3196000E+03 7.5845003E-02
1.3201000E+03 7.5874999E-02
1.3206000E+03 7.5133003E-02
1.3211000E+03 7.5149000E-02
1.3216000E+03 7.4808002E-02
1.3220000E+03 7.4265003E-02
1.3225000E+03 7.4456997E-02
1.3230000E+03 7.3720999E-02
1.3235000E+03 7.3365003E-02
1.3240000E+03 7.3582999E-02
1.3245000E+03 7.2774000E-02
1.3249000E+03 7.2616003E-02
1.3254000E+03 7.2650000E-02
1.3259000E+03 7.1950004E-02
1.3264000E+03 7.1943000E-02
1.3269000E+03 7.1672000E-02
1.3273000E+03 7.1324997E-02
1.3278000E+03 7.1492001E-02
1.3283000E+03 7.0862003E-02
1.3288000E+03 7.0456997E-02
1.3293000E+03 7.0258997E-02
1.3298000E+03 6.9808997E-02
1.3302000E+03 7.0001997E-02
1.3307000E+03 6.9576003E-02
1.3312000E+03 6.9073997E-02
1.3317000E+03 6.9271997E-02
1.3322000E+03 6.8774998E-02
1.3327000E+03 6.8662003E-02
1.3331000E+03 6.8559997E-02
1.3336000E+03 6.7717001E-02
1.3341000E+03 6.7896001E-02
1.3346000E+03 6.7726001E-02
1.3351000E+03 6.6959001E-02
1.3355000E+03 6.7362003E-02
1.3360000E+03 6.7376003E-02
1.3365000E+03 6.7119002E-02
1.3370000E+03 6.7152001E-02
1.3375000E+03 6.6385999E-02
1.3380000E+03 6.6220999E-02
1.3384000E+03 6.6308998E-02
1.3389000E+03 6.5812998E-02
1.3394000E+03 6.6019997E-02
1.3399000E+03 6.6027999E-02
1.3404000E+03 6.5660000E-02
1.3408000E+03 6.5281004E-02
1.3413000E+03 6.4245000E-02
1.3418000E+03 6.3919999E-02
1.3423000E+03 6.4130001E-02
1.3428000E+03 6.3708000E-02
1.3433000E+03 6.3850999E-02
1.3437000E+03 6.3616998E-02
1.3442000E+03 6.2923998E-02
1.3447000E+03 6.3224003E-02
1.3452000E+03 6.2808998E-02
1.3457000E+03 6.2407002E-02
1.3462000E+03 6.2664002E-02
1.3466000E+03 6.2139999E-02
1.3471000E+03 6.2125999E-02
1.3476000E+03 6.2174000E-02
1.3481000E+03 6.1601002E-02
1.3486000E+03 6.1645001E-02
1.3490000E+03 6.1462998E-02
1.3495000E+03 6.1163999E-02
1.3500000E+03 6.1358999E-02
1.3505000E+03 6.0908001E-02
1.3510000E+03 6.0656998E-02
1.3515000E+03 6.0580999E-02
1.3519000E+03 5.9932999E-02
1.3524000E+03 6.0050000E-02
1.3529000E+03 6.0059998E-02
1.3534000E+03 5.9673999E-02
1.3539000E+03 5.9753001E-02
1.3543000E+03 5.9549000E-02
1.3548000E+03 5.9661999E-02
1.3553000E+03 5.9508000E-02
1.3558000E+03 5.8568001E-02
1.3563000E+03 5.8610000E-02
1.3568000E+03 5.8554001E-02
1.3572000E+03 5.8024999E-02
1.3577000E+03 5.8485001E-02
1.3582000E+03 5.8359001E-02
1.3587000E+03 5.7801001E-02
1.3592000E+03 5.8076002E-02
1.3597000E+03 5.7858001E-02
1.3601000E+03 5.7677001E-02
1.3606000E+03 5.8072999E-02
1.3611000E+03 5.7804000E-02
1.3616000E+03 5.7463001E-02
1.3621000E+03 5.7301000E-02
1.3625000E+03 5.7383999E-02
1.3630000E+03 5.7859000E-02
1.3635000E+03 5.7234999E-02
1.3640000E+03 5.6625001E-02
1.3645000E+03 5.6697000E-02
1.3650000E+03 5.6384001E-02
1.3654000E+03 5.6485001E-02
1.3659000E+03 5.6047998E-02
1.3664000E+03 5.5413000E-02
1.3669000E+03 5.6035999E-02
1.3674000E+03 5.5847000E-02
1.3678000E+03 5.5397000E-02
1.3683000E+03 5.5741999E-02
1.3688000E+03 5.5256002E-02
1.3693000E+03 5.5206001E-02
1.3698000E+03 5.5465002E-02
1.3703000E+03 5.4744001E-02
1.3707000E+03 5.4768000E-02
1.3712000E+03 5.4749999E-02
1.3717000E+03 5.4256000E-02
1.3722000E+03 5.4579001E-02
1.3727000E+03 5.4211002E-02
1.3732000E+03 5.3872000E-02
1.3736000E+03 5.4340001E-02
1.3741000E+03 5.3858001E-02
1.3746000E+03 5.3916000E-02
1.3751000E+03 5.4372001E-02
1.3756000E+03 5.3693999E-02
1.3760000E+03 5.3364001E-02
1.3765000E+03 5.3125001E-02
1.3770000E+03 5.3006999E-02
1.3775000E+03 5.3263001E-02
1.3780000E+03 5.2951001E-02
1.3785000E+03 5.2988999E-02
1.3789000E+03 5.2901000E-02
1.3794000E+03 5.2397002E-02
1.3799000E+03 5.2609000E-02
1.3804000E+03 5.2329000E-02
1.3809000E+03 5.1945999E-02
1.3813000E+03 5.2404001E-02
1.3818000E+03 5.2056000E-02
1.3823000E+03 5.1704999E-02
1.3828000E+03 5.2014001E-02
1.3833000E+03 5.1589001E-02
1.3838000E+03 5.1394999E-02
1.3842000E+03 5.1295999E-02
1.3847000E+03 5.0825000E-02
1.3852000E+03 5.1003002E-02
1.3857000E+03 5.0937001E-02
1.3862000E+03 5.0806001E-02
1.3867000E+03 5.0930001E-02
1.3871000E+03 5.0838001E-02
1.3876000E+03 5.1027000E-02
1.3881000E+03 5.0464999E-02
1.3886000E+03 4.9695998E-02
1.3891000E+03 4.9915999E-02
1.3895000E+03 4.9647000E-02
1.3900000E+03 4.9291000E-02
1.3905000E+03 4.9637999E-02
1.3910000E+03 4.9256999E-02
1.3915000E+03 4.8990000E-02
1.3920000E+03 4.9219001E-02
1.3924000E+03 4.8723999E-02
1.3929000E+03 4.8723999E-02
1.3934000E+03 4.8572998E-02
1.3939000E+03 4.8493002E-02
1.3944000E+03 4.9594000E-02
1.3948000E+03 4.8916999E-02
1.3953000E+03 4.7866002E-02
1.3958000E+03 4.8206002E-02
1.3963000E+03 4.7720000E-02
1.3968000E+03 4.7363002E-02
1.3973000E+03 4.7742002E-02
1.3977000E+03 4.7795001E-02
1.3982000E+03 4.7410998E-02
1.3987000E+03 4.6923999E-02
1.3992000E+03 4.6980001E-02
1.3997000E+03 4.6895001E-02
1.4002000E+03 4.6162002E-02
1.4006000E+03 4.6053998E-02
1.4011000E+03 4.6002001E-02
1.4016000E+03 4.5402002E-02
1.4021000E+03 4.5658000E-02
1.4026000E+03 4.5667000E-02
1.4030000E+03 4.5201998E-02
