1.8803999E+02 9.4165001E-03
1.8852000E+02 7.0513999E-03
1.8900000E+02 4.0576998E-03
1.8948000E+02 4.0520001E-03
1.8997000E+02 2.9237999E-03
1.9045000E+02 2.4325999E-03
1.9092999E+02 3.0127999E-03
1.9141000E+02 3.4137999E-03
1.9189000E+02 4.5595001E-03
1.9238000E+02 4.9156998E-03
1.9286000E+02 6.1752000E-03
1.9334000E+02 8.0450000E-03
1.9382001E+02 8.3435001E-03
1.9430000E+02 8.9964997E-03
1.9478999E+02 7.2888001E-03
1.9527000E+02 6.1936001E-03
1.9575000E+02 8.1893001E-03
1.9623000E+02 7.0230002E-03
1.9672000E+02 6.1694998E-03
1.9720000E+02 9.1374004E-03
1.9767999E+02 1.0879000E-02
1.9816000E+02 9.9322004E-03
1.9864000E+02 9.4416998E-03
1.9913000E+02 9.5009003E-03
1.9961000E+02 8.3827004E-03
2.0009000E+02 7.2380998E-03
2.0057001E+02 6.4917002E-03
2.0105000E+02 7.2104000E-03
2.0153999E+02 7.4343998E-03
2.0202000E+02 1.5549000E-02
2.0250000E+02 3.1906001E-02
2.0298000E+02 2.4437999E-02
2.0347000E+02 5.9063998E-03
2.0395000E+02 2.6093000E-03
2.0442999E+02 4.1717002E-03
2.0491000E+02 4.8555001E-03
2.0539000E+02 4.6775001E-03
2.0588000E+02 4.4963001E-03
2.0636000E+02 4.7963001E-03
2.0684000E+02 5.6686001E-03
2.0732001E+02 5.8990000E-03
2.0780000E+02 8.7574003E-03
2.0828999E+02 1.4087000E-02
2.0877000E+02 9.7000003E-03
2.0925000E+02 3.6998000E-03
2.0973000E+02 4.1189999E-03
2.1022000E+02 4.6839998E-03
2.1070000E+02 5.6234002E-03
2.1117999E+02 6.2297001E-03
2.1166000E+02 5.5801999E-03
2.1214000E+02 7.2456999E-03
2.1263000E+02 8.1842002E-03
2.1311000E+02 6.5587000E-03
2.1359000E+02 7.5758998E-03
2.1407001E+02 9.5878001E-03
2.1455000E+02 1.0075000E-02
2.1503999E+02 8.4889000E-03
2.1552000E+02 6.0743000E-03
2.1600000E+02 5.6360001E-03
2.1648000E+02 5.9222998E-03
2.1697000E+02 6.3209999E-03
2.1745000E+02 6.5691001E-03
2.1792999E+02 7.1307998E-03
2.1841000E+02 7.4137002E-03
2.1889000E+02 7.6207998E-03
2.1938000E+02 8.0112005E-03
2.1986000E+02 7.7303001E-03
2.2034000E+02 7.6059001E-03
2.2082001E+02 9.0434998E-03
2.2130000E+02 1.3996000E-02
2.2178999E+02 1.5363000E-02
2.2227000E+02 1.0624000E-02
2.2275000E+02 9.0583004E-03
2.2323000E+02 1.1401000E-02
2.2372000E+02 1.2169000E-02
2.2420000E+02 9.2521999E-03
2.2467999E+02 7.8427996E-03
2.2516000E+02 8.8339001E-03
2.2564000E+02 1.1418000E-02
2.2613000E+02 1.6113000E-02
2.2661000E+02 1.4377000E-02
2.2709000E+02 1.2924000E-02
2.2757001E+02 1.8943001E-02
2.2805000E+02 1.6790999E-02
2.2853999E+02 9.5303999E-03
2.2902000E+02 9.1626002E-03
2.2950000E+02 1.0179000E-02
2.2998000E+02 1.0695000E-02
2.3047000E+02 1.2658000E-02
2.3095000E+02 1.3653000E-02
2.3142999E+02 1.3129000E-02
2.3191000E+02 1.3257000E-02
2.3239000E+02 1.2789000E-02
2.3288000E+02 1.2457000E-02
2.3336000E+02 1.3800000E-02
2.3384000E+02 1.4003000E-02
2.3432001E+02 1.3626000E-02
2.3480000E+02 1.3382000E-02
2.3528999E+02 1.3315000E-02
2.3577000E+02 1.3443000E-02
2.3625000E+02 1.3317000E-02
2.3673000E+02 1.3728000E-02
2.3722000E+02 1.4070000E-02
2.3770000E+02 1.4520000E-02
2.3817999E+02 1.4981000E-02
2.3866000E+02 1.4817000E-02
2.3914000E+02 1.4520000E-02
2.3963000E+02 1.4302000E-02
2.4011000E+02 1.4560000E-02
2.4059000E+02 1.5445000E-02
2.4107001E+02 1.6043000E-02
2.4155000E+02 1.6495001E-02
2.4203999E+02 1.6677000E-02
2.4252000E+02 1.6866000E-02
2.4300000E+02 1.7069999E-02
2.4348000E+02 1.7649001E-02
2.4397000E+02 2.0005999E-02
2.4445000E+02 2.0416999E-02
2.4492999E+02 2.2011001E-02
2.4541000E+02 2.5210001E-02
2.4589000E+02 2.2577999E-02
2.4638000E+02 1.9771000E-02
2.4686000E+02 1.9667000E-02
2.4734000E+02 2.3192000E-02
2.4782001E+02 2.8067000E-02
2.4830000E+02 2.5369000E-02
2.4878999E+02 2.2488000E-02
2.4927000E+02 2.3282999E-02
2.4975000E+02 2.3070000E-02
2.5023000E+02 2.3138000E-02
2.5072000E+02 2.3520000E-02
2.5120000E+02 2.4242001E-02
2.5167999E+02 2.4625000E-02
2.5216000E+02 2.6543001E-02
2.5264000E+02 2.7876999E-02
2.5313000E+02 3.0795000E-02
2.5361000E+02 4.2759001E-02
2.5409000E+02 4.3049999E-02
2.5457001E+02 3.0177001E-02
2.5506000E+02 2.8116001E-02
2.5553999E+02 3.0872000E-02
2.5601999E+02 3.2152001E-02
2.5650000E+02 3.3004001E-02
2.5698001E+02 3.3670999E-02
2.5747000E+02 3.4632999E-02
2.5795001E+02 3.4901001E-02
2.5842999E+02 3.5744999E-02
2.5891000E+02 3.6757998E-02
2.5939001E+02 3.7893999E-02
2.5988000E+02 3.9062001E-02
2.6035999E+02 4.0155999E-02
2.6084000E+02 4.1219000E-02
2.6132001E+02 4.2350002E-02
2.6181000E+02 4.3350998E-02
2.6229001E+02 4.4463001E-02
2.6276999E+02 4.6213001E-02
2.6325000E+02 4.7690000E-02
2.6373001E+02 4.9183000E-02
2.6422000E+02 5.1045999E-02
2.6470001E+02 5.3320002E-02
2.6517999E+02 5.5289000E-02
2.6566000E+02 5.8490999E-02
2.6614001E+02 6.2020000E-02
2.6663000E+02 6.2080000E-02
2.6710999E+02 6.2761001E-02
2.6759000E+02 6.5930001E-02
2.6807001E+02 6.8159997E-02
2.6856000E+02 7.0274003E-02
2.6904001E+02 7.3468998E-02
2.6951999E+02 7.6499000E-02
2.7000000E+02 7.9595000E-02
2.7048001E+02 8.2659997E-02
2.7097000E+02 8.6016998E-02
2.7145001E+02 9.0365000E-02
2.7192999E+02 9.3643002E-02
2.7241000E+02 9.5721997E-02
2.7289001E+02 9.7999997E-02
2.7338000E+02 1.0011000E-01
2.7385999E+02 1.0177000E-01
2.7434000E+02 1.0358000E-01
2.7482001E+02 1.0564000E-01
2.7531000E+02 1.0886000E-01
2.7579001E+02 1.1283000E-01
2.7626999E+02 1.1493000E-01
2.7675000E+02 1.1623000E-01
2.7723001E+02 1.1828000E-01
2.7772000E+02 1.2481000E-01
2.7820001E+02 1.3407999E-01
2.7867999E+02 1.3456000E-01
2.7916000E+02 1.3204999E-01
2.7964001E+02 1.3697000E-01
2.8013000E+02 1.4464000E-01
2.8060999E+02 1.4896999E-01
2.8109000E+02 1.5130000E-01
2.8157001E+02 1.5913001E-01
2.8206000E+02 1.6932000E-01
2.8254001E+02 1.7297000E-01
2.8301999E+02 1.7637999E-01
2.8350000E+02 1.8393999E-01
2.8398001E+02 1.9183999E-01
2.8447000E+02 2.0023000E-01
2.8495001E+02 2.0965999E-01
2.8542999E+02 2.1908000E-01
2.8591000E+02 2.2824000E-01
2.8639001E+02 2.3810001E-01
2.8688000E+02 2.4893001E-01
2.8735999E+02 2.5950000E-01
2.8784000E+02 2.6973000E-01
2.8832001E+02 2.7930000E-01
2.8881000E+02 2.9089999E-01
2.8929001E+02 3.0403000E-01
2.8976999E+02 3.1150001E-01
2.9025000E+02 3.1733000E-01
2.9073001E+02 3.2576999E-01
2.9122000E+02 3.3287999E-01
2.9170001E+02 3.3989999E-01
2.9217999E+02 3.4674001E-01
2.9266000E+02 3.5189000E-01
2.9314001E+02 3.5604000E-01
2.9363000E+02 3.5883000E-01
2.9410999E+02 3.6002001E-01
2.9459000E+02 3.5984001E-01
2.9507001E+02 3.5914999E-01
2.9556000E+02 3.5716999E-01
2.9604001E+02 3.5381001E-01
2.9651999E+02 3.5021999E-01
2.9700000E+02 3.4650001E-01
2.9748001E+02 3.4176999E-01
2.9797000E+02 3.3728999E-01
2.9845001E+02 3.3228001E-01
2.9892999E+02 3.2551000E-01
2.9941000E+02 3.2005000E-01
2.9989001E+02 3.1560999E-01
3.0038000E+02 3.1068000E-01
3.0085999E+02 3.0520001E-01
3.0134000E+02 3.0157000E-01
3.0182001E+02 2.9570001E-01
3.0231000E+02 2.8849000E-01
3.0279001E+02 2.8661999E-01
3.0326999E+02 2.7647001E-01
3.0375000E+02 2.6030001E-01
3.0423001E+02 2.5163001E-01
3.0472000E+02 2.4417999E-01
3.0520001E+02 2.3514999E-01
3.0567999E+02 2.2667000E-01
3.0616000E+02 2.1770000E-01
3.0664001E+02 2.0873000E-01
3.0713000E+02 2.0069000E-01
3.0760999E+02 1.9304000E-01
3.0809000E+02 1.8573000E-01
3.0857001E+02 1.7810000E-01
3.0906000E+02 1.7083000E-01
3.0954001E+02 1.6430999E-01
3.1001999E+02 1.5744001E-01
3.1050000E+02 1.5103000E-01
3.1098001E+02 1.4555000E-01
3.1147000E+02 1.4076000E-01
3.1195001E+02 1.3665000E-01
3.1242999E+02 1.3263001E-01
3.1291000E+02 1.2883000E-01
3.1339001E+02 1.2626000E-01
3.1388000E+02 1.2381000E-01
3.1435999E+02 1.2229000E-01
3.1484000E+02 1.2110000E-01
3.1532001E+02 1.1718000E-01
3.1581000E+02 1.1324000E-01
3.1629001E+02 1.1075000E-01
3.1676999E+02 1.0795000E-01
3.1725000E+02 1.0506000E-01
3.1773001E+02 1.0243000E-01
3.1822000E+02 9.9477999E-02
3.1870001E+02 9.6017003E-02
3.1917999E+02 9.2357002E-02
3.1966000E+02 8.8973999E-02
3.2014001E+02 8.5628003E-02
3.2063000E+02 8.2520999E-02
3.2110999E+02 8.0416001E-02
3.2159000E+02 7.7766001E-02
3.2207001E+02 7.5359002E-02
3.2256000E+02 7.3931001E-02
3.2304001E+02 7.4083000E-02
3.2351999E+02 7.6663002E-02
3.2400000E+02 7.4309997E-02
3.2448001E+02 6.7670003E-02
3.2497000E+02 6.5421000E-02
3.2545001E+02 6.5142997E-02
3.2592999E+02 6.4461000E-02
3.2641000E+02 6.3731998E-02
3.2689001E+02 6.5035000E-02
3.2738000E+02 6.9228001E-02
3.2785999E+02 6.8230003E-02
3.2834000E+02 6.3281000E-02
3.2882001E+02 6.1517999E-02
3.2931000E+02 6.2027000E-02
3.2979001E+02 6.2845998E-02
3.3026999E+02 6.3317999E-02
3.3075000E+02 6.3997000E-02
3.3123001E+02 6.4709999E-02
3.3172000E+02 6.5445997E-02
3.3220001E+02 6.6712998E-02
3.3267999E+02 6.8282999E-02
3.3316000E+02 6.9899999E-02
3.3364001E+02 7.1663000E-02
3.3413000E+02 7.3246002E-02
3.3460999E+02 7.6067999E-02
3.3509000E+02 7.9535998E-02
3.3557001E+02 8.0016002E-02
3.3606000E+02 8.0504000E-02
3.3654001E+02 8.2823999E-02
3.3701999E+02 8.5372001E-02
3.3750000E+02 8.8547997E-02
3.3798001E+02 9.1835000E-02
3.3847000E+02 9.4939001E-02
3.3895001E+02 9.8209001E-02
3.3942999E+02 1.0188000E-01
3.3991000E+02 1.0664000E-01
3.4039001E+02 1.1207000E-01
3.4088000E+02 1.1600000E-01
3.4135999E+02 1.1986000E-01
3.4184000E+02 1.2448000E-01
3.4232001E+02 1.2901001E-01
3.4281000E+02 1.3483000E-01
3.4329001E+02 1.4042000E-01
3.4376999E+02 1.4523000E-01
3.4425000E+02 1.5075000E-01
3.4473001E+02 1.5684000E-01
3.4522000E+02 1.6309001E-01
3.4570001E+02 1.6940001E-01
3.4617999E+02 1.7545000E-01
3.4666000E+02 1.8153000E-01
3.4714001E+02 1.8855000E-01
3.4763000E+02 1.9554999E-01
3.4810999E+02 2.0271000E-01
3.4859000E+02 2.1002001E-01
3.4907001E+02 2.1796000E-01
3.4956000E+02 2.2666000E-01
3.5004001E+02 2.3269001E-01
3.5051999E+02 2.3717000E-01
3.5100000E+02 2.4474999E-01
3.5148001E+02 2.5553000E-01
3.5197000E+02 2.6332000E-01
3.5245001E+02 2.6681000E-01
3.5292999E+02 2.7250001E-01
3.5341000E+02 2.8064001E-01
3.5389001E+02 2.8966999E-01
3.5438000E+02 2.9710001E-01
3.5485999E+02 3.0063000E-01
3.5534000E+02 3.0557999E-01
3.5582001E+02 3.1220001E-01
3.5631000E+02 3.1753999E-01
3.5679001E+02 3.2352999E-01
3.5726999E+02 3.2910001E-01
3.5775000E+02 3.3285999E-01
3.5823001E+02 3.3710000E-01
3.5872000E+02 3.4037000E-01
3.5920001E+02 3.4197000E-01
3.5967999E+02 3.4480000E-01
3.6016000E+02 3.4764999E-01
3.6064001E+02 3.4926000E-01
3.6113000E+02 3.5019001E-01
3.6160999E+02 3.5038999E-01
3.6209000E+02 3.5034001E-01
3.6257001E+02 3.4997001E-01
3.6306000E+02 3.4931001E-01
3.6354001E+02 3.4786001E-01
3.6401999E+02 3.4564000E-01
3.6450000E+02 3.4301001E-01
3.6498001E+02 3.3970001E-01
3.6547000E+02 3.3636001E-01
3.6595001E+02 3.3305001E-01
3.6642999E+02 3.2899001E-01
3.6691000E+02 3.2438999E-01
3.6739001E+02 3.2016999E-01
3.6788000E+02 3.1556001E-01
3.6835999E+02 3.1038001E-01
3.6884000E+02 3.0555999E-01
3.6932001E+02 3.0168000E-01
3.6981000E+02 2.9802001E-01
3.7029001E+02 2.9328001E-01
3.7076999E+02 2.8951001E-01
3.7125000E+02 2.8703001E-01
3.7173001E+02 2.8483000E-01
3.7222000E+02 2.8408000E-01
3.7270001E+02 2.8448999E-01
3.7317999E+02 2.8534001E-01
3.7366000E+02 2.8808001E-01
3.7414001E+02 2.9240999E-01
3.7463000E+02 2.9556000E-01
3.7510999E+02 2.9830000E-01
3.7559000E+02 3.0303001E-01
3.7607001E+02 3.0840999E-01
3.7656000E+02 3.1198001E-01
3.7704001E+02 3.1562999E-01
3.7751999E+02 3.2073000E-01
3.7800000E+02 3.2512999E-01
3.7848001E+02 3.2817000E-01
3.7897000E+02 3.2997999E-01
3.7945001E+02 3.3109999E-01
3.7992999E+02 3.3118001E-01
3.8041000E+02 3.2901001E-01
3.8089001E+02 3.2550001E-01
3.8138000E+02 3.2036000E-01
3.8185999E+02 3.1413999E-01
3.8234000E+02 3.0798000E-01
3.8282001E+02 3.0069000E-01
3.8331000E+02 2.9337001E-01
3.8379001E+02 2.8543001E-01
3.8426999E+02 2.7689999E-01
3.8475000E+02 2.7015001E-01
3.8523001E+02 2.6407999E-01
3.8572000E+02 2.5970000E-01
3.8620001E+02 2.5707999E-01
3.8667999E+02 2.5536001E-01
3.8716000E+02 2.5534999E-01
3.8764999E+02 2.5645000E-01
3.8813000E+02 2.5931999E-01
3.8860999E+02 2.6455000E-01
3.8909000E+02 2.7144000E-01
3.8957001E+02 2.7946001E-01
3.9006000E+02 2.8911000E-01
3.9054001E+02 3.0037999E-01
3.9101999E+02 3.1231999E-01
3.9150000E+02 3.2505000E-01
3.9198001E+02 3.3954999E-01
3.9247000E+02 3.5519999E-01
3.9295001E+02 3.7057000E-01
3.9342999E+02 3.8617000E-01
3.9391000E+02 4.0193000E-01
3.9439999E+02 4.1716999E-01
3.9488000E+02 4.3195999E-01
3.9535999E+02 4.4613999E-01
3.9584000E+02 4.6072999E-01
3.9632001E+02 4.7549999E-01
3.9681000E+02 4.8879001E-01
3.9729001E+02 5.0150001E-01
3.9776999E+02 5.1235998E-01
3.9825000E+02 5.2187002E-01
3.9873001E+02 5.3140998E-01
3.9922000E+02 5.3815001E-01
3.9970001E+02 5.4392999E-01
4.0017999E+02 5.4926002E-01
4.0066000E+02 5.5316001E-01
4.0114999E+02 5.5795002E-01
4.0163000E+02 5.6305999E-01
4.0210999E+02 5.6762999E-01
4.0259000E+02 5.7213002E-01
4.0307001E+02 5.7769001E-01
4.0356000E+02 5.8317000E-01
4.0404001E+02 5.8749998E-01
4.0451999E+02 5.9323001E-01
4.0500000E+02 6.0020000E-01
4.0548001E+02 6.0747999E-01
4.0597000E+02 6.1598003E-01
4.0645001E+02 6.2465000E-01
4.0692999E+02 6.3382000E-01
4.0741000E+02 6.4453000E-01
4.0789999E+02 6.5578002E-01
4.0838000E+02 6.6731000E-01
4.0885999E+02 6.7984998E-01
4.0934000E+02 6.9387001E-01
4.0982001E+02 7.0828998E-01
4.1031000E+02 7.2470999E-01
4.1079001E+02 7.4335003E-01
4.1126999E+02 7.6060998E-01
4.1175000E+02 7.7657998E-01
4.1223001E+02 7.9356998E-01
4.1272000E+02 8.1156999E-01
4.1320001E+02 8.2786000E-01
4.1367999E+02 8.4328002E-01
4.1416000E+02 8.5777998E-01
4.1464999E+02 8.7026000E-01
4.1513000E+02 8.8051999E-01
4.1560999E+02 8.8704002E-01
4.1609000E+02 8.9434999E-01
4.1657001E+02 9.0069997E-01
4.1706000E+02 9.0583003E-01
4.1754001E+02 9.1191000E-01
4.1801999E+02 9.1530001E-01
4.1850000E+02 9.1756999E-01
4.1898001E+02 9.1703999E-01
4.1947000E+02 9.1452003E-01
4.1995001E+02 9.1321999E-01
4.2042999E+02 9.1078001E-01
4.2091000E+02 9.0842998E-01
4.2139999E+02 9.0600002E-01
4.2188000E+02 9.0261000E-01
4.2235999E+02 9.0025997E-01
4.2284000E+02 8.9626002E-01
4.2332001E+02 8.8957000E-01
4.2381000E+02 8.8486999E-01
4.2429001E+02 8.8129997E-01
4.2476999E+02 8.7374002E-01
4.2525000E+02 8.6401999E-01
4.2573001E+02 8.5697001E-01
4.2622000E+02 8.4909999E-01
4.2670001E+02 8.3976001E-01
4.2717999E+02 8.3336997E-01
4.2766000E+02 8.2616001E-01
4.2814999E+02 8.1760001E-01
4.2863000E+02 8.0934000E-01
4.2910999E+02 7.9961997E-01
4.2959000E+02 7.8867000E-01
4.3007001E+02 7.7797002E-01
4.3056000E+02 7.7010000E-01
4.3104001E+02 7.6309001E-01
4.3151999E+02 7.5343001E-01
4.3200000E+02 7.4307001E-01
4.3248001E+02 7.3293000E-01
4.3297000E+02 7.2283000E-01
4.3345001E+02 7.1376997E-01
4.3392999E+02 7.0556998E-01
4.3441000E+02 6.9848001E-01
4.3489999E+02 6.8992001E-01
4.3538000E+02 6.7948997E-01
4.3585999E+02 6.7021000E-01
4.3634000E+02 6.6073000E-01
4.3682001E+02 6.5104002E-01
4.3731000E+02 6.4253998E-01
4.3779001E+02 6.3445997E-01
4.3826999E+02 6.2638003E-01
4.3875000E+02 6.1862999E-01
4.3923001E+02 6.1001003E-01
4.3972000E+02 6.0083997E-01
4.4020001E+02 5.9310001E-01
4.4067999E+02 5.8552003E-01
4.4116000E+02 5.7809001E-01
4.4164999E+02 5.7213002E-01
4.4213000E+02 5.6581002E-01
4.4260999E+02 5.5861998E-01
4.4309000E+02 5.5333000E-01
4.4357001E+02 5.4838002E-01
4.4406000E+02 5.4145998E-01
4.4454001E+02 5.3426999E-01
4.4501999E+02 5.2756000E-01
4.4550000E+02 5.2190000E-01
4.4598001E+02 5.1695001E-01
4.4647000E+02 5.1103002E-01
4.4695001E+02 5.0398999E-01
4.4742999E+02 4.9671999E-01
4.4791000E+02 4.9004999E-01
4.4839999E+02 4.8401001E-01
4.4888000E+02 4.7773001E-01
4.4935999E+02 4.7176999E-01
4.4984000E+02 4.6628001E-01
4.5032001E+02 4.6002001E-01
4.5081000E+02 4.5306000E-01
4.5129001E+02 4.4688001E-01
4.5176999E+02 4.4209999E-01
4.5225000E+02 4.3759000E-01
4.5273001E+02 4.3305999E-01
4.5322000E+02 4.2868000E-01
4.5370001E+02 4.2447001E-01
4.5417999E+02 4.2017001E-01
4.5466000E+02 4.1609001E-01
4.5514999E+02 4.1317001E-01
4.5563000E+02 4.1075000E-01
4.5610999E+02 4.0882000E-01
4.5659000E+02 4.0651000E-01
4.5707001E+02 4.0474999E-01
4.5756000E+02 4.0448001E-01
4.5804001E+02 4.0197000E-01
4.5851999E+02 3.9873999E-01
4.5900000E+02 3.9815000E-01
4.5948001E+02 3.9781001E-01
4.5997000E+02 3.9638001E-01
4.6045001E+02 3.9508000E-01
4.6092999E+02 3.9462000E-01
4.6141000E+02 3.9399999E-01
4.6189999E+02 3.9260000E-01
4.6238000E+02 3.9164001E-01
4.6285999E+02 3.9129999E-01
4.6334000E+02 3.9131001E-01
4.6382001E+02 3.9148000E-01
4.6431000E+02 3.9109999E-01
4.6479001E+02 3.9045000E-01
4.6526999E+02 3.9021999E-01
4.6575000E+02 3.9039001E-01
4.6623001E+02 3.9052001E-01
4.6672000E+02 3.9063001E-01
4.6720001E+02 3.9105999E-01
4.6767999E+02 3.9212000E-01
4.6816000E+02 3.9302000E-01
4.6864999E+02 3.9317000E-01
4.6913000E+02 3.9394999E-01
4.6960999E+02 3.9451000E-01
4.7009000E+02 3.9432001E-01
4.7057001E+02 3.9449999E-01
4.7106000E+02 3.9452001E-01
4.7154001E+02 3.9414001E-01
4.7201999E+02 3.9394000E-01
4.7250000E+02 3.9304999E-01
4.7298001E+02 3.9113000E-01
4.7347000E+02 3.8911000E-01
4.7395001E+02 3.8698000E-01
4.7442999E+02 3.8556999E-01
4.7491000E+02 3.8442999E-01
4.7539999E+02 3.8242000E-01
4.7588000E+02 3.8023001E-01
4.7635999E+02 3.7764001E-01
4.7684000E+02 3.7447000E-01
4.7732001E+02 3.7039000E-01
4.7781000E+02 3.6611000E-01
4.7829001E+02 3.6230001E-01
4.7876999E+02 3.5743001E-01
4.7925000E+02 3.5194999E-01
4.7973001E+02 3.4649000E-01
4.8022000E+02 3.4000999E-01
4.8070001E+02 3.3364999E-01
4.8117999E+02 3.2764000E-01
4.8166000E+02 3.2115999E-01
4.8214999E+02 3.1459999E-01
4.8263000E+02 3.0783001E-01
4.8310999E+02 3.0215001E-01
4.8359000E+02 2.9780999E-01
4.8407001E+02 2.9313999E-01
4.8456000E+02 2.8828999E-01
4.8504001E+02 2.8475001E-01
4.8551999E+02 2.8244001E-01
4.8600000E+02 2.7987999E-01
4.8648001E+02 2.7774000E-01
4.8697000E+02 2.7717000E-01
4.8745001E+02 2.7766001E-01
4.8792999E+02 2.7891999E-01
4.8841000E+02 2.8152999E-01
4.8889999E+02 2.8534001E-01
4.8938000E+02 2.8955001E-01
4.8985999E+02 2.9457000E-01
4.9034000E+02 3.0083001E-01
4.9082001E+02 3.0787000E-01
4.9131000E+02 3.1619000E-01
4.9179001E+02 3.2560000E-01
4.9226999E+02 3.3491001E-01
4.9275000E+02 3.4529001E-01
4.9323001E+02 3.5756001E-01
4.9372000E+02 3.7081000E-01
4.9420001E+02 3.8488001E-01
4.9467999E+02 3.9974999E-01
4.9516000E+02 4.1532999E-01
4.9564999E+02 4.3092000E-01
4.9613000E+02 4.4663000E-01
4.9660999E+02 4.6369001E-01
4.9709000E+02 4.8175001E-01
4.9757001E+02 4.9928999E-01
4.9806000E+02 5.1677001E-01
4.9854001E+02 5.3597999E-01
4.9901999E+02 5.5593997E-01
4.9950000E+02 5.7578999E-01
4.9998001E+02 5.9505999E-01
5.0047000E+02 6.1328000E-01
5.0095001E+02 6.3248003E-01
5.0142999E+02 6.5210003E-01
5.0191000E+02 6.6955000E-01
5.0239999E+02 6.8576998E-01
5.0288000E+02 7.0063001E-01
5.0335999E+02 7.1394998E-01
5.0384000E+02 7.2683001E-01
5.0432001E+02 7.3536998E-01
5.0481000E+02 7.4106002E-01
5.0529001E+02 7.4883002E-01
5.0576999E+02 7.5424999E-01
5.0625000E+02 7.5572997E-01
5.0673001E+02 7.5656998E-01
5.0722000E+02 7.5351000E-01
5.0770001E+02 7.4750000E-01
5.0817999E+02 7.4542999E-01
5.0866000E+02 7.4548000E-01
5.0914999E+02 7.4489999E-01
5.0963000E+02 7.4430001E-01
5.1010999E+02 7.4330002E-01
5.1059000E+02 7.4264002E-01
5.1107001E+02 7.4157000E-01
5.1156000E+02 7.4074000E-01
5.1203998E+02 7.4052000E-01
5.1252002E+02 7.3908001E-01
5.1300000E+02 7.3843998E-01
5.1348999E+02 7.3898000E-01
5.1396997E+02 7.3873001E-01
5.1445001E+02 7.3903000E-01
5.1492999E+02 7.3969001E-01
5.1540997E+02 7.3957998E-01
5.1590002E+02 7.4057001E-01
5.1638000E+02 7.4242997E-01
5.1685999E+02 7.4247998E-01
5.1734003E+02 7.4151999E-01
5.1782001E+02 7.4194002E-01
5.1831000E+02 7.4344999E-01
5.1878998E+02 7.4440002E-01
5.1927002E+02 7.4514002E-01
5.1975000E+02 7.4646997E-01
5.2023999E+02 7.4694002E-01
5.2071997E+02 7.4787998E-01
5.2120001E+02 7.5020999E-01
5.2167999E+02 7.5127000E-01
5.2215997E+02 7.5111002E-01
5.2265002E+02 7.5209999E-01
5.2313000E+02 7.5307000E-01
5.2360999E+02 7.5275999E-01
5.2409003E+02 7.5322998E-01
5.2457001E+02 7.5216001E-01
5.2506000E+02 7.4962002E-01
5.2553998E+02 7.4941999E-01
5.2602002E+02 7.4928999E-01
5.2650000E+02 7.4747998E-01
5.2698999E+02 7.4510002E-01
5.2746997E+02 7.4176002E-01
5.2795001E+02 7.3650002E-01
5.2842999E+02 7.3149002E-01
5.2890997E+02 7.2692001E-01
5.2940002E+02 7.2066998E-01
5.2988000E+02 7.1490997E-01
5.3035999E+02 7.0937002E-01
5.3084003E+02 7.0199001E-01
5.3132001E+02 6.9428003E-01
5.3181000E+02 6.8794000E-01
5.3228998E+02 6.8225998E-01
5.3277002E+02 6.7557001E-01
5.3325000E+02 6.6926998E-01
5.3373999E+02 6.6323000E-01
5.3421997E+02 6.5594000E-01
5.3470001E+02 6.4888000E-01
5.3517999E+02 6.4244002E-01
5.3565997E+02 6.3757002E-01
5.3615002E+02 6.3295001E-01
5.3663000E+02 6.2606001E-01
5.3710999E+02 6.1922997E-01
5.3759003E+02 6.1265999E-01
5.3807001E+02 6.0683000E-01
5.3856000E+02 6.0263002E-01
5.3903998E+02 5.9763998E-01
5.3952002E+02 5.9219003E-01
5.4000000E+02 5.8702999E-01
5.4048999E+02 5.8236998E-01
5.4096997E+02 5.7871002E-01
5.4145001E+02 5.7472003E-01
5.4192999E+02 5.6984001E-01
5.4240997E+02 5.6549001E-01
5.4290002E+02 5.6255001E-01
5.4338000E+02 5.6010997E-01
5.4385999E+02 5.5689001E-01
5.4434003E+02 5.5312997E-01
5.4482001E+02 5.4962999E-01
5.4531000E+02 5.4540998E-01
5.4578998E+02 5.4194999E-01
5.4627002E+02 5.4089999E-01
5.4675000E+02 5.3864998E-01
5.4723999E+02 5.3368002E-01
5.4771997E+02 5.2833003E-01
5.4820001E+02 5.2294999E-01
5.4867999E+02 5.1621002E-01
5.4915997E+02 5.0959998E-01
5.4965002E+02 5.0516999E-01
5.5013000E+02 5.0028002E-01
5.5060999E+02 4.9333999E-01
5.5109003E+02 4.8627999E-01
5.5157001E+02 4.7975001E-01
5.5206000E+02 4.7340000E-01
5.5253998E+02 4.6724001E-01
5.5302002E+02 4.6129000E-01
5.5350000E+02 4.5508999E-01
5.5398999E+02 4.4927999E-01
5.5446997E+02 4.4393000E-01
5.5495001E+02 4.3852001E-01
5.5542999E+02 4.3397999E-01
5.5590997E+02 4.2904001E-01
5.5640002E+02 4.2348999E-01
5.5688000E+02 4.1945001E-01
5.5735999E+02 4.1584000E-01
5.5784003E+02 4.1119000E-01
5.5832001E+02 4.0610000E-01
5.5881000E+02 4.0147999E-01
5.5928998E+02 3.9746001E-01
5.5977002E+02 3.9357001E-01
5.6025000E+02 3.8942999E-01
5.6073999E+02 3.8468999E-01
5.6121997E+02 3.8007000E-01
5.6170001E+02 3.7592000E-01
5.6217999E+02 3.7101001E-01
5.6265997E+02 3.6590999E-01
5.6315002E+02 3.6155999E-01
5.6363000E+02 3.5648000E-01
5.6410999E+02 3.5069999E-01
5.6459003E+02 3.4525001E-01
5.6507001E+02 3.4018999E-01
5.6556000E+02 3.3546999E-01
5.6603998E+02 3.3052000E-01
5.6652002E+02 3.2558000E-01
5.6700000E+02 3.2073000E-01
5.6748999E+02 3.1582999E-01
5.6796997E+02 3.1126001E-01
5.6845001E+02 3.0698001E-01
5.6892999E+02 3.0285999E-01
5.6940997E+02 2.9802999E-01
5.6990002E+02 2.9348001E-01
5.7038000E+02 2.9016000E-01
5.7085999E+02 2.8641999E-01
5.7134003E+02 2.8209001E-01
5.7182001E+02 2.7783999E-01
5.7231000E+02 2.7410001E-01
5.7278998E+02 2.7099001E-01
5.7327002E+02 2.6776001E-01
5.7375000E+02 2.6409000E-01
5.7423999E+02 2.6018000E-01
5.7471997E+02 2.5624999E-01
5.7520001E+02 2.5257000E-01
5.7567999E+02 2.4945000E-01
5.7615997E+02 2.4611001E-01
5.7665002E+02 2.4219000E-01
5.7713000E+02 2.3884000E-01
5.7760999E+02 2.3571999E-01
5.7809003E+02 2.3222999E-01
5.7857001E+02 2.2914000E-01
5.7906000E+02 2.2643000E-01
5.7953998E+02 2.2360000E-01
5.8002002E+02 2.2101000E-01
5.8050000E+02 2.1874000E-01
5.8098999E+02 2.1592000E-01
5.8146997E+02 2.1323000E-01
5.8195001E+02 2.1128000E-01
5.8242999E+02 2.0874999E-01
5.8290997E+02 2.0622000E-01
5.8340002E+02 2.0397000E-01
5.8388000E+02 2.0192000E-01
5.8435999E+02 2.0121001E-01
5.8484003E+02 1.9980000E-01
5.8532001E+02 1.9720000E-01
5.8581000E+02 1.9588999E-01
5.8628998E+02 1.9520999E-01
5.8677002E+02 1.9436000E-01
5.8725000E+02 1.9383000E-01
5.8773999E+02 1.9330999E-01
5.8821997E+02 1.9349000E-01
5.8870001E+02 1.9430000E-01
5.8917999E+02 1.9439000E-01
5.8965997E+02 1.9503000E-01
5.9015002E+02 1.9649000E-01
5.9063000E+02 1.9777000E-01
5.9110999E+02 1.9991000E-01
5.9159003E+02 2.0281000E-01
5.9207001E+02 2.0569000E-01
5.9256000E+02 2.0883000E-01
5.9303998E+02 2.1277000E-01
5.9352002E+02 2.1716000E-01
5.9400000E+02 2.2150999E-01
5.9448999E+02 2.2698000E-01
5.9496997E+02 2.3364000E-01
5.9545001E+02 2.4014001E-01
5.9592999E+02 2.4722999E-01
5.9640997E+02 2.5556999E-01
5.9690002E+02 2.6396000E-01
5.9738000E+02 2.7298999E-01
5.9785999E+02 2.8255001E-01
5.9834003E+02 2.9146999E-01
5.9882001E+02 3.0030999E-01
5.9931000E+02 3.0891001E-01
5.9978998E+02 3.1790000E-01
6.0027002E+02 3.2732999E-01
6.0075000E+02 3.3610001E-01
6.0123999E+02 3.4496000E-01
6.0171997E+02 3.5389999E-01
6.0220001E+02 3.6252001E-01
6.0267999E+02 3.7040001E-01
6.0315997E+02 3.7667000E-01
6.0365002E+02 3.8246000E-01
6.0413000E+02 3.8891000E-01
6.0460999E+02 3.9520001E-01
6.0509003E+02 4.0041000E-01
6.0557001E+02 4.0476000E-01
6.0606000E+02 4.0972999E-01
6.0653998E+02 4.1523999E-01
6.0702002E+02 4.1938999E-01
6.0750000E+02 4.2269999E-01
6.0798999E+02 4.2706999E-01
6.0846997E+02 4.3077001E-01
6.0895001E+02 4.3237001E-01
6.0942999E+02 4.3463001E-01
6.0990997E+02 4.3752000E-01
6.1040002E+02 4.3902999E-01
6.1088000E+02 4.4027001E-01
6.1135999E+02 4.4249001E-01
6.1184003E+02 4.4402999E-01
6.1232001E+02 4.4402000E-01
6.1281000E+02 4.4422999E-01
6.1328998E+02 4.4409001E-01
6.1377002E+02 4.4326001E-01
6.1425000E+02 4.4301999E-01
6.1473999E+02 4.4207999E-01
6.1521997E+02 4.3965000E-01
6.1570001E+02 4.3843001E-01
6.1617999E+02 4.3759999E-01
6.1665997E+02 4.3449000E-01
6.1715002E+02 4.3180001E-01
6.1763000E+02 4.3006000E-01
6.1810999E+02 4.2710000E-01
6.1859003E+02 4.2386001E-01
6.1907001E+02 4.2201000E-01
6.1956000E+02 4.2111999E-01
6.2967999E+02 3.5466000E-01
6.3015997E+02 3.4937000E-01
6.3065002E+02 3.4433001E-01
6.3113000E+02 3.3877999E-01
6.3160999E+02 3.3298999E-01
6.3209003E+02 3.2703999E-01
6.3258002E+02 3.2111001E-01
6.3306000E+02 3.1527001E-01
6.3353998E+02 3.0921999E-01
6.3402002E+02 3.0339000E-01
6.3450000E+02 2.9780999E-01
6.3498999E+02 2.9244000E-01
6.3546997E+02 2.8683001E-01
6.3595001E+02 2.8064001E-01
6.3642999E+02 2.7531001E-01
6.3690997E+02 2.6978999E-01
6.3740002E+02 2.6348001E-01
6.3788000E+02 2.5810000E-01
6.3835999E+02 2.5310999E-01
6.3884003E+02 2.4789000E-01
6.3933002E+02 2.4265000E-01
6.3981000E+02 2.3731001E-01
6.4028998E+02 2.3224001E-01
6.4077002E+02 2.2743000E-01
6.4125000E+02 2.2234000E-01
6.4173999E+02 2.1746001E-01
6.4221997E+02 2.1299000E-01
6.4270001E+02 2.0840999E-01
6.4317999E+02 2.0392001E-01
6.4365997E+02 1.9983000E-01
6.4415002E+02 1.9602001E-01
6.4463000E+02 1.9189000E-01
6.4510999E+02 1.8749000E-01
6.4559003E+02 1.8357000E-01
6.4608002E+02 1.7992000E-01
6.4656000E+02 1.7630000E-01
6.4703998E+02 1.7297000E-01
6.4752002E+02 1.6962001E-01
6.4800000E+02 1.6596000E-01
6.4848999E+02 1.6260000E-01
6.4896997E+02 1.5978999E-01
6.4945001E+02 1.5685000E-01
6.4992999E+02 1.5396000E-01
6.5040997E+02 1.5144999E-01
6.5090002E+02 1.4877000E-01
6.5138000E+02 1.4596000E-01
6.5185999E+02 1.4342999E-01
6.5234003E+02 1.4108001E-01
6.5283002E+02 1.3866000E-01
6.5331000E+02 1.3643000E-01
6.5378998E+02 1.3437000E-01
6.5427002E+02 1.3224000E-01
6.5475000E+02 1.3026001E-01
6.5523999E+02 1.2806000E-01
6.5571997E+02 1.2625000E-01
6.5620001E+02 1.2478000E-01
6.5667999E+02 1.2275000E-01
6.5715997E+02 1.2097000E-01
6.5765002E+02 1.1949000E-01
6.5813000E+02 1.1790000E-01
6.5860999E+02 1.1631000E-01
6.5909003E+02 1.1503000E-01
6.5958002E+02 1.1366000E-01
6.6006000E+02 1.1217000E-01
6.6053998E+02 1.1110000E-01
6.6102002E+02 1.0956000E-01
6.6150000E+02 1.0812000E-01
6.6198999E+02 1.0717000E-01
6.6246997E+02 1.0582000E-01
6.6295001E+02 1.0469000E-01
6.6342999E+02 1.0370000E-01
6.6390997E+02 1.0253000E-01
6.6440002E+02 1.0142000E-01
6.6488000E+02 1.0054000E-01
6.6535999E+02 9.9753000E-02
6.6584003E+02 9.8635003E-02
6.6633002E+02 9.7753003E-02
6.6681000E+02 9.6955001E-02
6.6728998E+02 9.6156999E-02
6.6777002E+02 9.5747001E-02
6.6825000E+02 9.4837002E-02
6.6873999E+02 9.3888000E-02
6.6921997E+02 9.3404002E-02
6.6970001E+02 9.2674002E-02
6.7017999E+02 9.1792002E-02
6.7065997E+02 9.1236003E-02
6.7115002E+02 9.0860002E-02
6.7163000E+02 9.0044998E-02
6.7210999E+02 8.9465998E-02
6.7259003E+02 8.9056000E-02
6.7308002E+02 8.8308997E-02
6.7356000E+02 8.8083997E-02
6.7403998E+02 8.7736003E-02
6.7452002E+02 8.7006003E-02
6.7500000E+02 8.6645998E-02
6.7548999E+02 8.6360000E-02
6.7596997E+02 8.5826002E-02
6.7645001E+02 8.5455000E-02
6.7692999E+02 8.5343003E-02
6.7740997E+02 8.4719002E-02
6.7790002E+02 8.4247001E-02
6.7838000E+02 8.4201999E-02
6.7885999E+02 8.3691001E-02
6.7934003E+02 8.3483003E-02
6.7983002E+02 8.3426997E-02
6.8031000E+02 8.2875997E-02
6.8078998E+02 8.2500003E-02
6.8127002E+02 8.2336999E-02
6.8175000E+02 8.2016997E-02
6.8223999E+02 8.1707999E-02
6.8271997E+02 8.1579000E-02
6.8320001E+02 8.1230000E-02
6.8367999E+02 8.1028000E-02
6.8415997E+02 8.1152000E-02
6.8465002E+02 8.0830999E-02
6.8513000E+02 8.0578998E-02
6.8560999E+02 8.0477998E-02
6.8609003E+02 8.0006003E-02
6.8658002E+02 7.9736002E-02
6.8706000E+02 7.9724997E-02
6.8753998E+02 7.9534002E-02
6.8802002E+02 7.9325996E-02
6.8850000E+02 7.9314999E-02
6.8898999E+02 7.9028003E-02
6.8946997E+02 7.8652002E-02
6.8995001E+02 7.8685001E-02
6.9042999E+02 7.8291997E-02
6.9090997E+02 7.7808999E-02
6.9140002E+02 7.8056000E-02
6.9188000E+02 7.8016996E-02
6.9235999E+02 7.7596001E-02
6.9284003E+02 7.7545002E-02
6.9333002E+02 7.7330999E-02
6.9381000E+02 7.6961003E-02
6.9428998E+02 7.7212997E-02
6.9477002E+02 7.7207997E-02
6.9525000E+02 7.6651998E-02
6.9573999E+02 7.6600999E-02
6.9621997E+02 7.6461002E-02
6.9670001E+02 7.6027997E-02
6.9717999E+02 7.6201998E-02
6.9765997E+02 7.6325998E-02
6.9815002E+02 7.5943999E-02
6.9863000E+02 7.5708002E-02
6.9910999E+02 7.5521998E-02
6.9959003E+02 7.5162999E-02
7.0008002E+02 7.5218998E-02
7.0056000E+02 7.5337000E-02
7.0103998E+02 7.4871004E-02
7.0152002E+02 7.4831001E-02
7.0200000E+02 7.5034000E-02
7.0248999E+02 7.4674003E-02
7.0296997E+02 7.4624002E-02
7.0345001E+02 7.4702002E-02
7.9506000E+02 3.6679000E-02
7.9553998E+02 3.6277998E-02
7.9602002E+02 3.6366999E-02
7.9650000E+02 3.6548000E-02
7.9698999E+02 3.6178000E-02
7.9746997E+02 3.6138002E-02
7.9795001E+02 3.6169998E-02
7.9842999E+02 3.6348999E-02
7.9891998E+02 3.6768001E-02
7.9940002E+02 3.6603998E-02
7.9988000E+02 3.6207002E-02
8.0035999E+02 3.6384001E-02
8.0084003E+02 3.6899999E-02
8.0133002E+02 3.6685999E-02
8.0181000E+02 3.6710002E-02
8.0228998E+02 3.7381001E-02
8.0277002E+02 3.7418000E-02
8.0325000E+02 3.7555002E-02
8.0373999E+02 3.7767000E-02
8.0421997E+02 3.7872002E-02
8.0470001E+02 3.8469002E-02
8.0517999E+02 3.8674001E-02
8.0566998E+02 3.8504001E-02
8.0615002E+02 3.8839001E-02
8.0663000E+02 3.9583001E-02
8.0710999E+02 3.9905000E-02
8.0759003E+02 4.0020000E-02
8.0808002E+02 4.0594999E-02
8.0856000E+02 4.1009001E-02
8.0903998E+02 4.1457001E-02
8.0952002E+02 4.2181998E-02
8.1000000E+02 4.2505998E-02
8.1048999E+02 4.2879999E-02
8.1096997E+02 4.3691002E-02
8.1145001E+02 4.4137999E-02
8.1192999E+02 4.4427000E-02
8.1241998E+02 4.5217000E-02
8.1290002E+02 4.5897000E-02
8.1338000E+02 4.6631001E-02
8.1385999E+02 4.7474999E-02
8.1434003E+02 4.7828000E-02
8.1483002E+02 4.8377998E-02
8.1531000E+02 4.9361002E-02
8.1578998E+02 5.0255001E-02
8.1627002E+02 5.0891001E-02
8.1675000E+02 5.1803999E-02
8.1723999E+02 5.3055000E-02
8.1771997E+02 5.4074001E-02
8.1820001E+02 5.5406999E-02
8.1867999E+02 5.6754999E-02
8.1916998E+02 5.7987999E-02
8.1965002E+02 5.9595000E-02
8.2013000E+02 6.1019000E-02
8.2060999E+02 6.2555999E-02
8.2109003E+02 6.4410999E-02
8.2158002E+02 6.6422999E-02
8.2206000E+02 6.8325996E-02
8.2253998E+02 7.0280999E-02
8.2302002E+02 7.2618000E-02
8.2350000E+02 7.4892998E-02
8.2398999E+02 7.7896997E-02
8.2446997E+02 8.0968000E-02
8.2495001E+02 8.3586000E-02
8.2542999E+02 8.7113000E-02
8.2591998E+02 9.0657003E-02
8.2640002E+02 9.4077997E-02
8.2688000E+02 9.8235004E-02
8.2735999E+02 1.0263000E-01
8.2784003E+02 1.0705000E-01
8.2833002E+02 1.1183000E-01
8.2881000E+02 1.1721000E-01
8.2928998E+02 1.2291000E-01
8.2977002E+02 1.2899999E-01
8.3025000E+02 1.3553999E-01
8.3073999E+02 1.4268000E-01
8.3121997E+02 1.5060000E-01
8.3170001E+02 1.5870000E-01
8.3217999E+02 1.6739000E-01
8.3266998E+02 1.7696001E-01
8.3315002E+02 1.8681000E-01
8.3363000E+02 1.9710000E-01
8.3410999E+02 2.0818000E-01
8.3459003E+02 2.1995001E-01
8.3508002E+02 2.3176999E-01
8.3556000E+02 2.4419001E-01
8.3603998E+02 2.5723001E-01
8.3652002E+02 2.6967999E-01
8.3700000E+02 2.8198999E-01
8.3748999E+02 2.9420999E-01
8.3796997E+02 3.0568999E-01
8.3845001E+02 3.1632999E-01
8.3892999E+02 3.2558000E-01
8.3941998E+02 3.3276999E-01
8.3990002E+02 3.3814001E-01
8.4038000E+02 3.4198001E-01
8.4085999E+02 3.4305000E-01
8.4134003E+02 3.4163001E-01
8.4183002E+02 3.3871999E-01
8.4231000E+02 3.3352000E-01
8.4278998E+02 3.2657999E-01
8.4327002E+02 3.1850001E-01
8.4375000E+02 3.0917001E-01
8.4423999E+02 2.9894999E-01
8.4471997E+02 2.8843999E-01
8.4520001E+02 2.7845001E-01
8.4567999E+02 2.6866001E-01
8.4616998E+02 2.5948000E-01
8.4665002E+02 2.5123000E-01
8.4713000E+02 2.4346000E-01
8.4760999E+02 2.3703000E-01
8.4809003E+02 2.3157001E-01
8.4858002E+02 2.2693001E-01
8.4906000E+02 2.2375999E-01
8.4953998E+02 2.2152001E-01
8.5002002E+02 2.2005001E-01
8.5050000E+02 2.1945000E-01
8.5098999E+02 2.1965000E-01
8.5146997E+02 2.2043000E-01
8.5195001E+02 2.2209001E-01
8.5242999E+02 2.2423001E-01
8.5291998E+02 2.2645000E-01
8.5340002E+02 2.2967000E-01
8.5388000E+02 2.3326001E-01
8.5435999E+02 2.3702000E-01
8.5484003E+02 2.4153000E-01
8.5533002E+02 2.4642000E-01
8.5581000E+02 2.5143999E-01
8.5628998E+02 2.5655001E-01
8.5677002E+02 2.6245001E-01
8.5725000E+02 2.6872000E-01
8.5773999E+02 2.7513999E-01
8.5821997E+02 2.8248999E-01
8.5870001E+02 2.8981000E-01
8.5917999E+02 2.9765999E-01
8.5966998E+02 3.0665001E-01
8.6015002E+02 3.1595001E-01
8.6063000E+02 3.2627001E-01
8.6110999E+02 3.3737999E-01
8.6159003E+02 3.4887001E-01
8.6208002E+02 3.6131001E-01
8.6256000E+02 3.7487000E-01
8.6303998E+02 3.8966000E-01
8.6352002E+02 4.0560001E-01
8.6400000E+02 4.2291000E-01
8.6448999E+02 4.4126001E-01
8.6496997E+02 4.6066999E-01
8.6545001E+02 4.8124999E-01
8.6883002E+02 5.6156999E-01
8.6931000E+02 5.8443999E-01
8.6978998E+02 6.0895997E-01
8.7027002E+02 6.3246000E-01
8.7075000E+02 6.5587002E-01
8.7123999E+02 6.8024999E-01
8.7171997E+02 7.0332998E-01
8.7220001E+02 7.2614002E-01
8.7267999E+02 7.4901003E-01
8.7316998E+02 7.7091998E-01
8.7365002E+02 7.9295999E-01
8.7413000E+02 8.1515002E-01
8.7460999E+02 8.3626002E-01
8.7509003E+02 8.5588002E-01
8.7558002E+02 8.7519002E-01
8.7606000E+02 8.9354002E-01
8.7653998E+02 9.1049999E-01
8.7702002E+02 9.2749000E-01
8.7750000E+02 9.4218999E-01
8.7798999E+02 9.5503998E-01
8.7846997E+02 9.6858001E-01
8.7895001E+02 9.8098999E-01
8.7942999E+02 9.9146003E-01
8.7991998E+02 1.0015000E+00
8.8040002E+02 1.0108000E+00
8.8088000E+02 1.0189000E+00
8.8135999E+02 1.0273000E+00
8.8184003E+02 1.0346000E+00
8.8233002E+02 1.0393000E+00
8.8281000E+02 1.0440000E+00
8.8328998E+02 1.0483000E+00
8.8377002E+02 1.0510000E+00
8.8426001E+02 1.0539000E+00
8.8473999E+02 1.0563999E+00
8.8521997E+02 1.0581000E+00
8.8570001E+02 1.0594000E+00
8.8617999E+02 1.0603000E+00
8.8666998E+02 1.0609000E+00
8.8715002E+02 1.0612000E+00
8.8763000E+02 1.0607001E+00
8.8810999E+02 1.0596000E+00
8.8859003E+02 1.0584000E+00
8.8908002E+02 1.0570000E+00
8.8956000E+02 1.0548000E+00
8.9003998E+02 1.0519000E+00
8.9052002E+02 1.0497000E+00
8.9101001E+02 1.0472000E+00
8.9148999E+02 1.0434999E+00
8.9196997E+02 1.0405000E+00
8.9245001E+02 1.0376000E+00
8.9292999E+02 1.0341001E+00
8.9341998E+02 1.0306000E+00
8.9390002E+02 1.0266000E+00
8.9438000E+02 1.0227000E+00
8.9485999E+02 1.0188000E+00
8.9534003E+02 1.0144000E+00
8.9583002E+02 1.0096000E+00
8.9631000E+02 1.0046999E+00
8.9678998E+02 1.0015000E+00
8.9727002E+02 9.9796999E-01
8.9776001E+02 9.9335998E-01
8.9823999E+02 9.8904002E-01
8.9871997E+02 9.8474997E-01
8.9920001E+02 9.8085999E-01
8.9967999E+02 9.7692001E-01
9.0016998E+02 9.7117001E-01
9.0065002E+02 9.6578997E-01
9.0113000E+02 9.6265000E-01
9.0160999E+02 9.5879000E-01
9.0209003E+02 9.5460999E-01
9.0258002E+02 9.5095998E-01
9.0306000E+02 9.4668001E-01
9.0353998E+02 9.4331998E-01
9.0402002E+02 9.3941998E-01
9.0451001E+02 9.3400002E-01
9.0498999E+02 9.3006003E-01
9.0546997E+02 9.2663002E-01
9.0595001E+02 9.2176002E-01
9.0642999E+02 9.1742003E-01
9.0691998E+02 9.1426003E-01
9.0740002E+02 9.1100001E-01
9.0788000E+02 9.0717000E-01
9.0835999E+02 9.0314001E-01
9.0884003E+02 8.9972001E-01
9.0933002E+02 8.9657998E-01
9.0981000E+02 8.9301002E-01
9.1028998E+02 8.8935000E-01
9.1077002E+02 8.8555998E-01
9.1126001E+02 8.8212001E-01
9.1173999E+02 8.7861001E-01
9.1221997E+02 8.7443000E-01
9.1270001E+02 8.7110001E-01
9.1317999E+02 8.6782998E-01
9.1366998E+02 8.6484998E-01
9.1415002E+02 8.6256999E-01
9.1463000E+02 8.5860997E-01
9.1510999E+02 8.5506999E-01
9.1559003E+02 8.5281003E-01
9.1608002E+02 8.4921002E-01
9.1656000E+02 8.4547001E-01
9.1703998E+02 8.4214997E-01
9.1752002E+02 8.3899999E-01
9.1801001E+02 8.3625001E-01
9.1848999E+02 8.3300000E-01
9.1896997E+02 8.2999003E-01
9.1945001E+02 8.2792997E-01
9.1992999E+02 8.2554001E-01
9.2041998E+02 8.2221001E-01
9.2090002E+02 8.1866997E-01
9.2138000E+02 8.1558001E-01
9.2185999E+02 8.1318998E-01
9.2234003E+02 8.1067002E-01
9.2283002E+02 8.0754000E-01
9.2331000E+02 8.0453002E-01
9.2378998E+02 8.0135000E-01
9.2427002E+02 7.9874003E-01
9.2476001E+02 7.9642999E-01
9.2523999E+02 7.9301000E-01
9.2571997E+02 7.9000998E-01
9.2620001E+02 7.8718001E-01
9.2667999E+02 7.8407001E-01
9.2716998E+02 7.8127998E-01
9.2765002E+02 7.7811998E-01
9.2813000E+02 7.7568001E-01
9.2860999E+02 7.7328002E-01
9.2909003E+02 7.6997000E-01
9.2958002E+02 7.6732999E-01
9.3006000E+02 7.6493001E-01
9.3053998E+02 7.6182997E-01
9.3102002E+02 7.5883001E-01
9.3151001E+02 7.5606000E-01
9.3198999E+02 7.5335997E-01
9.3246997E+02 7.5116998E-01
9.3295001E+02 7.4842000E-01
9.3342999E+02 7.4485999E-01
9.3391998E+02 7.4164999E-01
9.3440002E+02 7.3861998E-01
9.3488000E+02 7.3598999E-01
9.3535999E+02 7.3317999E-01
9.3584003E+02 7.3000997E-01
9.3633002E+02 7.2724003E-01
9.3681000E+02 7.2403997E-01
9.3728998E+02 7.2141999E-01
9.3777002E+02 7.1925002E-01
9.3826001E+02 7.1588999E-01
9.3873999E+02 7.1293002E-01
9.3921997E+02 7.1016997E-01
9.3970001E+02 7.0681000E-01
9.4017999E+02 7.0406002E-01
9.4066998E+02 7.0128000E-01
9.4115002E+02 6.9849002E-01
9.4163000E+02 6.9593000E-01
9.4210999E+02 6.9308001E-01
9.4259003E+02 6.9059998E-01
9.4308002E+02 6.8800998E-01
9.4356000E+02 6.8516999E-01
9.4403998E+02 6.8261999E-01
9.4452002E+02 6.8044001E-01
9.4501001E+02 6.7830998E-01
9.4548999E+02 6.7571998E-01
9.4596997E+02 6.7325002E-01
9.4645001E+02 6.7122000E-01
9.4692999E+02 6.6949999E-01
9.4741998E+02 6.6714001E-01
9.4790002E+02 6.6482002E-01
9.4838000E+02 6.6368997E-01
9.4885999E+02 6.6279000E-01
9.4934003E+02 6.6201001E-01
9.4983002E+02 6.6066998E-01
9.5031000E+02 6.5969002E-01
9.5078998E+02 6.5969002E-01
9.5127002E+02 6.5903997E-01
9.5176001E+02 6.5890002E-01
9.5223999E+02 6.5899998E-01
9.5271997E+02 6.5939999E-01
9.5320001E+02 6.6068000E-01
9.5367999E+02 6.6084999E-01
9.5416998E+02 6.6083002E-01
9.5465002E+02 6.6144001E-01
9.5513000E+02 6.6136003E-01
9.5560999E+02 6.6071999E-01
9.5609003E+02 6.5954000E-01
9.5658002E+02 6.5707999E-01
9.5706000E+02 6.5367001E-01
9.5753998E+02 6.4886999E-01
9.5802002E+02 6.4217001E-01
9.5851001E+02 6.3393998E-01
9.5898999E+02 6.2392998E-01
9.5946997E+02 6.1348999E-01
9.5995001E+02 6.0333002E-01
9.6042999E+02 5.9214997E-01
9.6091998E+02 5.8161002E-01
9.6140002E+02 5.7235003E-01
9.6188000E+02 5.6318003E-01
9.6235999E+02 5.5522001E-01
9.6284003E+02 5.4816997E-01
9.6333002E+02 5.4197001E-01
9.6381000E+02 5.3671998E-01
9.6428998E+02 5.3174001E-01
9.6477002E+02 5.2802998E-01
9.6526001E+02 5.2493000E-01
9.6573999E+02 5.2203000E-01
9.6621997E+02 5.2024001E-01
9.6670001E+02 5.1915002E-01
9.6717999E+02 5.1840001E-01
9.6766998E+02 5.1824999E-01
9.6815002E+02 5.1896000E-01
9.6863000E+02 5.2000999E-01
9.6910999E+02 5.2170998E-01
9.6959003E+02 5.2406001E-01
9.7008002E+02 5.2684999E-01
9.7056000E+02 5.3021997E-01
9.7103998E+02 5.3403002E-01
9.7152002E+02 5.3864002E-01
9.7201001E+02 5.4351002E-01
9.7248999E+02 5.4931998E-01
9.7296997E+02 5.5592000E-01
9.7345001E+02 5.6225997E-01
9.7392999E+02 5.7029003E-01
9.7441998E+02 5.7859999E-01
9.7490002E+02 5.8625001E-01
9.7538000E+02 5.9525001E-01
9.7585999E+02 6.0394001E-01
9.7634003E+02 6.1300999E-01
9.7683002E+02 6.2349999E-01
9.7731000E+02 6.3314003E-01
9.7778998E+02 6.4236999E-01
9.7827002E+02 6.5222001E-01
9.7876001E+02 6.6147000E-01
9.7923999E+02 6.7000997E-01
9.7971997E+02 6.7846000E-01
9.8020001E+02 6.8589997E-01
9.8067999E+02 6.9268000E-01
9.8116998E+02 6.9853997E-01
9.8165002E+02 7.0249999E-01
9.8213000E+02 7.0589000E-01
9.8260999E+02 7.0836997E-01
9.8309003E+02 7.0931000E-01
9.8358002E+02 7.0901000E-01
9.8406000E+02 7.0840001E-01
9.8453998E+02 7.0800000E-01
9.8502002E+02 7.0613998E-01
9.8551001E+02 7.0444000E-01
9.8598999E+02 7.0367002E-01
9.8646997E+02 7.0178998E-01
9.8695001E+02 7.0003003E-01
9.8742999E+02 6.9845998E-01
9.8791998E+02 6.9685000E-01
9.8840002E+02 6.9648999E-01
9.8888000E+02 6.9612002E-01
9.8935999E+02 6.9528002E-01
9.8984003E+02 6.9514000E-01
9.9033002E+02 6.9511002E-01
9.9081000E+02 6.9546998E-01
9.9128998E+02 6.9637001E-01
9.9177002E+02 6.9670999E-01
9.9226001E+02 6.9736999E-01
9.9273999E+02 6.9847000E-01
9.9321997E+02 6.9915003E-01
9.9370001E+02 6.9968998E-01
9.9417999E+02 7.0020998E-01
9.9466998E+02 7.0111001E-01
9.9515002E+02 7.0165002E-01
9.9563000E+02 7.0191997E-01
9.9610999E+02 7.0336002E-01
9.9659003E+02 7.0400000E-01
9.9708002E+02 7.0389998E-01
9.9756000E+02 7.0428997E-01
9.9803998E+02 7.0363998E-01
9.9852002E+02 7.0392001E-01
9.9901001E+02 7.0558000E-01
9.9948999E+02 7.0573997E-01
9.9996997E+02 7.0489001E-01
1.0005000E+03 7.0433003E-01
1.0009000E+03 7.0407999E-01
1.0014000E+03 7.0393997E-01
1.0019000E+03 7.0327997E-01
1.0024000E+03 7.0275003E-01
1.0029000E+03 7.0297003E-01
1.0033000E+03 7.0214999E-01
1.0038000E+03 7.0068997E-01
1.0043000E+03 6.9963998E-01
1.0048000E+03 6.9825000E-01
1.0053000E+03 6.9713002E-01
1.0058000E+03 6.9546998E-01
1.0062000E+03 6.9375002E-01
1.0067000E+03 6.9284999E-01
1.0072000E+03 6.9089001E-01
1.0077000E+03 6.8927997E-01
1.0082000E+03 6.8782997E-01
1.0086000E+03 6.8516999E-01
1.0091000E+03 6.8381000E-01
1.0096000E+03 6.8191999E-01
1.0101000E+03 6.7839998E-01
1.0106000E+03 6.7664999E-01
1.0111000E+03 6.7528999E-01
1.0115000E+03 6.7299002E-01
1.0120000E+03 6.7062002E-01
1.0125000E+03 6.6759998E-01
1.0130000E+03 6.6503000E-01
1.0135000E+03 6.6293001E-01
1.0140000E+03 6.5991998E-01
1.0144000E+03 6.5741998E-01
1.0149000E+03 6.5556997E-01
1.0154000E+03 6.5331000E-01
1.0159000E+03 6.5088999E-01
1.0164000E+03 6.4775002E-01
1.0168000E+03 6.4459997E-01
1.0173000E+03 6.4190000E-01
1.0178000E+03 6.3868999E-01
1.0183000E+03 6.3621998E-01
1.0188000E+03 6.3375002E-01
1.0193000E+03 6.3075000E-01
1.0197000E+03 6.2897003E-01
1.0202000E+03 6.2634999E-01
1.0207000E+03 6.2313998E-01
1.0212000E+03 6.2074000E-01
1.0217000E+03 6.1707997E-01
1.0221000E+03 6.1374998E-01
1.0226000E+03 6.1132997E-01
1.0231000E+03 6.0878998E-01
1.0236000E+03 6.0724998E-01
1.0241000E+03 6.0434997E-01
1.0246000E+03 5.9970999E-01
1.0250000E+03 5.9640002E-01
1.0255000E+03 5.9486002E-01
1.0260000E+03 5.9346998E-01
1.0265000E+03 5.8999002E-01
1.0270000E+03 5.8621001E-01
1.0275000E+03 5.8411002E-01
1.0279000E+03 5.8092999E-01
1.0284000E+03 5.7722002E-01
1.0289000E+03 5.7498997E-01
1.0294000E+03 5.7244003E-01
1.0299000E+03 5.6985003E-01
1.0303000E+03 5.6677997E-01
1.0308000E+03 5.6282002E-01
1.0313000E+03 5.6111002E-01
1.0318000E+03 5.5896997E-01
1.0323000E+03 5.5456001E-01
1.0328000E+03 5.5144000E-01
1.0332000E+03 5.4878998E-01
1.0337000E+03 5.4619002E-01
1.0342000E+03 5.4385000E-01
1.0347000E+03 5.4044002E-01
1.0352000E+03 5.3744000E-01
1.0356000E+03 5.3514999E-01
1.0361000E+03 5.3249002E-01
1.0366000E+03 5.2921999E-01
1.0371000E+03 5.2548999E-01
1.0376000E+03 5.2275002E-01
1.0381000E+03 5.2087998E-01
1.0385000E+03 5.1765001E-01
1.0390000E+03 5.1432002E-01
1.0395000E+03 5.1204002E-01
1.0400000E+03 5.0939000E-01
1.0405000E+03 5.0660002E-01
1.0410000E+03 5.0291997E-01
1.0414000E+03 4.9939001E-01
1.0419000E+03 4.9754000E-01
1.0424000E+03 4.9447000E-01
1.0429000E+03 4.9105999E-01
1.0434000E+03 4.8885000E-01
1.0438000E+03 4.8576000E-01
1.0443000E+03 4.8313999E-01
1.0448000E+03 4.8063001E-01
1.0453000E+03 4.7678000E-01
1.0458000E+03 4.7400999E-01
1.0463000E+03 4.7176000E-01
1.0467000E+03 4.6864000E-01
1.0472000E+03 4.6571001E-01
1.0477000E+03 4.6261001E-01
1.0482000E+03 4.5987001E-01
1.0487000E+03 4.5743001E-01
1.0491000E+03 4.5431000E-01
1.0496000E+03 4.5190001E-01
1.0501000E+03 4.4979000E-01
1.0506000E+03 4.4727999E-01
1.0511000E+03 4.4485000E-01
1.0516000E+03 4.4157001E-01
1.0520000E+03 4.3908000E-01
1.0525000E+03 4.3682000E-01
1.0760000E+03 3.0000001E-01
1.1120000E+03 1.8700001E-01
1.1644000E+03 8.0433004E-02
1.1649000E+03 7.9600997E-02
1.1653000E+03 7.8758001E-02
1.1658000E+03 7.8212999E-02
1.1663000E+03 7.7343002E-02
1.1668000E+03 7.6347999E-02
1.1673000E+03 7.5652003E-02
1.1678000E+03 7.4836999E-02
1.1682000E+03 7.4184999E-02
1.1687000E+03 7.3651999E-02
1.1692000E+03 7.2747000E-02
1.1697000E+03 7.2079003E-02
1.1702000E+03 7.1534000E-02
1.1706000E+03 7.0639998E-02
1.1711000E+03 6.9932997E-02
1.1716000E+03 6.9280997E-02
1.1721000E+03 6.8628997E-02
1.1726000E+03 6.8152003E-02
1.1731000E+03 6.7371003E-02
1.1735000E+03 6.6466004E-02
1.1740000E+03 6.5848000E-02
1.1745000E+03 6.5292001E-02
1.1750000E+03 6.4521998E-02
1.1755000E+03 6.3775003E-02
1.1760000E+03 6.3376002E-02
1.1764000E+03 6.2864996E-02
1.1769000E+03 6.2061999E-02
1.1774000E+03 6.1482999E-02
1.1779000E+03 6.0933001E-02
1.1784000E+03 6.0208000E-02
1.1788000E+03 5.9601001E-02
1.1793000E+03 5.8966000E-02
1.1798000E+03 5.8398999E-02
1.1803000E+03 5.8028001E-02
1.1808000E+03 5.7218999E-02
1.1813000E+03 5.6449000E-02
1.1817000E+03 5.6185000E-02
1.1822000E+03 5.5638000E-02
1.1827000E+03 5.5043001E-02
1.1832000E+03 5.4522999E-02
1.1837000E+03 5.3846002E-02
1.1841000E+03 5.3458001E-02
1.1846000E+03 5.2967999E-02
1.1851000E+03 5.2189000E-02
1.1856000E+03 5.1646002E-02
1.1861000E+03 5.1268999E-02
1.1866000E+03 5.0903000E-02
1.1870000E+03 5.0324999E-02
1.1875000E+03 4.9660001E-02
1.1880000E+03 4.9315002E-02
1.1885000E+03 4.8760001E-02
1.1890000E+03 4.8103999E-02
1.1895000E+03 4.7642998E-02
1.1899000E+03 4.6952002E-02
1.1904000E+03 4.6562999E-02
1.1909000E+03 4.6179000E-02
1.1914000E+03 4.5398999E-02
1.1919000E+03 4.5130000E-02
1.1923000E+03 4.4808000E-02
1.1928000E+03 4.4008002E-02
1.1933000E+03 4.3577999E-02
1.1938000E+03 4.3172002E-02
1.1943000E+03 4.2637002E-02
1.1948000E+03 4.2406999E-02
1.1952000E+03 4.1988999E-02
1.1957000E+03 4.1359000E-02
1.1962000E+03 4.0902998E-02
1.1967000E+03 4.0562000E-02
1.1972000E+03 4.0167999E-02
1.1976000E+03 3.9625000E-02
1.1981000E+03 3.9354000E-02
1.1986000E+03 3.9117001E-02
1.1991000E+03 3.8458999E-02
1.1996000E+03 3.8001999E-02
1.2001000E+03 3.7634999E-02
1.2005000E+03 3.7207998E-02
1.2010000E+03 3.7128001E-02
1.2015000E+03 3.6680002E-02
1.2020000E+03 3.6044002E-02
1.2025000E+03 3.5928000E-02
1.2030000E+03 3.5549998E-02
1.2034000E+03 3.5053000E-02
1.2039000E+03 3.4802001E-02
1.2044000E+03 3.4311999E-02
1.2049000E+03 3.3959001E-02
1.2054000E+03 3.3753999E-02
1.2058000E+03 3.3312000E-02
1.2063000E+03 3.3034999E-02
1.2068000E+03 3.2954000E-02
1.2073000E+03 3.2632999E-02
1.2078000E+03 3.2187000E-02
1.2083000E+03 3.1943001E-02
1.2087000E+03 3.1812001E-02
1.2092000E+03 3.1459998E-02
1.2097000E+03 3.1090001E-02
1.2102000E+03 3.0957000E-02
1.2107000E+03 3.0629000E-02
1.2111000E+03 3.0296000E-02
1.2116000E+03 3.0098001E-02
1.2121000E+03 2.9701000E-02
1.2126000E+03 2.9548001E-02
1.2131000E+03 2.9353000E-02
1.2136000E+03 2.8894000E-02
1.2140000E+03 2.8821001E-02
1.2145000E+03 2.8615000E-02
1.2150000E+03 2.8161000E-02
1.2155000E+03 2.8108999E-02
1.2160000E+03 2.7891999E-02
1.2165000E+03 2.7453000E-02
1.2169000E+03 2.7355000E-02
1.2174000E+03 2.7251000E-02
1.2179000E+03 2.7070999E-02
1.2184000E+03 2.6853999E-02
1.2189000E+03 2.6562000E-02
1.2193000E+03 2.6329000E-02
1.2198000E+03 2.5942000E-02
1.2203000E+03 2.5721001E-02
1.2208000E+03 2.5691999E-02
1.2213000E+03 2.5482999E-02
1.2218000E+03 2.5308000E-02
1.2222000E+03 2.4938000E-02
1.2227000E+03 2.4634000E-02
1.2232000E+03 2.4768000E-02
1.2237000E+03 2.4428001E-02
1.2242000E+03 2.3956999E-02
1.2246000E+03 2.4101000E-02
1.2251000E+03 2.4027999E-02
1.2256000E+03 2.3778001E-02
1.2261000E+03 2.3559000E-02
1.2266000E+03 2.3043999E-02
1.2271000E+03 2.2860000E-02
1.2275000E+03 2.2853000E-02
1.2280000E+03 2.2500999E-02
1.2285000E+03 2.2301000E-02
1.2290000E+03 2.2256000E-02
1.2295000E+03 2.2116000E-02
1.2300000E+03 2.1930000E-02
1.2304000E+03 2.1708000E-02
1.2309000E+03 2.1467000E-02
1.2314000E+03 2.1213001E-02
1.2319000E+03 2.1202000E-02
1.2324000E+03 2.1144999E-02
1.2328000E+03 2.0760000E-02
1.2333000E+03 2.0707000E-02
1.2338000E+03 2.0653000E-02
1.2343000E+03 2.0114999E-02
1.2348000E+03 2.0018000E-02
1.2353000E+03 2.0111000E-02
1.2357000E+03 1.9772001E-02
1.2362000E+03 1.9733001E-02
1.2367000E+03 1.9608000E-02
1.2372000E+03 1.9260000E-02
1.2377000E+03 1.9370999E-02
1.2381000E+03 1.9203000E-02
1.2386000E+03 1.8862000E-02
1.2391000E+03 1.8903000E-02
1.2396000E+03 1.8774001E-02
1.2401000E+03 1.8563000E-02
1.2406000E+03 1.8456001E-02
1.2410000E+03 1.8362001E-02
1.2415000E+03 1.8293999E-02
1.2420000E+03 1.8100999E-02
1.2425000E+03 1.8010000E-02
1.2430000E+03 1.7852999E-02
1.2435000E+03 1.7566999E-02
1.2439000E+03 1.7748000E-02
1.2444000E+03 1.7666001E-02
1.2449000E+03 1.7250000E-02
1.2454000E+03 1.7299000E-02
1.2459000E+03 1.7000999E-02
1.2463000E+03 1.6734000E-02
1.2468000E+03 1.6944000E-02
1.2473000E+03 1.6573001E-02
1.2478000E+03 1.6322000E-02
1.2483000E+03 1.6424000E-02
1.2488000E+03 1.6075000E-02
1.2492000E+03 1.5949000E-02
1.2497000E+03 1.5923999E-02
1.2502000E+03 1.5525000E-02
1.2507000E+03 1.5384000E-02
1.2512000E+03 1.5440000E-02
1.2516000E+03 1.5348000E-02
1.2521000E+03 1.5184000E-02
1.2526000E+03 1.5037000E-02
1.2531000E+03 1.4885000E-02
1.2536000E+03 1.4602000E-02
1.2541000E+03 1.4535000E-02
1.2545000E+03 1.4527000E-02
1.2550000E+03 1.4103000E-02
1.2555000E+03 1.4070000E-02
1.2560000E+03 1.4248000E-02
1.2565000E+03 1.3840000E-02
1.2570000E+03 1.3771000E-02
1.2574000E+03 1.3875000E-02
1.2579000E+03 1.3474000E-02
1.2584000E+03 1.3511000E-02
1.2589000E+03 1.3592000E-02
1.2594000E+03 1.3226000E-02
1.2598000E+03 1.3470000E-02
1.2603000E+03 1.3721000E-02
1.2608000E+03 1.3445000E-02
1.2613000E+03 1.3387000E-02
1.2618000E+03 1.3339000E-02
1.2623000E+03 1.3267000E-02
1.2627000E+03 1.3316000E-02
1.2632000E+03 1.3364000E-02
1.2637000E+03 1.3383000E-02
