1.7213000E+02 6.2685000E-04
1.7261000E+02 2.0911000E-03
1.7309000E+02 6.2048002E-03
1.7357001E+02 6.3588000E-03
1.7405000E+02 2.7777001E-03
1.7453999E+02 2.0184000E-03
1.7502000E+02 1.7932000E-03
1.7550000E+02 3.0475000E-03
1.7598000E+02 5.6532999E-03
1.7647000E+02 3.5172999E-03
1.7695000E+02 2.7121999E-03
1.7742999E+02 5.5753998E-03
1.7791000E+02 4.2341999E-03
1.7839000E+02 2.4287000E-03
1.7888000E+02 3.5949000E-03
1.7936000E+02 2.4904001E-03
1.7984000E+02 8.8764000E-04
1.8032001E+02 8.4793998E-04
1.8080000E+02 2.3884999E-03
1.8128999E+02 4.1553001E-03
1.8177000E+02 1.7821999E-03
1.8273000E+02 3.1957999E-04
1.8322000E+02 1.5021000E-03
1.8370000E+02 2.1996000E-03
1.8417999E+02 2.3765999E-03
1.8466000E+02 1.7263000E-03
1.8514000E+02 1.2736000E-03
1.8563000E+02 9.5406000E-04
1.8611000E+02 1.0812000E-03
1.8659000E+02 2.1599000E-03
1.8707001E+02 1.9061000E-03
1.8755000E+02 2.6984001E-03
1.8803999E+02 5.2028000E-03
1.8852000E+02 4.3015000E-03
1.8900000E+02 2.5919001E-03
1.8948000E+02 2.5746000E-03
1.8997000E+02 1.4457999E-03
1.9045000E+02 1.1370000E-03
1.9092999E+02 2.2559001E-03
1.9141000E+02 2.8756000E-03
1.9189000E+02 3.7324999E-03
1.9238000E+02 4.1319001E-03
1.9286000E+02 4.5552999E-03
1.9334000E+02 4.9232999E-03
1.9382001E+02 5.0909002E-03
1.9430000E+02 6.0264999E-03
1.9478999E+02 4.6589999E-03
1.9527000E+02 3.2637001E-03
1.9575000E+02 4.6493001E-03
1.9623000E+02 5.0336001E-03
1.9672000E+02 4.6770000E-03
1.9720000E+02 5.4274001E-03
1.9767999E+02 6.0655000E-03
1.9816000E+02 5.4712999E-03
1.9864000E+02 5.2270000E-03
1.9913000E+02 5.7302001E-03
1.9961000E+02 5.5336002E-03
2.0009000E+02 4.9477001E-03
2.0057001E+02 3.9643999E-03
2.0105000E+02 4.2174999E-03
2.0153999E+02 4.3878001E-03
2.0202000E+02 1.0179000E-02
2.0250000E+02 2.1736000E-02
2.0298000E+02 1.6431000E-02
2.0347000E+02 4.2662998E-03
2.0395000E+02 2.1426000E-03
2.0442999E+02 1.9801999E-03
2.0491000E+02 2.4234999E-03
2.0539000E+02 3.4163999E-03
2.0588000E+02 3.5993999E-03
2.0636000E+02 4.0695001E-03
2.0684000E+02 4.8968000E-03
2.0732001E+02 4.3392000E-03
2.0780000E+02 5.9873001E-03
2.0828999E+02 9.8521002E-03
2.0877000E+02 6.8303002E-03
2.0925000E+02 2.9412999E-03
2.0973000E+02 3.7398001E-03
2.1022000E+02 4.4840998E-03
2.1070000E+02 4.9426998E-03
2.1117999E+02 5.3329999E-03
2.1166000E+02 5.1401998E-03
2.1214000E+02 6.1229998E-03
2.1263000E+02 6.7067002E-03
2.1311000E+02 5.7458999E-03
2.1359000E+02 6.4182002E-03
2.1407001E+02 7.5035999E-03
2.1455000E+02 7.6345000E-03
2.1503999E+02 6.9630002E-03
2.1552000E+02 5.2915001E-03
2.1600000E+02 4.6573998E-03
2.1648000E+02 5.2927998E-03
2.1697000E+02 5.8522001E-03
2.1745000E+02 5.8510001E-03
2.1792999E+02 6.1035999E-03
2.1841000E+02 6.5108999E-03
2.1889000E+02 6.7751999E-03
2.1938000E+02 6.6411998E-03
2.1986000E+02 6.5394002E-03
2.2034000E+02 6.9647999E-03
2.2082001E+02 8.1200004E-03
2.2130000E+02 1.1280000E-02
2.2178999E+02 1.2090000E-02
2.2227000E+02 8.8411998E-03
2.2275000E+02 7.4927001E-03
2.2323000E+02 9.3508996E-03
2.2372000E+02 1.0520000E-02
2.2420000E+02 8.5503003E-03
2.2467999E+02 7.4558002E-03
2.2516000E+02 8.5442001E-03
2.2564000E+02 1.0507000E-02
2.2613000E+02 1.3248000E-02
2.2661000E+02 1.2045000E-02
2.2709000E+02 1.1344000E-02
2.2757001E+02 1.5455000E-02
2.2805000E+02 1.4307000E-02
2.2853999E+02 9.5448000E-03
2.2902000E+02 9.1370000E-03
2.2950000E+02 9.9144997E-03
2.2998000E+02 1.0196000E-02
2.3047000E+02 1.1432000E-02
2.3095000E+02 1.2270000E-02
2.3142999E+02 1.1937000E-02
2.3191000E+02 1.1988000E-02
2.3239000E+02 1.1882000E-02
2.3288000E+02 1.2039000E-02
2.3336000E+02 1.2965000E-02
2.3384000E+02 1.2755000E-02
2.3432001E+02 1.2209000E-02
2.3480000E+02 1.2151000E-02
2.3528999E+02 1.2559000E-02
2.3577000E+02 1.2872000E-02
2.3625000E+02 1.2897000E-02
2.3673000E+02 1.3439000E-02
2.3722000E+02 1.3796000E-02
2.3770000E+02 1.3805000E-02
2.3817999E+02 1.3896000E-02
2.3866000E+02 1.4104000E-02
2.3914000E+02 1.4250000E-02
2.3963000E+02 1.4337000E-02
2.4011000E+02 1.4493000E-02
2.4059000E+02 1.4929000E-02
2.4107001E+02 1.5611000E-02
2.4155000E+02 1.6142000E-02
2.4203999E+02 1.6268000E-02
2.4252000E+02 1.6533000E-02
2.4300000E+02 1.7030001E-02
2.4348000E+02 1.7867999E-02
2.4397000E+02 1.9793000E-02
2.4445000E+02 2.0378999E-02
2.4492999E+02 2.1447999E-02
2.4541000E+02 2.3451000E-02
2.4589000E+02 2.1809001E-02
2.4638000E+02 2.0222001E-02
2.4686000E+02 2.0485001E-02
2.4734000E+02 2.2999000E-02
2.4782001E+02 2.6184000E-02
2.4830000E+02 2.4452999E-02
2.4878999E+02 2.2941999E-02
2.4927000E+02 2.3739999E-02
2.4975000E+02 2.3677001E-02
2.5023000E+02 2.3794999E-02
2.5072000E+02 2.4134001E-02
2.5120000E+02 2.4762001E-02
2.5167999E+02 2.5039000E-02
2.5216000E+02 2.6325000E-02
2.5264000E+02 2.7628999E-02
2.5313000E+02 3.0228000E-02
2.5361000E+02 3.8237002E-02
2.5409000E+02 3.8141001E-02
2.5457001E+02 2.9928001E-02
2.5506000E+02 2.9134000E-02
2.5553999E+02 3.1048000E-02
2.5601999E+02 3.1854998E-02
2.5650000E+02 3.2628998E-02
2.5698001E+02 3.3077002E-02
2.5747000E+02 3.3767998E-02
2.5795001E+02 3.4185000E-02
2.5842999E+02 3.5280999E-02
2.5891000E+02 3.6524002E-02
2.5939001E+02 3.7434001E-02
2.5988000E+02 3.8536999E-02
2.6035999E+02 3.9659999E-02
2.6084000E+02 4.0647998E-02
2.6132001E+02 4.1930001E-02
2.6181000E+02 4.3118000E-02
2.6229001E+02 4.3892000E-02
2.6276999E+02 4.5198001E-02
2.6325000E+02 4.6975002E-02
2.6373001E+02 4.8647001E-02
2.6422000E+02 5.0168999E-02
2.6470001E+02 5.2060999E-02
2.6517999E+02 5.3863999E-02
2.6566000E+02 5.6118999E-02
2.6614001E+02 5.8488000E-02
2.6663000E+02 5.9138998E-02
2.6710999E+02 6.0106002E-02
2.6759000E+02 6.1944999E-02
2.6807001E+02 6.3441999E-02
2.6856000E+02 6.5393999E-02
2.6904001E+02 6.7509003E-02
2.6951999E+02 6.9320999E-02
2.7000000E+02 7.1163997E-02
2.7048001E+02 7.2944999E-02
2.7097000E+02 7.5375997E-02
2.7145001E+02 7.8400001E-02
2.7192999E+02 8.0417998E-02
2.7241000E+02 8.1557997E-02
2.7289001E+02 8.2999997E-02
2.7338000E+02 8.4673002E-02
2.7385999E+02 8.6000003E-02
2.7434000E+02 8.7532997E-02
2.7482001E+02 8.9552000E-02
2.7531000E+02 9.2290998E-02
2.7579001E+02 9.5175996E-02
2.7626999E+02 9.6805997E-02
2.7675000E+02 9.8169997E-02
2.7723001E+02 1.0001000E-01
2.7772000E+02 1.0505000E-01
2.7820001E+02 1.1163000E-01
2.7867999E+02 1.1168000E-01
2.7916000E+02 1.1027000E-01
2.7964001E+02 1.1415000E-01
2.8013000E+02 1.1951000E-01
2.8060999E+02 1.2245000E-01
2.8109000E+02 1.2413000E-01
2.8157001E+02 1.2944999E-01
2.8206000E+02 1.3618000E-01
2.8254001E+02 1.3835999E-01
2.8301999E+02 1.4041001E-01
2.8350000E+02 1.4535999E-01
2.8398001E+02 1.5017000E-01
2.8447000E+02 1.5481000E-01
2.8495001E+02 1.6022000E-01
2.8542999E+02 1.6586000E-01
2.8591000E+02 1.7082000E-01
2.8639001E+02 1.7572001E-01
2.8688000E+02 1.8125001E-01
2.8735999E+02 1.8644001E-01
2.8784000E+02 1.9176000E-01
2.8832001E+02 1.9687000E-01
2.8881000E+02 2.0242999E-01
2.8929001E+02 2.0874999E-01
2.8976999E+02 2.1176000E-01
2.9025000E+02 2.1374001E-01
2.9073001E+02 2.1720999E-01
2.9122000E+02 2.1953000E-01
2.9170001E+02 2.2192000E-01
2.9217999E+02 2.2405000E-01
2.9266000E+02 2.2537000E-01
2.9314001E+02 2.2675000E-01
2.9363000E+02 2.2713000E-01
2.9410999E+02 2.2665000E-01
2.9459000E+02 2.2552000E-01
2.9507001E+02 2.2408000E-01
2.9556000E+02 2.2240999E-01
2.9604001E+02 2.2030000E-01
2.9651999E+02 2.1853000E-01
2.9700000E+02 2.1650000E-01
2.9748001E+02 2.1351001E-01
2.9797000E+02 2.1107000E-01
2.9845001E+02 2.0856000E-01
2.9892999E+02 2.0474000E-01
2.9941000E+02 2.0062000E-01
2.9989001E+02 1.9637001E-01
3.0038000E+02 1.9253001E-01
3.0085999E+02 1.8890999E-01
3.0134000E+02 1.8624000E-01
3.0182001E+02 1.8238001E-01
3.0231000E+02 1.7808001E-01
3.0279001E+02 1.7648999E-01
3.0326999E+02 1.6926000E-01
3.0375000E+02 1.5900999E-01
3.0423001E+02 1.5419000E-01
3.0472000E+02 1.5002000E-01
3.0520001E+02 1.4452000E-01
3.0567999E+02 1.3958000E-01
3.0616000E+02 1.3465001E-01
3.0664001E+02 1.2983000E-01
3.0713000E+02 1.2532000E-01
3.0760999E+02 1.2076000E-01
3.0809000E+02 1.1672000E-01
3.0857001E+02 1.1316000E-01
3.0906000E+02 1.0991000E-01
3.0954001E+02 1.0656000E-01
3.1001999E+02 1.0297000E-01
3.1050000E+02 9.9932998E-02
3.1098001E+02 9.7442001E-02
3.1147000E+02 9.5030002E-02
3.1195001E+02 9.2823997E-02
3.1242999E+02 9.0800002E-02
3.1291000E+02 8.8744998E-02
3.1339001E+02 8.7200001E-02
3.1388000E+02 8.5770003E-02
3.1435999E+02 8.4982000E-02
3.1484000E+02 8.4273003E-02
3.1532001E+02 8.1606001E-02
3.1581000E+02 7.9085000E-02
3.1629001E+02 7.7655002E-02
3.1676999E+02 7.6048002E-02
3.1725000E+02 7.4520998E-02
3.1773001E+02 7.3041998E-02
3.1822000E+02 7.1382001E-02
3.1870001E+02 6.9867000E-02
3.1917999E+02 6.8205997E-02
3.1966000E+02 6.6647999E-02
3.2014001E+02 6.5490998E-02
3.2063000E+02 6.4278997E-02
3.2110999E+02 6.3206002E-02
3.2159000E+02 6.1958000E-02
3.2207001E+02 6.1273001E-02
3.2256000E+02 6.1175998E-02
3.2304001E+02 6.1781999E-02
3.2351999E+02 6.3914999E-02
3.2400000E+02 6.2914997E-02
3.2448001E+02 5.9200998E-02
3.2497000E+02 5.8483999E-02
3.2545001E+02 5.8936998E-02
3.2592999E+02 5.9110999E-02
3.2641000E+02 5.9604000E-02
3.2689001E+02 6.1321001E-02
3.2738000E+02 6.4594001E-02
3.2785999E+02 6.4497001E-02
3.2834000E+02 6.1964002E-02
3.2882001E+02 6.1461002E-02
3.2931000E+02 6.2103000E-02
3.2979001E+02 6.3133001E-02
3.3026999E+02 6.4291000E-02
3.3075000E+02 6.5461002E-02
3.3123001E+02 6.6690996E-02
3.3172000E+02 6.7800000E-02
3.3220001E+02 6.9145001E-02
3.3267999E+02 7.0958003E-02
3.3316000E+02 7.2696999E-02
3.3364001E+02 7.4387997E-02
3.3413000E+02 7.6357998E-02
3.3460999E+02 7.9267003E-02
3.3509000E+02 8.2235999E-02
3.3557001E+02 8.3163999E-02
3.3606000E+02 8.4279001E-02
3.3654001E+02 8.6751997E-02
3.3701999E+02 8.9364000E-02
3.3750000E+02 9.2096999E-02
3.3798001E+02 9.4714999E-02
3.3847000E+02 9.7508997E-02
3.3895001E+02 1.0044000E-01
3.3942999E+02 1.0359000E-01
3.3991000E+02 1.0757000E-01
3.4039001E+02 1.1170000E-01
3.4088000E+02 1.1461000E-01
3.4135999E+02 1.1735000E-01
3.4184000E+02 1.2059000E-01
3.4232001E+02 1.2399000E-01
3.4281000E+02 1.2831999E-01
3.4329001E+02 1.3253000E-01
3.4376999E+02 1.3609999E-01
3.4425000E+02 1.4001000E-01
3.4473001E+02 1.4413001E-01
3.4522000E+02 1.4811000E-01
3.4570001E+02 1.5205000E-01
3.4617999E+02 1.5593000E-01
3.4666000E+02 1.6001999E-01
3.4714001E+02 1.6439000E-01
3.4763000E+02 1.6862001E-01
3.4810999E+02 1.7335001E-01
3.4859000E+02 1.7798001E-01
3.4907001E+02 1.8285000E-01
3.4956000E+02 1.8819000E-01
3.5004001E+02 1.9160999E-01
3.5051999E+02 1.9436000E-01
3.5100000E+02 1.9949999E-01
3.5148001E+02 2.0619000E-01
3.5197000E+02 2.1064000E-01
3.5245001E+02 2.1256000E-01
3.5292999E+02 2.1568000E-01
3.5341000E+02 2.2044000E-01
3.5389001E+02 2.2606000E-01
3.5438000E+02 2.3075999E-01
3.5485999E+02 2.3241000E-01
3.5534000E+02 2.3404001E-01
3.5582001E+02 2.3714000E-01
3.5631000E+02 2.4023999E-01
3.5679001E+02 2.4364001E-01
3.5726999E+02 2.4598999E-01
3.5775000E+02 2.4692000E-01
3.5823001E+02 2.4879000E-01
3.5872000E+02 2.5031000E-01
3.5920001E+02 2.5051999E-01
3.5967999E+02 2.5182000E-01
3.6016000E+02 2.5307000E-01
3.6064001E+02 2.5286999E-01
3.6113000E+02 2.5264999E-01
3.6160999E+02 2.5255001E-01
3.6209000E+02 2.5228000E-01
3.6257001E+02 2.5182000E-01
3.6306000E+02 2.5103000E-01
3.6354001E+02 2.5009000E-01
3.6401999E+02 2.4890999E-01
3.6450000E+02 2.4731000E-01
3.6498001E+02 2.4529999E-01
3.6547000E+02 2.4313000E-01
3.6595001E+02 2.4122000E-01
3.6642999E+02 2.3942000E-01
3.6691000E+02 2.3716000E-01
3.6739001E+02 2.3508000E-01
3.6788000E+02 2.3322999E-01
3.6835999E+02 2.3108999E-01
3.6884000E+02 2.2917999E-01
3.6932001E+02 2.2801000E-01
3.6981000E+02 2.2706001E-01
3.7029001E+02 2.2553000E-01
3.7076999E+02 2.2421999E-01
3.7125000E+02 2.2394000E-01
3.7173001E+02 2.2425000E-01
3.7222000E+02 2.2488999E-01
3.7270001E+02 2.2574000E-01
3.7317999E+02 2.2652000E-01
3.7366000E+02 2.2875001E-01
3.7414001E+02 2.3212001E-01
3.7463000E+02 2.3382001E-01
3.7510999E+02 2.3502000E-01
3.7559000E+02 2.3771000E-01
3.7607001E+02 2.4038000E-01
3.7656000E+02 2.4110000E-01
3.7704001E+02 2.4146000E-01
3.7751999E+02 2.4278000E-01
3.7800000E+02 2.4371000E-01
3.7848001E+02 2.4393000E-01
3.7897000E+02 2.4295001E-01
3.7945001E+02 2.4130000E-01
3.7992999E+02 2.3955999E-01
3.8041000E+02 2.3675001E-01
3.8089001E+02 2.3350000E-01
3.8138000E+02 2.3002000E-01
3.8185999E+02 2.2572000E-01
3.8234000E+02 2.2131000E-01
3.8282001E+02 2.1788000E-01
3.8331000E+02 2.1494000E-01
3.8379001E+02 2.1142000E-01
3.8426999E+02 2.0859000E-01
3.8475000E+02 2.0740999E-01
3.8523001E+02 2.0581999E-01
3.8572000E+02 2.0433000E-01
3.8620001E+02 2.0475000E-01
3.8667999E+02 2.0653000E-01
3.8716000E+02 2.0908000E-01
3.8764999E+02 2.1208000E-01
3.8813000E+02 2.1585000E-01
3.8860999E+02 2.2085001E-01
3.8909000E+02 2.2618000E-01
3.8957001E+02 2.3221000E-01
3.9006000E+02 2.3988000E-01
3.9054001E+02 2.4764000E-01
3.9101999E+02 2.5525001E-01
3.9150000E+02 2.6378000E-01
3.9198001E+02 2.7282000E-01
3.9247000E+02 2.8187999E-01
3.9295001E+02 2.9034999E-01
3.9342999E+02 2.9848000E-01
3.9391000E+02 3.0733001E-01
3.9439999E+02 3.1632999E-01
3.9488000E+02 3.2394001E-01
3.9535999E+02 3.3140001E-01
3.9584000E+02 3.3965001E-01
3.9632001E+02 3.4670001E-01
3.9681000E+02 3.5286999E-01
3.9729001E+02 3.5924000E-01
3.9776999E+02 3.6408001E-01
3.9825000E+02 3.6838001E-01
3.9873001E+02 3.7358999E-01
3.9922000E+02 3.7777999E-01
3.9970001E+02 3.8190001E-01
4.0017999E+02 3.8679001E-01
4.0066000E+02 3.9048001E-01
4.0114999E+02 3.9348000E-01
4.0163000E+02 3.9787999E-01
4.0210999E+02 4.0263000E-01
4.0259000E+02 4.0719000E-01
4.0307001E+02 4.1273001E-01
4.0356000E+02 4.1729999E-01
4.0404001E+02 4.2188001E-01
4.0451999E+02 4.2792001E-01
4.0500000E+02 4.3349999E-01
4.0548001E+02 4.3939000E-01
4.0597000E+02 4.4610000E-01
4.0645001E+02 4.5295000E-01
4.0692999E+02 4.6039999E-01
4.0741000E+02 4.6790001E-01
4.0789999E+02 4.7514999E-01
4.0838000E+02 4.8353001E-01
4.0885999E+02 4.9215999E-01
4.0934000E+02 5.0050998E-01
4.0982001E+02 5.0999999E-01
4.1031000E+02 5.2015001E-01
4.1079001E+02 5.2956003E-01
4.1126999E+02 5.3781998E-01
4.1175000E+02 5.4566997E-01
4.1223001E+02 5.5340999E-01
4.1272000E+02 5.6150001E-01
4.1320001E+02 5.6888998E-01
4.1367999E+02 5.7437998E-01
4.1416000E+02 5.7911998E-01
4.1464999E+02 5.8358002E-01
4.1513000E+02 5.8603001E-01
4.1560999E+02 5.8661002E-01
4.1609000E+02 5.8835000E-01
4.1657001E+02 5.9029001E-01
4.1706000E+02 5.9132999E-01
4.1754001E+02 5.9157997E-01
4.1801999E+02 5.9095001E-01
4.1850000E+02 5.8971000E-01
4.1898001E+02 5.8714998E-01
4.1947000E+02 5.8548999E-01
4.1995001E+02 5.8412999E-01
4.2042999E+02 5.8133000E-01
4.2091000E+02 5.7876003E-01
4.2139999E+02 5.7589000E-01
4.2188000E+02 5.7163000E-01
4.2235999E+02 5.6803000E-01
4.2284000E+02 5.6522000E-01
4.2332001E+02 5.6039000E-01
4.2381000E+02 5.5482000E-01
4.2429001E+02 5.5119997E-01
4.2476999E+02 5.4850000E-01
4.2525000E+02 5.4395002E-01
4.2573001E+02 5.3856999E-01
4.2622000E+02 5.3367001E-01
4.2670001E+02 5.2815002E-01
4.2717999E+02 5.2234000E-01
4.2766000E+02 5.1621002E-01
4.2814999E+02 5.1041001E-01
4.2863000E+02 5.0563002E-01
4.2910999E+02 5.0105000E-01
4.2959000E+02 4.9579999E-01
4.3007001E+02 4.9024999E-01
4.3056000E+02 4.8445001E-01
4.3104001E+02 4.7773001E-01
4.3151999E+02 4.7158000E-01
4.3200000E+02 4.6691999E-01
4.3248001E+02 4.6201000E-01
4.3297000E+02 4.5622000E-01
4.3345001E+02 4.5085001E-01
4.3392999E+02 4.4562000E-01
4.3441000E+02 4.4009000E-01
4.3489999E+02 4.3529001E-01
4.3538000E+02 4.3057001E-01
4.3585999E+02 4.2498001E-01
4.3634000E+02 4.1916999E-01
4.3682001E+02 4.1292000E-01
4.3731000E+02 4.0667999E-01
4.3779001E+02 4.0193999E-01
4.3826999E+02 3.9752999E-01
4.3875000E+02 3.9258000E-01
4.3923001E+02 3.8744000E-01
4.3972000E+02 3.8264000E-01
4.4020001E+02 3.7792000E-01
4.4067999E+02 3.7237999E-01
4.4116000E+02 3.6787999E-01
4.4164999E+02 3.6432001E-01
4.4213000E+02 3.5951999E-01
4.4260999E+02 3.5482001E-01
4.4309000E+02 3.5187000E-01
4.4357001E+02 3.4878999E-01
4.4406000E+02 3.4412000E-01
4.4454001E+02 3.3932999E-01
4.4501999E+02 3.3518001E-01
4.4550000E+02 3.3140999E-01
4.4598001E+02 3.2796001E-01
4.4647000E+02 3.2448000E-01
4.4695001E+02 3.2095000E-01
4.4742999E+02 3.1670001E-01
4.4791000E+02 3.1195000E-01
4.4839999E+02 3.0833000E-01
4.4888000E+02 3.0546999E-01
4.4935999E+02 3.0212000E-01
4.4984000E+02 2.9850000E-01
4.5032001E+02 2.9521999E-01
4.5081000E+02 2.9205999E-01
4.5129001E+02 2.8863999E-01
4.5176999E+02 2.8557000E-01
4.5225000E+02 2.8340000E-01
4.5273001E+02 2.8162000E-01
4.5322000E+02 2.7912000E-01
4.5370001E+02 2.7667999E-01
4.5417999E+02 2.7508000E-01
4.5466000E+02 2.7337000E-01
4.5514999E+02 2.7212000E-01
4.5563000E+02 2.7149999E-01
4.5610999E+02 2.7046999E-01
4.5659000E+02 2.6899001E-01
4.5707001E+02 2.6848000E-01
4.5756000E+02 2.6837999E-01
4.5804001E+02 2.6640999E-01
4.5851999E+02 2.6479000E-01
4.5900000E+02 2.6502001E-01
4.5948001E+02 2.6493999E-01
4.5997000E+02 2.6407999E-01
4.6045001E+02 2.6337999E-01
4.6092999E+02 2.6341999E-01
4.6141000E+02 2.6348999E-01
4.6189999E+02 2.6293001E-01
4.6238000E+02 2.6247999E-01
4.6285999E+02 2.6233000E-01
4.6334000E+02 2.6231000E-01
4.6382001E+02 2.6232001E-01
4.6431000E+02 2.6255000E-01
4.6479001E+02 2.6293999E-01
4.6526999E+02 2.6295999E-01
4.6575000E+02 2.6262999E-01
4.6623001E+02 2.6258999E-01
4.6672000E+02 2.6282999E-01
4.6720001E+02 2.6324001E-01
4.6767999E+02 2.6424000E-01
4.6816000E+02 2.6458001E-01
4.6864999E+02 2.6427001E-01
4.6913000E+02 2.6431999E-01
4.6960999E+02 2.6409999E-01
4.7009000E+02 2.6436001E-01
4.7057001E+02 2.6462001E-01
4.7106000E+02 2.6411000E-01
4.7154001E+02 2.6390001E-01
4.7201999E+02 2.6399001E-01
4.7250000E+02 2.6341000E-01
4.7298001E+02 2.6207000E-01
4.7347000E+02 2.6087001E-01
4.7395001E+02 2.6003999E-01
4.7442999E+02 2.5924000E-01
4.7491000E+02 2.5821999E-01
4.7539999E+02 2.5707999E-01
4.7588000E+02 2.5622001E-01
4.7635999E+02 2.5514001E-01
4.7684000E+02 2.5268000E-01
4.7732001E+02 2.5001001E-01
4.7781000E+02 2.4823999E-01
4.7829001E+02 2.4595000E-01
4.7876999E+02 2.4292000E-01
4.7925000E+02 2.3974000E-01
4.7973001E+02 2.3673999E-01
4.8022000E+02 2.3397000E-01
4.8070001E+02 2.3148000E-01
4.8117999E+02 2.2886001E-01
4.8166000E+02 2.2558001E-01
4.8214999E+02 2.2258000E-01
4.8263000E+02 2.2005001E-01
4.8310999E+02 2.1826001E-01
4.8359000E+02 2.1672000E-01
4.8407001E+02 2.1521001E-01
4.8456000E+02 2.1472999E-01
4.8504001E+02 2.1479000E-01
4.8551999E+02 2.1539000E-01
4.8600000E+02 2.1644001E-01
4.8648001E+02 2.1738000E-01
4.8697000E+02 2.1910000E-01
4.8745001E+02 2.2165000E-01
4.8792999E+02 2.2498000E-01
4.8841000E+02 2.2919001E-01
4.8889999E+02 2.3352000E-01
4.8938000E+02 2.3816000E-01
4.8985999E+02 2.4346000E-01
4.9034000E+02 2.4962001E-01
4.9082001E+02 2.5661001E-01
4.9131000E+02 2.6374000E-01
4.9179001E+02 2.7140000E-01
4.9226999E+02 2.7919000E-01
4.9275000E+02 2.8689000E-01
4.9323001E+02 2.9585999E-01
4.9372000E+02 3.0579999E-01
4.9420001E+02 3.1518999E-01
4.9467999E+02 3.2438999E-01
4.9516000E+02 3.3465001E-01
4.9564999E+02 3.4516999E-01
4.9613000E+02 3.5550001E-01
4.9660999E+02 3.6636999E-01
4.9709000E+02 3.7740001E-01
4.9757001E+02 3.8793999E-01
4.9806000E+02 3.9780000E-01
4.9854001E+02 4.0796000E-01
4.9901999E+02 4.1885999E-01
4.9950000E+02 4.2956001E-01
4.9998001E+02 4.3942001E-01
5.0047000E+02 4.4815001E-01
5.0095001E+02 4.5719001E-01
5.0142999E+02 4.6610001E-01
5.0191000E+02 4.7268999E-01
5.0239999E+02 4.7915000E-01
5.0288000E+02 4.8655000E-01
5.0335999E+02 4.9226999E-01
5.0384000E+02 4.9599999E-01
5.0432001E+02 4.9928001E-01
5.0481000E+02 5.0093001E-01
5.0529001E+02 5.0111997E-01
5.0576999E+02 5.0229001E-01
5.0625000E+02 5.0288999E-01
5.0673001E+02 5.0222999E-01
5.0722000E+02 5.0049001E-01
5.0770001E+02 4.9766999E-01
5.0817999E+02 4.9555999E-01
5.0866000E+02 4.9391001E-01
5.0914999E+02 4.9408001E-01
5.0963000E+02 4.9456999E-01
5.1010999E+02 4.9373999E-01
5.1059000E+02 4.9478999E-01
5.1107001E+02 4.9513999E-01
5.1156000E+02 4.9364001E-01
5.1203998E+02 4.9329999E-01
5.1252002E+02 4.9377999E-01
5.1300000E+02 4.9441001E-01
5.1348999E+02 4.9421999E-01
5.1396997E+02 4.9491999E-01
5.1445001E+02 4.9660999E-01
5.1492999E+02 4.9630001E-01
5.1540997E+02 4.9531999E-01
5.1590002E+02 4.9478999E-01
5.1638000E+02 4.9476001E-01
5.1685999E+02 4.9544001E-01
5.1734003E+02 4.9667001E-01
5.1782001E+02 4.9742001E-01
5.1831000E+02 4.9634001E-01
5.1878998E+02 4.9566001E-01
5.1927002E+02 4.9590001E-01
5.1975000E+02 4.9636000E-01
5.2023999E+02 4.9766001E-01
5.2071997E+02 4.9888000E-01
5.2120001E+02 5.0027001E-01
5.2167999E+02 5.0120997E-01
5.2215997E+02 5.0086999E-01
5.2265002E+02 5.0026000E-01
5.2313000E+02 4.9970999E-01
5.2360999E+02 4.9959001E-01
5.2409003E+02 4.9868000E-01
5.2457001E+02 4.9671999E-01
5.2506000E+02 4.9592999E-01
5.2553998E+02 4.9575999E-01
5.2602002E+02 4.9448001E-01
5.2650000E+02 4.9219000E-01
5.2698999E+02 4.8945999E-01
5.2746997E+02 4.8662001E-01
5.2795001E+02 4.8377001E-01
5.2842999E+02 4.8076999E-01
5.2890997E+02 4.7678000E-01
5.2940002E+02 4.7229999E-01
5.2988000E+02 4.6797001E-01
5.3035999E+02 4.6360999E-01
5.3084003E+02 4.6039999E-01
5.3132001E+02 4.5680001E-01
5.3181000E+02 4.5195001E-01
5.3228998E+02 4.4828001E-01
5.3277002E+02 4.4509000E-01
5.3325000E+02 4.4073999E-01
5.3373999E+02 4.3592000E-01
5.3421997E+02 4.3182999E-01
5.3470001E+02 4.2806000E-01
5.3517999E+02 4.2390001E-01
5.3565997E+02 4.2043999E-01
5.3615002E+02 4.1710001E-01
5.3663000E+02 4.1336000E-01
5.3710999E+02 4.1012001E-01
5.3759003E+02 4.0669999E-01
5.3807001E+02 4.0283000E-01
5.3856000E+02 3.9987999E-01
5.3903998E+02 3.9774001E-01
5.3952002E+02 3.9473000E-01
5.4000000E+02 3.9175001E-01
5.4048999E+02 3.8925001E-01
5.4096997E+02 3.8589999E-01
5.4145001E+02 3.8304001E-01
5.4192999E+02 3.8113999E-01
5.4240997E+02 3.7917000E-01
5.4290002E+02 3.7716001E-01
5.4338000E+02 3.7507999E-01
5.4385999E+02 3.7294999E-01
5.4434003E+02 3.7127000E-01
5.4482001E+02 3.6936000E-01
5.4531000E+02 3.6583999E-01
5.4578998E+02 3.6265999E-01
5.4627002E+02 3.6094001E-01
5.4675000E+02 3.5839000E-01
5.4723999E+02 3.5470000E-01
5.4771997E+02 3.5095000E-01
5.4820001E+02 3.4733000E-01
5.4867999E+02 3.4360999E-01
5.4915997E+02 3.3987999E-01
5.4965002E+02 3.3585000E-01
5.5013000E+02 3.3160001E-01
5.5060999E+02 3.2807001E-01
5.5109003E+02 3.2475001E-01
5.5157001E+02 3.2056001E-01
5.5206000E+02 3.1602001E-01
5.5253998E+02 3.1189999E-01
5.5302002E+02 3.0814001E-01
5.5350000E+02 3.0434999E-01
5.5398999E+02 3.0023000E-01
5.5446997E+02 2.9666999E-01
5.5495001E+02 2.9356000E-01
5.5542999E+02 2.9008001E-01
5.5590997E+02 2.8692999E-01
5.5640002E+02 2.8400001E-01
5.5688000E+02 2.8081000E-01
5.5735999E+02 2.7761999E-01
5.5784003E+02 2.7504000E-01
5.5832001E+02 2.7237001E-01
5.5881000E+02 2.6899999E-01
5.5928998E+02 2.6653001E-01
5.5977002E+02 2.6416999E-01
5.6025000E+02 2.6087999E-01
5.6073999E+02 2.5788000E-01
5.6121997E+02 2.5516999E-01
5.6170001E+02 2.5226000E-01
5.6217999E+02 2.4914999E-01
5.6265997E+02 2.4638000E-01
5.6315002E+02 2.4342000E-01
5.6363000E+02 2.3955999E-01
5.6410999E+02 2.3599000E-01
5.6459003E+02 2.3247001E-01
5.6507001E+02 2.2940999E-01
5.6556000E+02 2.2669999E-01
5.6603998E+02 2.2295000E-01
5.6652002E+02 2.1998000E-01
5.6700000E+02 2.1764000E-01
5.6748999E+02 2.1396001E-01
5.6796997E+02 2.1056999E-01
5.6845001E+02 2.0829999E-01
5.6892999E+02 2.0607001E-01
5.6940997E+02 2.0337000E-01
5.6990002E+02 2.0050000E-01
5.7038000E+02 1.9798000E-01
5.7085999E+02 1.9543999E-01
5.7134003E+02 1.9271000E-01
5.7182001E+02 1.9023000E-01
5.7231000E+02 1.8785000E-01
5.7278998E+02 1.8559000E-01
5.7327002E+02 1.8347999E-01
5.7375000E+02 1.8122999E-01
5.7423999E+02 1.7890000E-01
5.7471997E+02 1.7636999E-01
5.7520001E+02 1.7385000E-01
5.7567999E+02 1.7194000E-01
5.7615997E+02 1.7004000E-01
5.7665002E+02 1.6742000E-01
5.7713000E+02 1.6507000E-01
5.7760999E+02 1.6349000E-01
5.7809003E+02 1.6170999E-01
5.7857001E+02 1.5950000E-01
5.7906000E+02 1.5764999E-01
5.7953998E+02 1.5618999E-01
5.8002002E+02 1.5462001E-01
5.8050000E+02 1.5335999E-01
5.8098999E+02 1.5203001E-01
5.8146997E+02 1.5003000E-01
5.8195001E+02 1.4858000E-01
5.8242999E+02 1.4754000E-01
5.8290997E+02 1.4614999E-01
5.8340002E+02 1.4531000E-01
5.8388000E+02 1.4504001E-01
5.8435999E+02 1.4466999E-01
5.8484003E+02 1.4390001E-01
5.8532001E+02 1.4296000E-01
5.8581000E+02 1.4245000E-01
5.8628998E+02 1.4250000E-01
5.8677002E+02 1.4281000E-01
5.8725000E+02 1.4284000E-01
5.8773999E+02 1.4301001E-01
5.8821997E+02 1.4398000E-01
5.8870001E+02 1.4522000E-01
5.8917999E+02 1.4628001E-01
5.8965997E+02 1.4751001E-01
5.9015002E+02 1.4901000E-01
5.9063000E+02 1.5070000E-01
5.9110999E+02 1.5296000E-01
5.9159003E+02 1.5564001E-01
5.9207001E+02 1.5863000E-01
5.9256000E+02 1.6215999E-01
5.9303998E+02 1.6564000E-01
5.9352002E+02 1.6881000E-01
5.9400000E+02 1.7257001E-01
5.9448999E+02 1.7727999E-01
5.9496997E+02 1.8186000E-01
5.9545001E+02 1.8621001E-01
5.9592999E+02 1.9122000E-01
5.9640997E+02 1.9657999E-01
5.9690002E+02 2.0193000E-01
5.9738000E+02 2.0736000E-01
5.9785999E+02 2.1256000E-01
5.9834003E+02 2.1797000E-01
5.9882001E+02 2.2375000E-01
5.9931000E+02 2.2936000E-01
5.9978998E+02 2.3476000E-01
6.0027002E+02 2.3916000E-01
6.0075000E+02 2.4308001E-01
6.0123999E+02 2.4800000E-01
6.0171997E+02 2.5277999E-01
6.0220001E+02 2.5624999E-01
6.0267999E+02 2.5942001E-01
6.0315997E+02 2.6328000E-01
6.0365002E+02 2.6710001E-01
6.0413000E+02 2.7008000E-01
6.0460999E+02 2.7274999E-01
6.0509003E+02 2.7542001E-01
6.0557001E+02 2.7765000E-01
6.0606000E+02 2.7983999E-01
6.0653998E+02 2.8255999E-01
6.0702002E+02 2.8452000E-01
6.0750000E+02 2.8595999E-01
6.0798999E+02 2.8749999E-01
6.0846997E+02 2.8810000E-01
6.0895001E+02 2.8935000E-01
6.0942999E+02 2.9201001E-01
6.0990997E+02 2.9317999E-01
6.1040002E+02 2.9265001E-01
6.1088000E+02 2.9280001E-01
6.1135999E+02 2.9310000E-01
6.1184003E+02 2.9312000E-01
6.1232001E+02 2.9337001E-01
6.1281000E+02 2.9295000E-01
6.1328998E+02 2.9269001E-01
6.1377002E+02 2.9315999E-01
6.1425000E+02 2.9207999E-01
6.1473999E+02 2.8944999E-01
6.1521997E+02 2.8802001E-01
6.1570001E+02 2.8786001E-01
6.1617999E+02 2.8672999E-01
6.1665997E+02 2.8435001E-01
6.1715002E+02 2.8239000E-01
6.1763000E+02 2.8106999E-01
6.1810999E+02 2.7958000E-01
6.1859003E+02 2.7757999E-01
6.1907001E+02 2.7509999E-01
6.1956000E+02 2.7342001E-01
6.2003998E+02 2.7228999E-01
6.2052002E+02 2.7024001E-01
6.2100000E+02 2.6739001E-01
6.2148999E+02 2.6460001E-01
6.2196997E+02 2.6244000E-01
6.2245001E+02 2.6012000E-01
6.2292999E+02 2.5764999E-01
6.2340997E+02 2.5514999E-01
6.2390002E+02 2.5207001E-01
6.2438000E+02 2.4946000E-01
6.2485999E+02 2.4722999E-01
6.2534003E+02 2.4428000E-01
6.2582001E+02 2.4130000E-01
6.2631000E+02 2.3853000E-01
6.2678998E+02 2.3544000E-01
6.2727002E+02 2.3264000E-01
6.2775000E+02 2.3022000E-01
6.2823999E+02 2.2768000E-01
6.2871997E+02 2.2528000E-01
6.2920001E+02 2.2366001E-01
6.2967999E+02 2.2152001E-01
6.3015997E+02 2.1794000E-01
6.3065002E+02 2.1455000E-01
6.3113000E+02 2.1083000E-01
6.3160999E+02 2.0642000E-01
6.3209003E+02 2.0255999E-01
6.3258002E+02 1.9938000E-01
6.3306000E+02 1.9600999E-01
6.3353998E+02 1.9241001E-01
6.3402002E+02 1.8965000E-01
6.3450000E+02 1.8745001E-01
6.3498999E+02 1.8569000E-01
6.3546997E+02 1.8387000E-01
6.3595001E+02 1.8136001E-01
6.3642999E+02 1.7894000E-01
6.3690997E+02 1.7644000E-01
6.3740002E+02 1.7400999E-01
6.3788000E+02 1.7203000E-01
6.3835999E+02 1.6959000E-01
6.3884003E+02 1.6715001E-01
6.3933002E+02 1.6575000E-01
6.3981000E+02 1.6389000E-01
6.5700000E+02 1.3800000E-01
6.9000000E+02 1.1800000E-01
7.5600000E+02 7.9530001E-02
7.5696997E+02 7.9402000E-02
7.5792999E+02 7.9083003E-02
7.5890002E+02 7.8649998E-02
7.5985999E+02 7.8364998E-02
7.6083002E+02 7.8125998E-02
7.6178998E+02 7.7807002E-02
7.6275000E+02 7.7468999E-02
7.6371997E+02 7.7184997E-02
7.6467999E+02 7.6915003E-02
7.6565002E+02 7.6628000E-02
7.6660999E+02 7.6380000E-02
7.6758002E+02 7.6196000E-02
7.6853998E+02 7.6104999E-02
7.6950000E+02 7.5833999E-02
7.7046997E+02 7.5534001E-02
7.7142999E+02 7.5383998E-02
7.7240002E+02 7.5269997E-02
7.7335999E+02 7.5097002E-02
7.7433002E+02 7.4918002E-02
7.7528998E+02 7.4695997E-02
7.7625000E+02 7.4500002E-02
7.7721997E+02 7.4270003E-02
7.7817999E+02 7.4037001E-02
7.7915002E+02 7.3847003E-02
7.8010999E+02 7.3717996E-02
7.8108002E+02 7.3550999E-02
7.8203998E+02 7.3324002E-02
7.8300000E+02 7.3105998E-02
7.8396997E+02 7.2884999E-02
7.8492999E+02 7.2705001E-02
7.8590002E+02 7.2375998E-02
7.8685999E+02 7.2095998E-02
7.8783002E+02 7.1951002E-02
7.8878998E+02 7.1785003E-02
7.8975000E+02 7.1442001E-02
7.9071997E+02 7.1098000E-02
7.9167999E+02 7.0938997E-02
7.9265002E+02 7.0786998E-02
7.9360999E+02 7.0534997E-02
7.9458002E+02 7.0270002E-02
7.9553998E+02 7.0120998E-02
7.9650000E+02 7.0084997E-02
7.9746997E+02 6.9995001E-02
7.9842999E+02 6.9803998E-02
7.9940002E+02 6.9780998E-02
8.0035999E+02 6.9858000E-02
8.0133002E+02 6.9872998E-02
8.0228998E+02 6.9890000E-02
8.0325000E+02 7.0001997E-02
8.0421997E+02 7.0292003E-02
8.0517999E+02 7.0572004E-02
8.0615002E+02 7.0744999E-02
8.0710999E+02 7.1039997E-02
8.0808002E+02 7.1468003E-02
8.0903998E+02 7.1811996E-02
8.1000000E+02 7.2103001E-02
8.1096997E+02 7.2529003E-02
8.1192999E+02 7.3039003E-02
8.1290002E+02 7.3660001E-02
8.1385999E+02 7.4441001E-02
8.1483002E+02 7.5222999E-02
8.1578998E+02 7.6127999E-02
8.1675000E+02 7.7281997E-02
8.1771997E+02 7.8566998E-02
8.1867999E+02 8.0040000E-02
8.1965002E+02 8.1827000E-02
8.2060999E+02 8.3939999E-02
8.2158002E+02 8.6322002E-02
8.2253998E+02 8.9046001E-02
8.2350000E+02 9.2280000E-02
8.2446997E+02 9.6087001E-02
8.2542999E+02 1.0049000E-01
8.2640002E+02 1.0557000E-01
8.2735999E+02 1.1151000E-01
8.2833002E+02 1.1853000E-01
8.2928998E+02 1.2654001E-01
8.3025000E+02 1.3576999E-01
8.3121997E+02 1.4647999E-01
8.3217999E+02 1.5863000E-01
8.3315002E+02 1.7239000E-01
8.3410999E+02 1.8765999E-01
8.3508002E+02 2.0409000E-01
8.3603998E+02 2.2095001E-01
8.3700000E+02 2.3709001E-01
8.3796997E+02 2.5114000E-01
8.3892999E+02 2.6177001E-01
8.3990002E+02 2.6758000E-01
8.4085999E+02 2.6789001E-01
8.4183002E+02 2.6317999E-01
8.4278998E+02 2.5450999E-01
8.4375000E+02 2.4329001E-01
8.4471997E+02 2.3126000E-01
8.4567999E+02 2.2024000E-01
8.4665002E+02 2.1120000E-01
8.4760999E+02 2.0455000E-01
8.4858002E+02 2.0050000E-01
8.4953998E+02 1.9902000E-01
8.5050000E+02 1.9976000E-01
8.5146997E+02 2.0230000E-01
8.5242999E+02 2.0627999E-01
8.5340002E+02 2.1161000E-01
8.5435999E+02 2.1805000E-01
8.5533002E+02 2.2539000E-01
8.5628998E+02 2.3370001E-01
8.5725000E+02 2.4309000E-01
8.5821997E+02 2.5376001E-01
8.5917999E+02 2.6569000E-01
8.6015002E+02 2.7919000E-01
8.6110999E+02 2.9481000E-01
8.6208002E+02 3.1288001E-01
8.6303998E+02 3.3351001E-01
8.6400000E+02 3.5705999E-01
8.6496997E+02 3.8387999E-01
8.6592999E+02 4.1373000E-01
8.6690002E+02 4.4635001E-01
8.6785999E+02 4.8102000E-01
8.6883002E+02 5.1687002E-01
8.6978998E+02 5.5331999E-01
8.7075000E+02 5.8976001E-01
8.7171997E+02 6.2541002E-01
8.7267999E+02 6.6000998E-01
8.7365002E+02 6.9322002E-01
8.7460999E+02 7.2446001E-01
8.7558002E+02 7.5309002E-01
8.7653998E+02 7.7868003E-01
8.7750000E+02 8.0160999E-01
8.7846997E+02 8.2139999E-01
8.7942999E+02 8.3784997E-01
8.8040002E+02 8.5220999E-01
8.8135999E+02 8.6430001E-01
8.8233002E+02 8.7379003E-01
8.8328998E+02 8.8139999E-01
8.8426001E+02 8.8660997E-01
8.8521997E+02 8.9004999E-01
8.8617999E+02 8.9279997E-01
8.8715002E+02 8.9398998E-01
8.8810999E+02 8.9323997E-01
8.8908002E+02 8.9100999E-01
8.9003998E+02 8.8826001E-01
8.9101001E+02 8.8463002E-01
8.9196997E+02 8.8012999E-01
8.9292999E+02 8.7554002E-01
8.9390002E+02 8.7018001E-01
8.9485999E+02 8.6447001E-01
8.9583002E+02 8.5812002E-01
8.9678998E+02 8.5154998E-01
8.9776001E+02 8.4579003E-01
8.9871997E+02 8.3967000E-01
8.9967999E+02 8.3270001E-01
9.0065002E+02 8.2604998E-01
9.0160999E+02 8.1999999E-01
9.0258002E+02 8.1371999E-01
9.0353998E+02 8.0757999E-01
9.0451001E+02 8.0151999E-01
9.0546997E+02 7.9545999E-01
9.0642999E+02 7.8955001E-01
9.0740002E+02 7.8386003E-01
9.0835999E+02 7.7836001E-01
9.0933002E+02 7.7284998E-01
9.1028998E+02 7.6751000E-01
9.1126001E+02 7.6220000E-01
9.1221997E+02 7.5721002E-01
9.1317999E+02 7.5244999E-01
9.1415002E+02 7.4743003E-01
9.1510999E+02 7.4254000E-01
9.1608002E+02 7.3784000E-01
9.1703998E+02 7.3341000E-01
9.1801001E+02 7.2921002E-01
9.1896997E+02 7.2516000E-01
9.1992999E+02 7.2104001E-01
9.2090002E+02 7.1676999E-01
9.2185999E+02 7.1287000E-01
9.2283002E+02 7.0879000E-01
9.2378998E+02 7.0462000E-01
9.2476001E+02 7.0038003E-01
9.2571997E+02 6.9607002E-01
9.2667999E+02 6.9182998E-01
9.2765002E+02 6.8739998E-01
9.2860999E+02 6.8292999E-01
9.2958002E+02 6.7852002E-01
9.3053998E+02 6.7421001E-01
9.3151001E+02 6.6965997E-01
9.3246997E+02 6.6516000E-01
9.3342999E+02 6.6074002E-01
9.3440002E+02 6.5622002E-01
9.3535999E+02 6.5182000E-01
9.3633002E+02 6.4736003E-01
9.3728998E+02 6.4297003E-01
9.3826001E+02 6.3881999E-01
9.3921997E+02 6.3446999E-01
9.4017999E+02 6.3018000E-01
9.4115002E+02 6.2630999E-01
9.4210999E+02 6.2238002E-01
9.4308002E+02 6.1840999E-01
9.4403998E+02 6.1483002E-01
9.4501001E+02 6.1135000E-01
9.4596997E+02 6.0821003E-01
9.4692999E+02 6.0541999E-01
9.4790002E+02 6.0293001E-01
9.4885999E+02 6.0102999E-01
9.4983002E+02 5.9934998E-01
9.5078998E+02 5.9803998E-01
9.5176001E+02 5.9710997E-01
9.5271997E+02 5.9593999E-01
9.5367999E+02 5.9406000E-01
9.5465002E+02 5.9088999E-01
9.5560999E+02 5.8533001E-01
9.5658002E+02 5.7643002E-01
9.5753998E+02 5.6388998E-01
9.5851001E+02 5.4857999E-01
9.5946997E+02 5.3233999E-01
9.6042999E+02 5.1722002E-01
9.6140002E+02 5.0455999E-01
9.6235999E+02 4.9473000E-01
9.6333002E+02 4.8769000E-01
9.6428998E+02 4.8315999E-01
9.6526001E+02 4.8076001E-01
9.6621997E+02 4.8023999E-01
9.6717999E+02 4.8177001E-01
9.6815002E+02 4.8517999E-01
9.6910999E+02 4.9030000E-01
9.7008002E+02 4.9711999E-01
9.7103998E+02 5.0537002E-01
9.7201001E+02 5.1502001E-01
9.7296997E+02 5.2613997E-01
9.7392999E+02 5.3828001E-01
9.7490002E+02 5.5091000E-01
9.7585999E+02 5.6391001E-01
9.7683002E+02 5.7691002E-01
9.7778998E+02 5.8903003E-01
9.7876001E+02 5.9935999E-01
9.7971997E+02 6.0764003E-01
9.8067999E+02 6.1355001E-01
9.8165002E+02 6.1653000E-01
9.8260999E+02 6.1691999E-01
9.8358002E+02 6.1552000E-01
9.8453998E+02 6.1326998E-01
9.8551001E+02 6.1074001E-01
9.8646997E+02 6.0825002E-01
9.8742999E+02 6.0623997E-01
9.8840002E+02 6.0506999E-01
9.8935999E+02 6.0457999E-01
9.9033002E+02 6.0468000E-01
9.9128998E+02 6.0509002E-01
9.9226001E+02 6.0573000E-01
9.9321997E+02 6.0663003E-01
9.9417999E+02 6.0746002E-01
9.9515002E+02 6.0816997E-01
9.9610999E+02 6.0883999E-01
9.9708002E+02 6.0952997E-01
9.9803998E+02 6.0975999E-01
9.9901001E+02 6.0965002E-01
9.9996997E+02 6.0951000E-01
1.0009000E+03 6.0911000E-01
1.0019000E+03 6.0799003E-01
1.0029000E+03 6.0680997E-01
1.0038000E+03 6.0553002E-01
1.0048000E+03 6.0341001E-01
1.0058000E+03 6.0093999E-01
1.0067000E+03 5.9843999E-01
1.0077000E+03 5.9559000E-01
1.0086000E+03 5.9241998E-01
1.0096000E+03 5.8893001E-01
1.0106000E+03 5.8510000E-01
1.0115000E+03 5.8104002E-01
1.0125000E+03 5.7687998E-01
1.0135000E+03 5.7270998E-01
1.0144000E+03 5.6838000E-01
1.0154000E+03 5.6392998E-01
1.0164000E+03 5.5914998E-01
1.0173000E+03 5.5441999E-01
1.0183000E+03 5.4966998E-01
1.0193000E+03 5.4505998E-01
1.0202000E+03 5.4022998E-01
1.0212000E+03 5.3499001E-01
1.0221000E+03 5.2995998E-01
1.0231000E+03 5.2513999E-01
1.0241000E+03 5.1995999E-01
1.0250000E+03 5.1475000E-01
1.0260000E+03 5.0972998E-01
1.0270000E+03 5.0427997E-01
1.0279000E+03 4.9886000E-01
1.0289000E+03 4.9370000E-01
1.0299000E+03 4.8839000E-01
1.0308000E+03 4.8276001E-01
1.0318000E+03 4.7733000E-01
1.0328000E+03 4.7187999E-01
1.0337000E+03 4.6643999E-01
1.0347000E+03 4.6088001E-01
1.0356000E+03 4.5530000E-01
1.0366000E+03 4.4983000E-01
1.0376000E+03 4.4437999E-01
1.0385000E+03 4.3893000E-01
1.0395000E+03 4.3324000E-01
1.0405000E+03 4.2763999E-01
1.0414000E+03 4.2223001E-01
1.0424000E+03 4.1683000E-01
1.0434000E+03 4.1130999E-01
1.0443000E+03 4.0594000E-01
1.0453000E+03 4.0066001E-01
1.0463000E+03 3.9541000E-01
1.0472000E+03 3.9008999E-01
1.0482000E+03 3.8468999E-01
1.0491000E+03 3.7933999E-01
1.0501000E+03 3.7428999E-01
1.0511000E+03 3.6950001E-01
1.0520000E+03 3.6471000E-01
1.0530000E+03 3.5982999E-01
1.0540000E+03 3.5518000E-01
1.0549000E+03 3.5073999E-01
1.0559000E+03 3.4643000E-01
1.0569000E+03 3.4231001E-01
1.0578000E+03 3.3818999E-01
1.0588000E+03 3.3421999E-01
1.0598000E+03 3.3050001E-01
1.0607000E+03 3.2701001E-01
1.0617000E+03 3.2359001E-01
1.0626000E+03 3.2009000E-01
1.0636000E+03 3.1663999E-01
1.0646000E+03 3.1355000E-01
1.0655000E+03 3.1068999E-01
1.0665000E+03 3.0812001E-01
1.0675000E+03 3.0554000E-01
1.0684000E+03 3.0287001E-01
1.0694000E+03 3.0019000E-01
1.0704000E+03 2.9771000E-01
1.0713000E+03 2.9552999E-01
1.0723000E+03 2.9358000E-01
1.0733000E+03 2.9179999E-01
1.0742000E+03 2.8997001E-01
1.0752000E+03 2.8821999E-01
1.0761000E+03 2.8639001E-01
1.0771000E+03 2.8464001E-01
1.0781000E+03 2.8298000E-01
1.0790000E+03 2.8147000E-01
1.0800000E+03 2.8009999E-01
1.0810000E+03 2.7873001E-01
1.0819000E+03 2.7737999E-01
1.0829000E+03 2.7603999E-01
1.0839000E+03 2.7485001E-01
1.0848000E+03 2.7373001E-01
1.0858000E+03 2.7246001E-01
1.0868000E+03 2.7124000E-01
1.0877000E+03 2.7004001E-01
1.0887000E+03 2.6894000E-01
1.0896000E+03 2.6793000E-01
1.0906000E+03 2.6677999E-01
1.0916000E+03 2.6567000E-01
1.0925000E+03 2.6459000E-01
1.0935000E+03 2.6357999E-01
1.0945000E+03 2.6253000E-01
1.0954000E+03 2.6143000E-01
1.0964000E+03 2.6034001E-01
1.0974000E+03 2.5933999E-01
1.0983000E+03 2.5826001E-01
1.0993000E+03 2.5718999E-01
1.1003000E+03 2.5608999E-01
1.1012000E+03 2.5494000E-01
1.1022000E+03 2.5386000E-01
1.1031000E+03 2.5270000E-01
1.1041000E+03 2.5156000E-01
1.1051000E+03 2.5029999E-01
1.1060000E+03 2.4902000E-01
1.1070000E+03 2.4775000E-01
1.1080000E+03 2.4639000E-01
1.1089000E+03 2.4508999E-01
1.1099000E+03 2.4388000E-01
1.1109000E+03 2.4260999E-01
1.1118000E+03 2.4127001E-01
1.1128000E+03 2.3989999E-01
1.1138000E+03 2.3851000E-01
1.1147000E+03 2.3717999E-01
1.1157000E+03 2.3574001E-01
1.1166000E+03 2.3429000E-01
1.1176000E+03 2.3293000E-01
1.1186000E+03 2.3146001E-01
1.1195000E+03 2.2996999E-01
1.1205000E+03 2.2854000E-01
1.1215000E+03 2.2707000E-01
1.1224000E+03 2.2550000E-01
1.1234000E+03 2.2403000E-01
1.1244000E+03 2.2258000E-01
1.1253000E+03 2.2104000E-01
1.1263000E+03 2.1950001E-01
1.1273000E+03 2.1799000E-01
1.1282000E+03 2.1650000E-01
1.1292000E+03 2.1486001E-01
1.1301000E+03 2.1333000E-01
1.1311000E+03 2.1194001E-01
1.1321000E+03 2.1044999E-01
1.1330000E+03 2.0896000E-01
1.1340000E+03 2.0734000E-01
1.1350000E+03 2.0572001E-01
1.1359000E+03 2.0422000E-01
1.1369000E+03 2.0266999E-01
1.1379000E+03 2.0104000E-01
1.1388000E+03 1.9943000E-01
1.1398000E+03 1.9783001E-01
1.1408000E+03 1.9615000E-01
1.1417000E+03 1.9453999E-01
1.1427000E+03 1.9294000E-01
1.1436000E+03 1.9123000E-01
1.1446000E+03 1.8953000E-01
1.1456000E+03 1.8791001E-01
1.1465000E+03 1.8625000E-01
1.1475000E+03 1.8463001E-01
1.1485000E+03 1.8297000E-01
1.1494000E+03 1.8126000E-01
1.1504000E+03 1.7961000E-01
1.1514000E+03 1.7792000E-01
1.1523000E+03 1.7624000E-01
1.1533000E+03 1.7464000E-01
1.1543000E+03 1.7310999E-01
1.1552000E+03 1.7157000E-01
1.1562000E+03 1.6993999E-01
1.1571000E+03 1.6832000E-01
1.1581000E+03 1.6677000E-01
1.1591000E+03 1.6507000E-01
1.1600000E+03 1.6350000E-01
1.1610000E+03 1.6198000E-01
1.1620000E+03 1.6047999E-01
1.1629000E+03 1.5899999E-01
1.1639000E+03 1.5747000E-01
1.1649000E+03 1.5595999E-01
1.1658000E+03 1.5446000E-01
1.1668000E+03 1.5295000E-01
1.1678000E+03 1.5150000E-01
1.1687000E+03 1.5002000E-01
1.1697000E+03 1.4855000E-01
1.1706000E+03 1.4714000E-01
1.1716000E+03 1.4571001E-01
1.1726000E+03 1.4440000E-01
1.1735000E+03 1.4298999E-01
1.1745000E+03 1.4159000E-01
1.1755000E+03 1.4029001E-01
1.1764000E+03 1.3905001E-01
1.1774000E+03 1.3778000E-01
1.1784000E+03 1.3653000E-01
1.1793000E+03 1.3526000E-01
1.1803000E+03 1.3406000E-01
1.1813000E+03 1.3282999E-01
1.1822000E+03 1.3164000E-01
1.1832000E+03 1.3055000E-01
1.1841000E+03 1.2954000E-01
1.1851000E+03 1.2852000E-01
1.1861000E+03 1.2746000E-01
1.1870000E+03 1.2639000E-01
1.1880000E+03 1.2533000E-01
1.1890000E+03 1.2449000E-01
1.1899000E+03 1.2363000E-01
1.1909000E+03 1.2275000E-01
1.1919000E+03 1.2182000E-01
1.1928000E+03 1.2100000E-01
1.1938000E+03 1.2011000E-01
1.1948000E+03 1.1929000E-01
1.1957000E+03 1.1861000E-01
1.1967000E+03 1.1785000E-01
1.1976000E+03 1.1708000E-01
1.1986000E+03 1.1637000E-01
1.1996000E+03 1.1568000E-01
1.2005000E+03 1.1511000E-01
1.2015000E+03 1.1461000E-01
1.2025000E+03 1.1390000E-01
1.2034000E+03 1.1336000E-01
1.2044000E+03 1.1295000E-01
1.2054000E+03 1.1233000E-01
1.2063000E+03 1.1158000E-01
1.2073000E+03 1.1123000E-01
1.2083000E+03 1.1094000E-01
1.2092000E+03 1.1044000E-01
1.2102000E+03 1.0998000E-01
1.2111000E+03 1.0968000E-01
1.2121000E+03 1.0931000E-01
1.2131000E+03 1.0894000E-01
1.2140000E+03 1.0857000E-01
1.2150000E+03 1.0826000E-01
1.2160000E+03 1.0803000E-01
1.2169000E+03 1.0769000E-01
1.2179000E+03 1.0739000E-01
1.2189000E+03 1.0705000E-01
1.2198000E+03 1.0675000E-01
1.2208000E+03 1.0652000E-01
1.2218000E+03 1.0624000E-01
1.2227000E+03 1.0601000E-01
1.2237000E+03 1.0578000E-01
1.2246000E+03 1.0546000E-01
1.2256000E+03 1.0519000E-01
1.2266000E+03 1.0495000E-01
1.2275000E+03 1.0483000E-01
1.2285000E+03 1.0462000E-01
1.2295000E+03 1.0435000E-01
1.2304000E+03 1.0424000E-01
1.2314000E+03 1.0407000E-01
1.2324000E+03 1.0386000E-01
1.2333000E+03 1.0373000E-01
1.2343000E+03 1.0367000E-01
1.2353000E+03 1.0362000E-01
1.2362000E+03 1.0353000E-01
1.2372000E+03 1.0343000E-01
1.2381000E+03 1.0339000E-01
1.2391000E+03 1.0349000E-01
1.2401000E+03 1.0367000E-01
1.2410000E+03 1.0373000E-01
1.2420000E+03 1.0394000E-01
1.2430000E+03 1.0414000E-01
1.2439000E+03 1.0420000E-01
1.2449000E+03 1.0444000E-01
1.2459000E+03 1.0480000E-01
1.2468000E+03 1.0507000E-01
1.2478000E+03 1.0531000E-01
1.2488000E+03 1.0544000E-01
1.2497000E+03 1.0552000E-01
1.2507000E+03 1.0574000E-01
1.2516000E+03 1.0592000E-01
1.2526000E+03 1.0612000E-01
1.2536000E+03 1.0621000E-01
1.2545000E+03 1.0620000E-01
1.2555000E+03 1.0614000E-01
1.2565000E+03 1.0605000E-01
1.2574000E+03 1.0583000E-01
1.2584000E+03 1.0567000E-01
1.2594000E+03 1.0545000E-01
1.2603000E+03 1.0497000E-01
1.2613000E+03 1.0477000E-01
1.2623000E+03 1.0461000E-01
1.2632000E+03 1.0431000E-01
1.2642000E+03 1.0404000E-01
1.2652000E+03 1.0380000E-01
1.2661000E+03 1.0355000E-01
1.2671000E+03 1.0327000E-01
1.2680000E+03 1.0298000E-01
1.2690000E+03 1.0264000E-01
1.2700000E+03 1.0230000E-01
1.2709000E+03 1.0194000E-01
1.2719000E+03 1.0147000E-01
1.2729000E+03 1.0108000E-01
1.2738000E+03 1.0075000E-01
1.2748000E+03 1.0032000E-01
1.2758000E+03 9.9803001E-02
1.2767000E+03 9.9228002E-02
1.2777000E+03 9.8655000E-02
1.2787000E+03 9.8034002E-02
1.2796000E+03 9.7359002E-02
1.2806000E+03 9.6721001E-02
1.2815000E+03 9.6119002E-02
1.2825000E+03 9.5463000E-02
1.2835000E+03 9.4806001E-02
1.2844000E+03 9.4090998E-02
1.2854000E+03 9.3360998E-02
1.2864000E+03 9.2615001E-02
1.2873000E+03 9.1668002E-02
1.2883000E+03 9.0905003E-02
1.2893000E+03 9.0337999E-02
1.2902000E+03 8.9603998E-02
1.2912000E+03 8.8845998E-02
1.2922000E+03 8.8109002E-02
1.2931000E+03 8.7284997E-02
1.2941000E+03 8.6484998E-02
1.2950000E+03 8.5740000E-02
1.2960000E+03 8.4949002E-02
1.2970000E+03 8.4154002E-02
1.2979000E+03 8.3442003E-02
1.2989000E+03 8.2694001E-02
1.2999000E+03 8.1941999E-02
1.3008000E+03 8.1171997E-02
1.3018000E+03 8.0395997E-02
1.3028000E+03 7.9627000E-02
1.3037000E+03 7.8878999E-02
1.3047000E+03 7.8130998E-02
1.3057000E+03 7.7342004E-02
1.3066000E+03 7.6591000E-02
1.3076000E+03 7.5666003E-02
1.3085000E+03 7.4868001E-02
1.3095000E+03 7.4248999E-02
1.3105000E+03 7.3592000E-02
1.3114000E+03 7.2789997E-02
1.3124000E+03 7.1806997E-02
1.3134000E+03 7.0951998E-02
1.3143000E+03 7.0336998E-02
1.3153000E+03 6.9813997E-02
1.3163000E+03 6.9103003E-02
1.3172000E+03 6.8402000E-02
1.3182000E+03 6.7726001E-02
1.3192000E+03 6.6895999E-02
1.3201000E+03 6.6320002E-02
1.3211000E+03 6.5982997E-02
1.3220000E+03 6.5517999E-02
1.3230000E+03 6.4864002E-02
1.3240000E+03 6.4260997E-02
1.3249000E+03 6.3809000E-02
1.3259000E+03 6.3207999E-02
1.3269000E+03 6.2636003E-02
1.3278000E+03 6.2109999E-02
1.3288000E+03 6.1600000E-02
1.3298000E+03 6.1041001E-02
1.3307000E+03 6.0566001E-02
1.3317000E+03 6.0123999E-02
1.3327000E+03 5.9502002E-02
1.3336000E+03 5.8906998E-02
1.3346000E+03 5.8486000E-02
1.3355000E+03 5.7813998E-02
1.3365000E+03 5.6860000E-02
1.3375000E+03 5.6481000E-02
1.3384000E+03 5.5909999E-02
1.3394000E+03 5.5123001E-02
1.3404000E+03 5.4809000E-02
1.3413000E+03 5.4855000E-02
1.3423000E+03 5.4804001E-02
1.3433000E+03 5.4513000E-02
1.3442000E+03 5.4214001E-02
1.3452000E+03 5.3879000E-02
1.3462000E+03 5.3539999E-02
1.3471000E+03 5.3247001E-02
1.3481000E+03 5.2901000E-02
1.3490000E+03 5.2432001E-02
1.3500000E+03 5.2289002E-02
1.3510000E+03 5.2191000E-02
1.3519000E+03 5.1828999E-02
1.3529000E+03 5.1601000E-02
1.3539000E+03 5.1277000E-02
1.3548000E+03 5.0778002E-02
1.3558000E+03 5.0735999E-02
1.3568000E+03 5.0737001E-02
1.3577000E+03 5.0402999E-02
1.3587000E+03 5.0122000E-02
1.3597000E+03 5.0003000E-02
1.3606000E+03 4.9585000E-02
1.3616000E+03 4.9194001E-02
1.3625000E+03 4.8645999E-02
1.3635000E+03 4.8409998E-02
1.3645000E+03 4.8955001E-02
1.3654000E+03 4.9035002E-02
1.3664000E+03 4.8939001E-02
1.3674000E+03 4.8790000E-02
1.3683000E+03 4.8395999E-02
1.3693000E+03 4.8292000E-02
1.3703000E+03 4.8416998E-02
1.3712000E+03 4.8264999E-02
1.3722000E+03 4.8044000E-02
1.3732000E+03 4.7660999E-02
1.3741000E+03 4.7362000E-02
1.3751000E+03 4.7401000E-02
1.3760000E+03 4.7564000E-02
1.3770000E+03 4.7371000E-02
1.3780000E+03 4.6882998E-02
1.3789000E+03 4.6819001E-02
1.3799000E+03 4.6861999E-02
1.3809000E+03 4.6886999E-02
1.3818000E+03 4.6888001E-02
1.3828000E+03 4.6750002E-02
1.3838000E+03 4.6578001E-02
1.3847000E+03 4.6386998E-02
1.3857000E+03 4.6043999E-02
1.3867000E+03 4.5410000E-02
1.3876000E+03 4.4992000E-02
1.3886000E+03 4.5329999E-02
1.3895000E+03 4.5444001E-02
1.3905000E+03 4.5113999E-02
1.3915000E+03 4.4934999E-02
1.3924000E+03 4.4858001E-02
1.3934000E+03 4.4326000E-02
1.3944000E+03 4.3361999E-02
1.3953000E+03 4.3290000E-02
1.3963000E+03 4.3519001E-02
1.3973000E+03 4.3014999E-02
1.3982000E+03 4.2566001E-02
1.3992000E+03 4.2521998E-02
1.4002000E+03 4.2594001E-02
1.4011000E+03 4.2567998E-02
1.4021000E+03 4.2254999E-02
1.4030000E+03 4.1947000E-02
1.4040000E+03 4.1480001E-02
1.4050000E+03 4.0807001E-02
1.4059000E+03 4.0681999E-02
1.4069000E+03 4.0555999E-02
