1.1138000E+02 2.0469001E-02
1.1186000E+02 1.9298000E-02
1.1234000E+02 1.7688001E-02
1.1282000E+02 1.6409000E-02
1.1330000E+02 1.6210999E-02
1.1379000E+02 1.6546000E-02
1.1427000E+02 1.6649000E-02
1.1475000E+02 1.6605999E-02
1.1523000E+02 1.6294001E-02
1.1571000E+02 1.5856000E-02
1.1620000E+02 1.5458000E-02
1.1668000E+02 1.5424000E-02
1.1716000E+02 1.5423000E-02
1.1764000E+02 1.5953001E-02
1.1813000E+02 1.6899001E-02
1.1861000E+02 1.7022001E-02
1.1909000E+02 1.6496999E-02
1.1957000E+02 1.6767999E-02
1.2005000E+02 1.7835001E-02
1.2054000E+02 1.7253000E-02
1.2102000E+02 1.6971000E-02
1.2150000E+02 1.9502001E-02
1.2198000E+02 2.0830000E-02
1.2246000E+02 1.9535000E-02
1.2295000E+02 1.9462001E-02
1.2343000E+02 1.9342000E-02
1.2391000E+02 1.7992999E-02
1.2439000E+02 1.7701000E-02
1.2488000E+02 1.7968001E-02
1.2536000E+02 1.7819000E-02
1.2584000E+02 1.6588001E-02
1.2632000E+02 1.6574999E-02
1.2680000E+02 1.9158000E-02
1.2729000E+02 1.9288000E-02
1.2777000E+02 1.7182000E-02
1.2825000E+02 1.6445000E-02
1.2873000E+02 1.6052000E-02
1.2922000E+02 1.5455000E-02
1.2970000E+02 1.5377000E-02
1.3017999E+02 1.5767001E-02
1.3066000E+02 1.6507000E-02
1.3114000E+02 1.7372999E-02
1.3163000E+02 1.8278999E-02
1.3211000E+02 1.9223001E-02
1.3259000E+02 1.9575000E-02
1.3307001E+02 1.9192001E-02
1.3355000E+02 1.9366000E-02
1.3403999E+02 1.9843999E-02
1.3452000E+02 1.9919001E-02
1.3500000E+02 2.0656001E-02
1.3548000E+02 2.1585001E-02
1.3597000E+02 2.1769000E-02
1.3645000E+02 2.1516001E-02
1.3692999E+02 2.1358000E-02
1.3741000E+02 2.0870000E-02
1.3789000E+02 1.9743999E-02
1.3838000E+02 1.9764001E-02
1.3886000E+02 2.0656001E-02
1.3934000E+02 2.0606000E-02
1.3982001E+02 1.9846000E-02
1.4030000E+02 1.9785000E-02
1.4078999E+02 2.0138999E-02
1.4127000E+02 1.9443000E-02
1.4175000E+02 1.8550999E-02
1.4223000E+02 1.8027000E-02
1.4272000E+02 1.7889000E-02
1.4320000E+02 1.8064000E-02
1.4367999E+02 1.7991999E-02
1.4416000E+02 1.8208001E-02
1.4464000E+02 1.8704001E-02
1.4513000E+02 1.8648000E-02
1.4561000E+02 1.8074000E-02
1.4609000E+02 1.8031999E-02
1.4657001E+02 1.8533999E-02
1.4705000E+02 1.8795000E-02
1.4753999E+02 1.8883999E-02
1.4802000E+02 1.8983001E-02
1.4850000E+02 1.9269999E-02
1.4898000E+02 1.9481000E-02
1.4947000E+02 1.8929999E-02
1.4995000E+02 1.8858001E-02
1.5042999E+02 1.9931000E-02
1.5091000E+02 2.0137001E-02
1.5139000E+02 1.9432001E-02
1.5188000E+02 1.9109000E-02
1.5236000E+02 1.8901000E-02
1.5284000E+02 1.8828999E-02
1.5332001E+02 1.9289000E-02
1.5380000E+02 1.9523000E-02
1.5428999E+02 1.9219000E-02
1.5477000E+02 1.9183001E-02
1.5525000E+02 1.9011000E-02
1.5573000E+02 1.9063000E-02
1.5622000E+02 1.9748000E-02
1.5670000E+02 1.9610999E-02
1.5717999E+02 1.9974999E-02
1.5766000E+02 2.1736000E-02
1.5814000E+02 2.1364000E-02
1.5863000E+02 1.9766999E-02
1.5911000E+02 1.9672999E-02
1.5959000E+02 1.9963000E-02
1.6007001E+02 2.0151000E-02
1.6055000E+02 1.9931000E-02
1.6103999E+02 1.9780001E-02
1.6152000E+02 1.9861000E-02
1.6200000E+02 1.9654000E-02
1.6248000E+02 1.9501001E-02
1.6297000E+02 1.9339001E-02
1.6345000E+02 1.9513000E-02
1.6392999E+02 1.9723000E-02
1.6441000E+02 1.9770000E-02
1.6489000E+02 1.9873001E-02
1.6538000E+02 1.9967999E-02
1.6586000E+02 2.0148000E-02
1.6634000E+02 2.0400999E-02
1.6682001E+02 2.0282000E-02
1.6730000E+02 1.9614000E-02
1.6778999E+02 1.9145001E-02
1.6827000E+02 1.9192001E-02
1.6875000E+02 1.9521000E-02
1.6923000E+02 1.9357000E-02
1.6972000E+02 1.9774999E-02
1.7020000E+02 2.1469001E-02
1.7067999E+02 2.1635000E-02
1.7116000E+02 2.0361001E-02
1.7164000E+02 2.0145001E-02
1.7213000E+02 2.0484000E-02
1.7261000E+02 2.0465000E-02
1.7309000E+02 2.1057000E-02
1.7357001E+02 2.1384999E-02
1.7405000E+02 2.0541999E-02
1.7453999E+02 2.0246999E-02
1.7502000E+02 2.0623000E-02
1.7550000E+02 2.1740001E-02
1.7598000E+02 2.3077000E-02
1.7647000E+02 2.2224000E-02
1.7695000E+02 2.1304000E-02
1.7742999E+02 2.2163000E-02
1.7791000E+02 2.2566000E-02
1.7839000E+02 2.2327000E-02
1.7888000E+02 2.2464000E-02
1.7936000E+02 2.2533000E-02
1.7984000E+02 2.2108000E-02
1.8032001E+02 2.1558000E-02
1.8080000E+02 2.1446999E-02
1.8128999E+02 2.2051999E-02
1.8177000E+02 2.2271000E-02
1.8225000E+02 2.1896999E-02
1.8273000E+02 2.1969000E-02
1.8322000E+02 2.1785000E-02
1.8370000E+02 2.1369999E-02
1.8417999E+02 2.1539001E-02
1.8466000E+02 2.1935999E-02
1.8514000E+02 2.1994000E-02
1.8563000E+02 2.2064000E-02
1.8611000E+02 2.2034001E-02
1.8659000E+02 2.1859000E-02
1.8707001E+02 2.2087000E-02
1.8755000E+02 2.2391001E-02
1.8803999E+02 2.2740001E-02
1.8852000E+02 2.2981999E-02
1.8900000E+02 2.3198999E-02
1.8948000E+02 2.3544000E-02
1.8997000E+02 2.3943000E-02
1.9045000E+02 2.4029000E-02
1.9092999E+02 2.4054000E-02
1.9141000E+02 2.4543000E-02
1.9189000E+02 2.4762001E-02
1.9238000E+02 2.4850000E-02
1.9286000E+02 2.4959000E-02
1.9334000E+02 2.5225000E-02
1.9382001E+02 2.5659001E-02
1.9430000E+02 2.6244000E-02
1.9478999E+02 2.6442001E-02
1.9527000E+02 2.6044000E-02
1.9575000E+02 2.6300000E-02
1.9623000E+02 2.6203999E-02
1.9672000E+02 2.5893001E-02
1.9720000E+02 2.6495000E-02
1.9767999E+02 2.7046001E-02
1.9816000E+02 2.6714999E-02
1.9864000E+02 2.6013000E-02
1.9913000E+02 2.5584999E-02
1.9961000E+02 2.5264001E-02
2.0009000E+02 2.5172001E-02
2.0057001E+02 2.5013000E-02
2.0105000E+02 2.5044000E-02
2.0153999E+02 2.4914000E-02
2.0202000E+02 2.5537999E-02
2.0250000E+02 2.8403001E-02
2.0298000E+02 2.8801000E-02
2.0347000E+02 2.6032001E-02
2.0395000E+02 2.4891000E-02
2.0442999E+02 2.5033001E-02
2.0491000E+02 2.5124000E-02
2.0539000E+02 2.5155000E-02
2.0588000E+02 2.5272001E-02
2.0636000E+02 2.5276000E-02
2.0684000E+02 2.5031000E-02
2.0732001E+02 2.4848999E-02
2.0780000E+02 2.5234001E-02
2.0828999E+02 2.6474999E-02
2.0877000E+02 2.6825000E-02
2.0925000E+02 2.6179001E-02
2.0973000E+02 2.6079001E-02
2.1022000E+02 2.5867000E-02
2.1070000E+02 2.5645999E-02
2.1117999E+02 2.5645001E-02
2.1166000E+02 2.5621001E-02
2.1214000E+02 2.6520001E-02
2.1263000E+02 2.7574001E-02
2.1311000E+02 2.7279001E-02
2.1359000E+02 2.7050000E-02
2.1407001E+02 2.7657000E-02
2.1455000E+02 2.8039001E-02
2.1503999E+02 2.8027000E-02
2.1552000E+02 2.7807999E-02
2.1600000E+02 2.7829001E-02
2.1648000E+02 2.8267000E-02
2.1697000E+02 2.8703000E-02
2.1745000E+02 2.8996000E-02
2.1792999E+02 2.9348999E-02
2.1841000E+02 2.9682999E-02
2.1889000E+02 2.9898999E-02
2.1938000E+02 3.0245000E-02
2.1986000E+02 3.0601000E-02
2.2034000E+02 3.0595001E-02
2.2082001E+02 3.0393001E-02
2.2130000E+02 3.1115999E-02
2.2178999E+02 3.2049999E-02
2.2227000E+02 3.1842001E-02
2.2275000E+02 3.1594001E-02
2.2323000E+02 3.1992000E-02
2.2372000E+02 3.2721002E-02
2.2420000E+02 3.2783002E-02
2.2467999E+02 3.2490000E-02
2.2516000E+02 3.2799002E-02
2.2564000E+02 3.3303998E-02
2.2613000E+02 3.4203999E-02
2.2661000E+02 3.4487002E-02
2.2709000E+02 3.4333002E-02
2.2757001E+02 3.6008999E-02
2.2805000E+02 3.7094001E-02
2.2853999E+02 3.6003999E-02
2.2902000E+02 3.5820000E-02
2.2950000E+02 3.6286000E-02
2.2998000E+02 3.6426000E-02
2.3047000E+02 3.7085000E-02
2.3095000E+02 3.7852999E-02
2.3142999E+02 3.8174000E-02
2.3191000E+02 3.8470998E-02
2.3239000E+02 3.8929999E-02
2.3288000E+02 3.9437000E-02
2.3336000E+02 4.0158998E-02
2.3384000E+02 4.0497001E-02
2.3432001E+02 4.0592000E-02
2.3480000E+02 4.1048001E-02
2.3528999E+02 4.1480001E-02
2.3577000E+02 4.1924000E-02
2.3625000E+02 4.2319000E-02
2.3673000E+02 4.2660002E-02
2.3722000E+02 4.3095000E-02
2.3770000E+02 4.3488000E-02
2.3817999E+02 4.3903001E-02
2.3866000E+02 4.4305999E-02
2.3914000E+02 4.4650000E-02
2.3963000E+02 4.5226999E-02
2.4011000E+02 4.5807000E-02
2.4059000E+02 4.6278998E-02
2.4107001E+02 4.6771001E-02
2.4155000E+02 4.7153000E-02
2.4203999E+02 4.7522001E-02
2.4252000E+02 4.7843002E-02
2.4300000E+02 4.8542000E-02
2.4348000E+02 4.9219001E-02
2.4397000E+02 4.9980000E-02
2.4445000E+02 5.1188000E-02
2.4492999E+02 5.2069999E-02
2.4541000E+02 5.2889001E-02
2.4589000E+02 5.2930001E-02
2.4638000E+02 5.2613001E-02
2.4686000E+02 5.3079002E-02
2.4734000E+02 5.4145001E-02
2.4782001E+02 5.6001000E-02
2.4830000E+02 5.7188001E-02
2.4878999E+02 5.7484999E-02
2.4927000E+02 5.8171000E-02
2.4975000E+02 5.8616001E-02
2.5023000E+02 5.9002001E-02
2.5072000E+02 5.9647001E-02
2.5120000E+02 6.0307998E-02
2.5167999E+02 6.1108999E-02
2.5216000E+02 6.1868001E-02
2.5264000E+02 6.2716000E-02
2.5313000E+02 6.3759997E-02
2.5361000E+02 6.6319004E-02
2.5409000E+02 6.8807997E-02
2.5457001E+02 6.8438999E-02
2.5506000E+02 6.8582997E-02
2.5553999E+02 6.9592997E-02
2.5601999E+02 7.0178002E-02
2.5650000E+02 7.1322002E-02
2.5698001E+02 7.2516002E-02
2.5747000E+02 7.3381998E-02
2.5795001E+02 7.4216001E-02
2.5842999E+02 7.5312003E-02
2.5891000E+02 7.6445997E-02
2.5939001E+02 7.7408001E-02
2.5988000E+02 7.8681998E-02
2.6035999E+02 8.0066003E-02
2.6084000E+02 8.1072003E-02
2.6132001E+02 8.2180001E-02
2.6181000E+02 8.3517998E-02
2.6229001E+02 8.4948003E-02
2.6276999E+02 8.6538002E-02
2.6325000E+02 8.8310003E-02
2.6373001E+02 9.0253003E-02
2.6422000E+02 9.1780998E-02
2.6470001E+02 9.3272999E-02
2.6517999E+02 9.5123999E-02
2.6566000E+02 9.7301997E-02
2.6614001E+02 9.9651001E-02
2.6663000E+02 1.0170000E-01
2.6710999E+02 1.0397000E-01
2.6759000E+02 1.0620000E-01
2.6807001E+02 1.0821000E-01
2.6856000E+02 1.1044000E-01
2.6904001E+02 1.1289000E-01
2.6951999E+02 1.1560000E-01
2.7000000E+02 1.1823000E-01
2.7048001E+02 1.2075000E-01
2.7097000E+02 1.2325000E-01
2.7145001E+02 1.2571999E-01
2.7192999E+02 1.2846000E-01
2.7241000E+02 1.3102999E-01
2.7289001E+02 1.3346000E-01
2.7338000E+02 1.3585000E-01
2.7385999E+02 1.3807000E-01
2.7434000E+02 1.4076000E-01
2.7482001E+02 1.4349000E-01
2.7531000E+02 1.4608000E-01
2.7579001E+02 1.4882000E-01
2.7626999E+02 1.5167999E-01
2.7675000E+02 1.5470999E-01
2.7723001E+02 1.5756001E-01
2.7772000E+02 1.6090000E-01
2.7820001E+02 1.6564000E-01
2.7867999E+02 1.7009000E-01
2.7916000E+02 1.7287999E-01
2.7964001E+02 1.7592999E-01
2.8013000E+02 1.8031000E-01
2.8060999E+02 1.8482000E-01
2.8109000E+02 1.8894000E-01
2.8157001E+02 1.9386999E-01
2.8206000E+02 1.9972999E-01
2.8254001E+02 2.0491000E-01
2.8301999E+02 2.0967001E-01
2.8350000E+02 2.1483000E-01
2.8398001E+02 2.2042000E-01
2.8447000E+02 2.2628000E-01
2.8495001E+02 2.3188999E-01
2.8542999E+02 2.3750000E-01
2.8591000E+02 2.4325000E-01
2.8639001E+02 2.4906000E-01
2.8688000E+02 2.5481999E-01
2.8735999E+02 2.6008999E-01
2.8784000E+02 2.6534000E-01
2.8832001E+02 2.7039000E-01
2.8881000E+02 2.7452999E-01
2.8929001E+02 2.7889001E-01
2.8976999E+02 2.8318000E-01
2.9025000E+02 2.8648001E-01
2.9073001E+02 2.8935000E-01
2.9122000E+02 2.9168999E-01
2.9170001E+02 2.9356000E-01
2.9217999E+02 2.9497001E-01
2.9266000E+02 2.9563999E-01
2.9314001E+02 2.9613000E-01
2.9363000E+02 2.9648000E-01
2.9410999E+02 2.9596999E-01
2.9459000E+02 2.9471999E-01
2.9507001E+02 2.9343000E-01
2.9556000E+02 2.9179999E-01
2.9604001E+02 2.8981999E-01
2.9651999E+02 2.8757000E-01
2.9700000E+02 2.8481999E-01
2.9748001E+02 2.8174999E-01
2.9797000E+02 2.7871999E-01
2.9845001E+02 2.7541000E-01
2.9892999E+02 2.7122000E-01
2.9941000E+02 2.6682001E-01
2.9989001E+02 2.6225001E-01
3.0038000E+02 2.5718001E-01
3.0085999E+02 2.5167999E-01
3.0134000E+02 2.4618000E-01
3.0182001E+02 2.4066000E-01
3.0231000E+02 2.3481999E-01
3.0279001E+02 2.2971000E-01
3.0326999E+02 2.2447000E-01
3.0375000E+02 2.1811000E-01
3.0423001E+02 2.1191999E-01
3.0472000E+02 2.0630001E-01
3.0520001E+02 2.0073999E-01
3.0567999E+02 1.9519000E-01
3.0616000E+02 1.8987000E-01
3.0664001E+02 1.8480000E-01
3.0713000E+02 1.8050000E-01
3.0760999E+02 1.7624000E-01
3.0809000E+02 1.7184000E-01
3.0857001E+02 1.6816001E-01
3.0906000E+02 1.6464999E-01
3.0954001E+02 1.6109000E-01
3.1001999E+02 1.5772000E-01
3.1050000E+02 1.5453000E-01
3.1098001E+02 1.5151000E-01
3.1147000E+02 1.4894000E-01
3.1195001E+02 1.4696001E-01
3.1242999E+02 1.4496000E-01
3.1291000E+02 1.4294000E-01
3.1339001E+02 1.4095999E-01
3.1388000E+02 1.3880999E-01
3.1435999E+02 1.3702001E-01
3.1484000E+02 1.3535000E-01
3.1532001E+02 1.3349000E-01
3.1581000E+02 1.3151000E-01
3.1629001E+02 1.2922999E-01
3.1676999E+02 1.2740999E-01
3.1725000E+02 1.2588000E-01
3.1773001E+02 1.2405000E-01
3.1822000E+02 1.2220000E-01
3.1870001E+02 1.2051000E-01
3.1917999E+02 1.1916000E-01
3.1966000E+02 1.1806000E-01
3.2014001E+02 1.1714000E-01
3.2063000E+02 1.1619000E-01
3.2110999E+02 1.1498000E-01
3.2159000E+02 1.1377000E-01
3.2207001E+02 1.1285000E-01
3.2256000E+02 1.1219000E-01
3.2304001E+02 1.1170000E-01
3.2351999E+02 1.1208000E-01
3.2400000E+02 1.1282000E-01
3.2448001E+02 1.1210000E-01
3.2497000E+02 1.1119000E-01
3.2545001E+02 1.1112000E-01
3.2592999E+02 1.1114000E-01
3.2641000E+02 1.1124000E-01
3.2689001E+02 1.1143000E-01
3.2738000E+02 1.1283000E-01
3.2785999E+02 1.1464000E-01
3.2834000E+02 1.1512000E-01
3.2882001E+02 1.1571000E-01
3.2931000E+02 1.1682000E-01
3.2979001E+02 1.1808000E-01
3.3026999E+02 1.1936000E-01
3.3075000E+02 1.2058000E-01
3.3123001E+02 1.2223000E-01
3.3172000E+02 1.2411000E-01
3.3220001E+02 1.2600000E-01
3.3267999E+02 1.2803000E-01
3.3316000E+02 1.3011000E-01
3.3364001E+02 1.3247000E-01
3.3413000E+02 1.3499001E-01
3.3460999E+02 1.3797000E-01
3.3509000E+02 1.4170000E-01
3.3557001E+02 1.4477000E-01
3.3606000E+02 1.4744000E-01
3.3654001E+02 1.5075000E-01
3.3701999E+02 1.5410000E-01
3.3750000E+02 1.5744001E-01
3.3798001E+02 1.6119000E-01
3.3847000E+02 1.6504000E-01
3.3895001E+02 1.6890000E-01
3.3942999E+02 1.7325000E-01
3.3991000E+02 1.7778000E-01
3.4039001E+02 1.8223999E-01
3.4088000E+02 1.8685000E-01
3.4135999E+02 1.9133000E-01
3.4184000E+02 1.9588999E-01
3.4232001E+02 2.0057000E-01
3.4281000E+02 2.0557000E-01
3.4329001E+02 2.1105000E-01
3.4376999E+02 2.1626000E-01
3.4425000E+02 2.2111000E-01
3.4473001E+02 2.2597000E-01
3.4522000E+02 2.3114000E-01
3.4570001E+02 2.3671000E-01
3.4617999E+02 2.4213000E-01
3.4666000E+02 2.4760000E-01
3.4714001E+02 2.5314999E-01
3.4763000E+02 2.5835001E-01
3.4810999E+02 2.6370001E-01
3.4859000E+02 2.6921001E-01
3.4907001E+02 2.7480999E-01
3.4956000E+02 2.8086999E-01
3.5004001E+02 2.8663999E-01
3.5051999E+02 2.9157001E-01
3.5100000E+02 2.9637000E-01
3.5148001E+02 3.0195999E-01
3.5197000E+02 3.0776000E-01
3.5245001E+02 3.1255001E-01
3.5292999E+02 3.1679001E-01
3.5341000E+02 3.2133001E-01
3.5389001E+02 3.2607001E-01
3.5438000E+02 3.3065999E-01
3.5485999E+02 3.3482999E-01
3.5534000E+02 3.3827999E-01
3.5582001E+02 3.4130001E-01
3.5631000E+02 3.4415001E-01
3.5679001E+02 3.4689000E-01
3.5726999E+02 3.4962001E-01
3.5775000E+02 3.5190001E-01
3.5823001E+02 3.5376000E-01
3.5872000E+02 3.5565001E-01
3.5920001E+02 3.5696000E-01
3.5967999E+02 3.5754001E-01
3.6016000E+02 3.5793000E-01
3.6064001E+02 3.5777000E-01
3.6113000E+02 3.5743001E-01
3.6160999E+02 3.5712001E-01
3.6209000E+02 3.5619000E-01
3.6257001E+02 3.5523999E-01
3.6306000E+02 3.5413000E-01
3.6354001E+02 3.5225999E-01
3.6401999E+02 3.5023999E-01
3.6450000E+02 3.4797999E-01
3.6498001E+02 3.4514999E-01
3.6547000E+02 3.4226000E-01
3.6595001E+02 3.3998999E-01
3.6642999E+02 3.3747000E-01
3.6691000E+02 3.3419001E-01
3.6739001E+02 3.3173001E-01
3.6788000E+02 3.2991999E-01
3.6835999E+02 3.2738999E-01
3.6884000E+02 3.2451001E-01
3.6932001E+02 3.2251000E-01
3.6981000E+02 3.2154000E-01
3.7029001E+02 3.2049999E-01
3.7076999E+02 3.1981999E-01
3.7125000E+02 3.1961000E-01
3.7173001E+02 3.1972000E-01
3.7222000E+02 3.2098001E-01
3.7270001E+02 3.2212999E-01
3.7317999E+02 3.2308999E-01
3.7366000E+02 3.2494000E-01
3.7414001E+02 3.2681999E-01
3.7463000E+02 3.2848001E-01
3.7510999E+02 3.3026999E-01
3.7559000E+02 3.3261001E-01
3.7607001E+02 3.3507001E-01
3.7656000E+02 3.3603001E-01
3.7704001E+02 3.3600000E-01
3.7751999E+02 3.3605000E-01
3.7800000E+02 3.3576000E-01
3.7848001E+02 3.3486000E-01
3.7897000E+02 3.3328000E-01
3.7945001E+02 3.3142000E-01
3.7992999E+02 3.2925001E-01
3.8041000E+02 3.2659000E-01
3.8089001E+02 3.2427999E-01
3.8138000E+02 3.2178000E-01
3.8185999E+02 3.1827000E-01
3.8234000E+02 3.1498000E-01
3.8282001E+02 3.1307000E-01
3.8331000E+02 3.1127000E-01
3.8379001E+02 3.0932999E-01
3.8426999E+02 3.0915999E-01
3.8475000E+02 3.0968001E-01
3.8523001E+02 3.1037000E-01
3.8572000E+02 3.1186000E-01
3.8620001E+02 3.1378001E-01
3.8667999E+02 3.1704000E-01
3.8716000E+02 3.2111001E-01
3.8764999E+02 3.2574001E-01
3.8813000E+02 3.3177999E-01
3.8860999E+02 3.3914000E-01
3.8909000E+02 3.4682000E-01
3.8957001E+02 3.5468000E-01
3.9006000E+02 3.6370999E-01
3.9054001E+02 3.7325999E-01
3.9101999E+02 3.8345000E-01
3.9150000E+02 3.9421999E-01
3.9198001E+02 4.0452999E-01
3.9247000E+02 4.1483000E-01
3.9295001E+02 4.2548001E-01
3.9342999E+02 4.3610001E-01
3.9391000E+02 4.4602999E-01
3.9439999E+02 4.5524999E-01
3.9488000E+02 4.6443999E-01
3.9535999E+02 4.7264999E-01
3.9584000E+02 4.7940001E-01
3.9632001E+02 4.8666999E-01
3.9681000E+02 4.9386999E-01
3.9729001E+02 4.9974000E-01
3.9776999E+02 5.0536001E-01
3.9825000E+02 5.1081002E-01
3.9873001E+02 5.1640999E-01
3.9922000E+02 5.2143002E-01
3.9970001E+02 5.2543998E-01
4.0017999E+02 5.3108001E-01
4.0066000E+02 5.3741997E-01
4.0114999E+02 5.4262000E-01
4.0163000E+02 5.4896998E-01
4.0210999E+02 5.5632001E-01
4.0259000E+02 5.6356001E-01
4.0307001E+02 5.7147998E-01
4.0356000E+02 5.8020997E-01
4.0404001E+02 5.8934999E-01
4.0451999E+02 5.9917003E-01
4.0500000E+02 6.1023003E-01
4.0548001E+02 6.2072998E-01
4.0597000E+02 6.2967002E-01
4.0645001E+02 6.3900000E-01
4.0692999E+02 6.5035999E-01
4.0741000E+02 6.6273999E-01
4.0789999E+02 6.7407000E-01
4.0838000E+02 6.8540001E-01
4.0885999E+02 6.9748002E-01
4.0934000E+02 7.0946002E-01
4.0982001E+02 7.2135001E-01
4.1031000E+02 7.3255998E-01
4.1079001E+02 7.4295002E-01
4.1126999E+02 7.5278002E-01
4.1175000E+02 7.6174003E-01
4.1223001E+02 7.6959002E-01
4.1272000E+02 7.7600998E-01
4.1320001E+02 7.8082001E-01
4.1367999E+02 7.8482997E-01
4.1416000E+02 7.8793001E-01
4.1464999E+02 7.8881001E-01
4.1513000E+02 7.8915000E-01
4.1560999E+02 7.8987002E-01
4.1609000E+02 7.9005003E-01
4.1657001E+02 7.8931999E-01
4.1706000E+02 7.8639001E-01
4.1754001E+02 7.8268999E-01
4.1801999E+02 7.7923000E-01
4.1850000E+02 7.7497000E-01
4.1898001E+02 7.7043003E-01
4.1947000E+02 7.6552999E-01
4.1995001E+02 7.6080000E-01
4.2042999E+02 7.5642997E-01
4.2091000E+02 7.5114000E-01
4.2139999E+02 7.4519002E-01
4.2188000E+02 7.3844999E-01
4.2235999E+02 7.3132998E-01
4.2284000E+02 7.2557998E-01
4.2332001E+02 7.1983999E-01
4.2381000E+02 7.1322000E-01
4.2429001E+02 7.0674002E-01
4.2476999E+02 7.0003003E-01
4.2525000E+02 6.9248998E-01
4.2573001E+02 6.8456000E-01
4.2622000E+02 6.7776000E-01
4.2670001E+02 6.7124999E-01
4.2717999E+02 6.6349000E-01
4.2766000E+02 6.5583998E-01
4.2814999E+02 6.4918000E-01
4.2863000E+02 6.4161998E-01
4.2910999E+02 6.3322002E-01
4.2959000E+02 6.2629002E-01
4.3007001E+02 6.1998999E-01
4.3056000E+02 6.1286002E-01
4.3104001E+02 6.0527998E-01
4.3151999E+02 5.9789002E-01
4.3200000E+02 5.9122998E-01
4.3248001E+02 5.8547997E-01
4.3297000E+02 5.7932001E-01
4.3345001E+02 5.7200003E-01
4.3392999E+02 5.6545001E-01
4.3441000E+02 5.6007999E-01
4.3489999E+02 5.5557001E-01
4.3538000E+02 5.5066001E-01
4.3585999E+02 5.4491001E-01
4.3634000E+02 5.4020000E-01
4.3682001E+02 5.3592002E-01
4.3731000E+02 5.3110999E-01
4.3779001E+02 5.2587003E-01
4.3826999E+02 5.2170002E-01
4.3875000E+02 5.1824999E-01
4.3923001E+02 5.1375997E-01
4.3972000E+02 5.0990999E-01
4.4020001E+02 5.0603002E-01
4.4067999E+02 5.0084001E-01
4.4116000E+02 4.9601001E-01
4.4164999E+02 4.9173999E-01
4.4213000E+02 4.8767999E-01
4.4260999E+02 4.8339000E-01
4.4309000E+02 4.7847000E-01
4.4357001E+02 4.7378999E-01
4.4406000E+02 4.6884000E-01
4.4454001E+02 4.6323001E-01
4.4501999E+02 4.5791000E-01
4.4550000E+02 4.5247999E-01
4.4598001E+02 4.4687000E-01
4.4647000E+02 4.4183999E-01
4.4695001E+02 4.3694001E-01
4.4742999E+02 4.3166000E-01
4.4791000E+02 4.2651999E-01
4.4839999E+02 4.2214000E-01
4.4888000E+02 4.1756999E-01
4.4935999E+02 4.1266999E-01
4.4984000E+02 4.0860999E-01
4.5032001E+02 4.0413001E-01
4.5081000E+02 3.9938000E-01
4.5129001E+02 3.9565000E-01
4.5176999E+02 3.9256999E-01
4.5225000E+02 3.9024001E-01
4.5273001E+02 3.8799000E-01
4.5322000E+02 3.8573000E-01
4.5370001E+02 3.8345999E-01
4.5417999E+02 3.8124001E-01
4.5466000E+02 3.7974000E-01
4.5514999E+02 3.7891999E-01
4.5563000E+02 3.7810999E-01
4.5610999E+02 3.7639001E-01
4.5659000E+02 3.7548000E-01
4.5707001E+02 3.7560001E-01
4.5756000E+02 3.7542999E-01
4.5804001E+02 3.7544000E-01
4.5851999E+02 3.7526000E-01
4.5900000E+02 3.7476999E-01
4.5948001E+02 3.7426001E-01
4.5997000E+02 3.7457001E-01
4.6045001E+02 3.7511000E-01
4.6092999E+02 3.7476999E-01
4.6141000E+02 3.7428999E-01
4.6189999E+02 3.7389001E-01
4.6238000E+02 3.7360001E-01
4.6285999E+02 3.7353000E-01
4.6334000E+02 3.7382999E-01
4.6382001E+02 3.7448999E-01
4.6431000E+02 3.7458000E-01
4.6479001E+02 3.7432000E-01
4.6526999E+02 3.7474000E-01
4.6575000E+02 3.7507001E-01
4.6623001E+02 3.7485999E-01
4.6672000E+02 3.7505001E-01
4.6720001E+02 3.7566000E-01
4.6767999E+02 3.7623999E-01
4.6816000E+02 3.7626001E-01
4.6864999E+02 3.7621000E-01
4.6913000E+02 3.7634999E-01
4.6960999E+02 3.7580001E-01
4.7009000E+02 3.7505999E-01
4.7057001E+02 3.7474000E-01
4.7106000E+02 3.7436000E-01
4.7154001E+02 3.7334999E-01
4.7201999E+02 3.7239000E-01
4.7250000E+02 3.7246999E-01
4.7298001E+02 3.7244999E-01
4.7347000E+02 3.7142000E-01
4.7395001E+02 3.7073001E-01
4.7442999E+02 3.7029999E-01
4.7491000E+02 3.6897001E-01
4.7539999E+02 3.6752000E-01
4.7588000E+02 3.6657000E-01
4.7635999E+02 3.6535999E-01
4.7684000E+02 3.6357000E-01
4.7732001E+02 3.6175999E-01
4.7781000E+02 3.5973001E-01
4.7829001E+02 3.5723001E-01
4.7876999E+02 3.5488999E-01
4.7925000E+02 3.5223001E-01
4.7973001E+02 3.4838000E-01
4.8022000E+02 3.4452000E-01
4.8070001E+02 3.4152001E-01
4.8117999E+02 3.3899999E-01
4.8166000E+02 3.3638999E-01
4.8214999E+02 3.3370000E-01
4.8263000E+02 3.3122000E-01
4.8310999E+02 3.2922000E-01
4.8359000E+02 3.2802999E-01
4.8407001E+02 3.2714000E-01
4.8456000E+02 3.2657999E-01
4.8504001E+02 3.2631999E-01
4.8551999E+02 3.2677001E-01
4.8600000E+02 3.2859999E-01
4.8648001E+02 3.3070001E-01
4.8697000E+02 3.3289000E-01
4.8745001E+02 3.3555001E-01
4.8792999E+02 3.3954000E-01
4.8841000E+02 3.4474999E-01
4.8889999E+02 3.4994999E-01
4.8938000E+02 3.5616001E-01
4.8985999E+02 3.6357000E-01
4.9034000E+02 3.7046000E-01
4.9082001E+02 3.7702999E-01
4.9131000E+02 3.8591000E-01
4.9179001E+02 3.9691001E-01
4.9226999E+02 4.0729001E-01
4.9275000E+02 4.1725001E-01
4.9323001E+02 4.2809999E-01
4.9372000E+02 4.3965000E-01
4.9420001E+02 4.5161000E-01
4.9467999E+02 4.6417001E-01
4.9516000E+02 4.7668001E-01
4.9564999E+02 4.8866001E-01
4.9613000E+02 5.0124002E-01
4.9660999E+02 5.1512003E-01
4.9709000E+02 5.2910000E-01
4.9757001E+02 5.4259998E-01
4.9806000E+02 5.5580997E-01
4.9854001E+02 5.6871003E-01
4.9901999E+02 5.8164001E-01
4.9950000E+02 5.9395999E-01
4.9998001E+02 6.0628998E-01
5.0047000E+02 6.1809999E-01
5.0095001E+02 6.2831002E-01
5.0142999E+02 6.3896000E-01
5.0191000E+02 6.4845997E-01
5.0239999E+02 6.5485001E-01
5.0288000E+02 6.6088003E-01
5.0335999E+02 6.6639000E-01
5.0384000E+02 6.6962999E-01
5.0432001E+02 6.7224997E-01
5.0481000E+02 6.7433000E-01
5.0529001E+02 6.7552000E-01
5.0576999E+02 6.7707998E-01
5.0625000E+02 6.7796999E-01
5.0673001E+02 6.7930001E-01
5.0722000E+02 6.8114001E-01
5.0770001E+02 6.8022001E-01
5.0817999E+02 6.7978001E-01
5.0866000E+02 6.8088001E-01
5.0914999E+02 6.8050998E-01
5.0963000E+02 6.8015999E-01
5.1010999E+02 6.8048000E-01
5.1059000E+02 6.8036002E-01
5.1107001E+02 6.7988002E-01
5.1156000E+02 6.8063003E-01
5.1203998E+02 6.8144000E-01
5.1252002E+02 6.8028003E-01
5.1300000E+02 6.7957997E-01
5.1348999E+02 6.8053001E-01
5.1396997E+02 6.8193001E-01
5.1445001E+02 6.8172002E-01
5.1492999E+02 6.8067002E-01
5.1540997E+02 6.8172997E-01
5.1590002E+02 6.8269002E-01
5.1638000E+02 6.8330997E-01
5.1685999E+02 6.8515998E-01
5.1734003E+02 6.8630999E-01
5.1782001E+02 6.8646002E-01
5.1831000E+02 6.8642002E-01
5.1878998E+02 6.8669999E-01
5.1927002E+02 6.8747002E-01
5.1975000E+02 6.8879998E-01
5.2023999E+02 6.8984997E-01
5.2071997E+02 6.9013000E-01
5.2120001E+02 6.9106001E-01
5.2167999E+02 6.9224000E-01
5.2215997E+02 6.9308001E-01
5.2265002E+02 6.9338000E-01
5.2313000E+02 6.9296002E-01
5.2360999E+02 6.9226003E-01
5.2409003E+02 6.9173998E-01
5.2457001E+02 6.9062001E-01
5.2506000E+02 6.8799001E-01
5.2553998E+02 6.8677998E-01
5.2602002E+02 6.8633002E-01
5.2650000E+02 6.8373001E-01
5.2698999E+02 6.8024999E-01
5.2746997E+02 6.7585999E-01
5.2795001E+02 6.7135000E-01
5.2842999E+02 6.6769999E-01
5.2890997E+02 6.6346002E-01
5.2940002E+02 6.5890998E-01
5.2988000E+02 6.5420997E-01
5.3035999E+02 6.4857000E-01
5.3084003E+02 6.4367002E-01
5.3132001E+02 6.3951999E-01
5.3181000E+02 6.3409001E-01
5.3228998E+02 6.2818998E-01
5.3277002E+02 6.2266999E-01
5.3325000E+02 6.1734998E-01
5.3373999E+02 6.1256999E-01
5.3421997E+02 6.0854000E-01
5.3470001E+02 6.0387999E-01
5.3517999E+02 5.9832001E-01
5.3565997E+02 5.9372997E-01
5.3615002E+02 5.8981001E-01
5.3663000E+02 5.8564001E-01
5.3710999E+02 5.8127999E-01
5.3759003E+02 5.7748002E-01
5.3807001E+02 5.7473999E-01
5.3856000E+02 5.7155001E-01
5.3903998E+02 5.6775999E-01
5.3952002E+02 5.6428999E-01
5.4000000E+02 5.6094003E-01
5.4048999E+02 5.5756998E-01
5.4096997E+02 5.5383998E-01
5.4145001E+02 5.5043000E-01
5.4192999E+02 5.4838002E-01
5.4240997E+02 5.4628003E-01
5.4290002E+02 5.4325002E-01
5.4338000E+02 5.4001999E-01
5.4385999E+02 5.3609997E-01
5.4434003E+02 5.3201002E-01
5.4482001E+02 5.2895999E-01
5.4531000E+02 5.2595001E-01
5.4578998E+02 5.2310997E-01
5.4627002E+02 5.2059001E-01
5.4675000E+02 5.1700997E-01
5.4723999E+02 5.1280999E-01
5.4771997E+02 5.0814003E-01
5.4820001E+02 5.0247002E-01
5.4867999E+02 4.9702001E-01
5.4915997E+02 4.9304000E-01
5.4965002E+02 4.8962000E-01
5.5013000E+02 4.8515999E-01
5.5060999E+02 4.7993001E-01
5.5109003E+02 4.7536999E-01
5.5157001E+02 4.7123000E-01
5.5206000E+02 4.6531001E-01
5.5253998E+02 4.5980000E-01
5.5302002E+02 4.5706001E-01
5.5350000E+02 4.5372999E-01
5.5398999E+02 4.4918001E-01
5.5446997E+02 4.4488999E-01
5.5495001E+02 4.4045001E-01
5.5542999E+02 4.3610001E-01
5.5590997E+02 4.3202001E-01
5.5640002E+02 4.2794999E-01
5.5688000E+02 4.2412001E-01
5.5735999E+02 4.2043000E-01
5.5784003E+02 4.1622001E-01
5.5832001E+02 4.1202000E-01
5.5881000E+02 4.0853000E-01
5.5928998E+02 4.0478000E-01
5.5977002E+02 4.0055001E-01
5.6025000E+02 3.9644000E-01
5.6073999E+02 3.9236999E-01
5.6121997E+02 3.8834000E-01
5.6170001E+02 3.8426000E-01
5.6217999E+02 3.8020000E-01
5.6265997E+02 3.7693000E-01
5.6315002E+02 3.7408999E-01
5.6363000E+02 3.7052000E-01
5.6410999E+02 3.6660999E-01
5.6459003E+02 3.6265999E-01
5.6507001E+02 3.5892001E-01
5.6556000E+02 3.5585001E-01
5.6603998E+02 3.5225001E-01
5.6652002E+02 3.4872001E-01
5.6700000E+02 3.4571001E-01
5.6748999E+02 3.4215000E-01
5.6796997E+02 3.3899999E-01
5.6845001E+02 3.3625001E-01
5.6892999E+02 3.3329001E-01
5.6940997E+02 3.3006001E-01
5.6990002E+02 3.2602999E-01
5.7038000E+02 3.2225001E-01
5.7085999E+02 3.1988001E-01
5.7134003E+02 3.1799001E-01
5.7182001E+02 3.1586000E-01
5.7231000E+02 3.1330001E-01
5.7278998E+02 3.0998001E-01
5.7327002E+02 3.0698001E-01
5.7375000E+02 3.0463001E-01
5.7423999E+02 3.0249000E-01
5.7471997E+02 3.0002999E-01
5.7520001E+02 2.9677001E-01
5.7567999E+02 2.9459000E-01
5.7615997E+02 2.9313001E-01
5.7665002E+02 2.9064000E-01
5.7713000E+02 2.8812000E-01
5.7760999E+02 2.8567001E-01
5.7809003E+02 2.8321001E-01
5.7857001E+02 2.8095001E-01
5.7906000E+02 2.7902001E-01
5.7953998E+02 2.7724001E-01
5.8002002E+02 2.7505001E-01
5.8050000E+02 2.7337000E-01
5.8098999E+02 2.7180001E-01
5.8146997E+02 2.6977000E-01
5.8195001E+02 2.6852000E-01
5.8242999E+02 2.6745999E-01
5.8290997E+02 2.6576999E-01
5.8340002E+02 2.6457000E-01
5.8388000E+02 2.6374000E-01
5.8435999E+02 2.6241001E-01
5.8484003E+02 2.6117000E-01
5.8532001E+02 2.6051000E-01
5.8581000E+02 2.6076001E-01
5.8628998E+02 2.6056999E-01
5.8677002E+02 2.5924000E-01
5.8725000E+02 2.5902000E-01
5.8773999E+02 2.5977001E-01
5.8821997E+02 2.6025000E-01
5.8870001E+02 2.6087001E-01
5.8917999E+02 2.6179999E-01
5.8965997E+02 2.6337999E-01
5.9015002E+02 2.6526999E-01
5.9063000E+02 2.6672000E-01
5.9110999E+02 2.6938999E-01
5.9159003E+02 2.7259001E-01
5.9207001E+02 2.7454999E-01
5.9256000E+02 2.7814999E-01
5.9303998E+02 2.8342000E-01
5.9352002E+02 2.8764001E-01
5.9400000E+02 2.9163000E-01
5.9448999E+02 2.9640999E-01
5.9496997E+02 3.0145001E-01
5.9545001E+02 3.0702999E-01
5.9592999E+02 3.1363001E-01
5.9640997E+02 3.1963000E-01
5.9690002E+02 3.2486999E-01
5.9738000E+02 3.3206999E-01
5.9785999E+02 3.4077001E-01
5.9834003E+02 3.4823000E-01
5.9882001E+02 3.5486999E-01
5.9931000E+02 3.6164001E-01
5.9978998E+02 3.6820999E-01
6.0027002E+02 3.7428999E-01
6.0075000E+02 3.7922999E-01
6.0123999E+02 3.8473001E-01
6.0171997E+02 3.9098999E-01
6.0220001E+02 3.9625001E-01
6.0267999E+02 4.0121999E-01
6.0315997E+02 4.0474999E-01
6.0365002E+02 4.0816000E-01
6.0413000E+02 4.1479000E-01
6.0460999E+02 4.2161000E-01
6.0509003E+02 4.2396000E-01
6.0557001E+02 4.2251000E-01
6.0606000E+02 4.2460001E-01
6.0653998E+02 4.3028000E-01
6.0702002E+02 4.3300000E-01
6.0750000E+02 4.3650001E-01
6.0798999E+02 4.4134000E-01
6.0846997E+02 4.4253999E-01
6.0895001E+02 4.4159999E-01
6.0942999E+02 4.4242001E-01
6.0990997E+02 4.4589999E-01
6.1040002E+02 4.4668999E-01
6.1088000E+02 4.4569001E-01
6.1135999E+02 4.4852000E-01
6.1184003E+02 4.5181999E-01
6.1232001E+02 4.5304999E-01
6.1281000E+02 4.5361999E-01
6.1328998E+02 4.5284000E-01
6.1377002E+02 4.5124000E-01
6.1425000E+02 4.4960001E-01
6.1473999E+02 4.4968000E-01
6.1521997E+02 4.5238999E-01
6.1570001E+02 4.5313001E-01
6.1617999E+02 4.5012999E-01
6.1665997E+02 4.4745001E-01
6.1715002E+02 4.4628000E-01
6.1763000E+02 4.4444001E-01
6.1810999E+02 4.4137001E-01
6.1859003E+02 4.3638000E-01
6.1907001E+02 4.3437001E-01
6.1956000E+02 4.3526000E-01
6.2003998E+02 4.3224001E-01
6.2052002E+02 4.2930999E-01
6.2100000E+02 4.2515999E-01
6.2148999E+02 4.2050001E-01
6.2196997E+02 4.1769001E-01
6.2245001E+02 4.1262999E-01
6.2292999E+02 4.1060999E-01
6.2340997E+02 4.0698001E-01
6.2390002E+02 3.9899999E-01
6.2438000E+02 3.9715001E-01
6.2485999E+02 3.9625999E-01
6.2534003E+02 3.9280000E-01
6.2582001E+02 3.9026999E-01
6.2631000E+02 3.8341001E-01
6.2678998E+02 3.7709001E-01
6.2727002E+02 3.7366000E-01
6.2775000E+02 3.6657000E-01
6.2823999E+02 3.5929999E-01
6.2871997E+02 3.5505000E-01
6.2920001E+02 3.5269001E-01
6.2967999E+02 3.4731001E-01
6.3015997E+02 3.4108999E-01
6.3065002E+02 3.3928001E-01
6.3113000E+02 3.3594000E-01
6.3160999E+02 3.3294001E-01
6.3306000E+02 2.8713000E-01
6.3353998E+02 2.8163999E-01
6.3402002E+02 2.7566999E-01
6.3450000E+02 2.7057001E-01
6.3498999E+02 2.6558000E-01
6.3546997E+02 2.6019001E-01
6.3595001E+02 2.5508001E-01
6.3642999E+02 2.4987000E-01
6.3690997E+02 2.4481000E-01
6.3740002E+02 2.3998000E-01
6.3788000E+02 2.3534000E-01
6.3835999E+02 2.3100001E-01
6.3884003E+02 2.2671001E-01
6.3933002E+02 2.2272000E-01
6.3981000E+02 2.1867999E-01
6.4028998E+02 2.1438000E-01
6.4077002E+02 2.1032999E-01
6.4125000E+02 2.0659000E-01
6.4173999E+02 2.0302001E-01
6.4221997E+02 1.9972000E-01
6.4270001E+02 1.9645999E-01
6.4317999E+02 1.9323000E-01
6.4365997E+02 1.9049001E-01
6.4415002E+02 1.8764000E-01
6.4463000E+02 1.8476000E-01
6.4510999E+02 1.8234999E-01
6.4559003E+02 1.8007000E-01
6.4608002E+02 1.7788000E-01
6.4656000E+02 1.7560001E-01
6.4703998E+02 1.7357001E-01
6.4752002E+02 1.7167000E-01
6.4800000E+02 1.6940001E-01
6.4848999E+02 1.6752000E-01
6.4896997E+02 1.6587999E-01
6.4945001E+02 1.6422001E-01
6.4992999E+02 1.6291000E-01
6.5040997E+02 1.6143000E-01
6.5090002E+02 1.5992001E-01
6.5138000E+02 1.5870000E-01
6.5185999E+02 1.5746000E-01
6.5234003E+02 1.5612000E-01
6.5283002E+02 1.5498000E-01
6.5331000E+02 1.5392999E-01
6.5378998E+02 1.5273000E-01
6.5427002E+02 1.5189999E-01
6.5475000E+02 1.5109999E-01
6.5523999E+02 1.5017000E-01
6.5571997E+02 1.4932001E-01
6.5620001E+02 1.4845000E-01
6.5667999E+02 1.4781000E-01
6.5715997E+02 1.4700000E-01
6.5765002E+02 1.4612000E-01
6.5813000E+02 1.4553000E-01
6.5860999E+02 1.4497000E-01
6.5909003E+02 1.4448000E-01
6.5958002E+02 1.4386000E-01
6.6006000E+02 1.4327000E-01
6.6053998E+02 1.4277001E-01
6.6102002E+02 1.4207999E-01
6.6150000E+02 1.4151999E-01
6.6198999E+02 1.4104000E-01
6.6246997E+02 1.4053001E-01
6.6295001E+02 1.4022000E-01
6.6342999E+02 1.3980000E-01
6.6390997E+02 1.3917001E-01
6.6440002E+02 1.3869999E-01
6.6488000E+02 1.3828000E-01
6.6535999E+02 1.3775000E-01
6.6584003E+02 1.3738000E-01
6.6633002E+02 1.3699000E-01
6.6681000E+02 1.3643000E-01
6.6728998E+02 1.3602000E-01
6.6777002E+02 1.3562000E-01
6.6825000E+02 1.3513000E-01
6.6873999E+02 1.3470000E-01
6.6921997E+02 1.3424000E-01
6.6970001E+02 1.3375001E-01
6.7017999E+02 1.3333000E-01
6.7065997E+02 1.3302000E-01
6.7115002E+02 1.3260999E-01
6.7163000E+02 1.3202000E-01
6.7210999E+02 1.3155000E-01
6.7259003E+02 1.3111000E-01
6.7308002E+02 1.3062000E-01
6.7356000E+02 1.3020000E-01
6.7403998E+02 1.2971000E-01
6.7452002E+02 1.2918000E-01
6.7500000E+02 1.2880000E-01
6.7548999E+02 1.2842999E-01
6.7596997E+02 1.2797999E-01
6.7645001E+02 1.2755001E-01
6.7692999E+02 1.2699001E-01
6.7740997E+02 1.2645000E-01
6.7790002E+02 1.2606999E-01
6.7838000E+02 1.2558000E-01
6.7885999E+02 1.2506001E-01
6.7934003E+02 1.2453000E-01
6.7983002E+02 1.2404000E-01
6.8031000E+02 1.2362000E-01
6.8078998E+02 1.2300000E-01
6.8127002E+02 1.2249000E-01
6.8175000E+02 1.2205000E-01
6.8223999E+02 1.2145000E-01
6.8271997E+02 1.2092000E-01
6.8320001E+02 1.2041000E-01
6.8367999E+02 1.1996000E-01
6.8415997E+02 1.1947000E-01
6.8465002E+02 1.1882000E-01
6.8513000E+02 1.1827000E-01
6.8560999E+02 1.1774000E-01
6.8609003E+02 1.1718000E-01
6.8658002E+02 1.1664000E-01
6.8706000E+02 1.1599000E-01
6.8753998E+02 1.1533000E-01
6.8802002E+02 1.1477000E-01
6.8850000E+02 1.1422000E-01
6.8898999E+02 1.1361000E-01
6.8946997E+02 1.1307000E-01
6.8995001E+02 1.1253000E-01
6.9042999E+02 1.1193000E-01
6.9090997E+02 1.1141000E-01
6.9140002E+02 1.1078000E-01
6.9188000E+02 1.1012000E-01
6.9235999E+02 1.0952000E-01
6.9284003E+02 1.0875000E-01
6.9333002E+02 1.0815000E-01
6.9381000E+02 1.0764000E-01
6.9428998E+02 1.0706000E-01
6.9477002E+02 1.0641000E-01
6.9525000E+02 1.0562000E-01
6.9573999E+02 1.0505000E-01
6.9621997E+02 1.0448000E-01
6.9670001E+02 1.0375000E-01
6.9717999E+02 1.0305000E-01
6.9765997E+02 1.0229000E-01
6.9815002E+02 1.0175000E-01
6.9863000E+02 1.0136000E-01
6.9910999E+02 1.0078000E-01
6.9959003E+02 1.0005000E-01
7.0008002E+02 9.9319004E-02
7.0056000E+02 9.8650001E-02
7.0103998E+02 9.7953998E-02
7.0152002E+02 9.7381003E-02
7.0200000E+02 9.6841998E-02
7.0248999E+02 9.6308000E-02
7.0296997E+02 9.5788002E-02
7.0345001E+02 9.4985001E-02
7.0392999E+02 9.4227001E-02
7.0440997E+02 9.3645997E-02
7.0490002E+02 9.3138002E-02
7.0538000E+02 9.2592001E-02
7.0585999E+02 9.1895998E-02
7.0634003E+02 9.1388002E-02
7.0683002E+02 9.0784997E-02
7.0731000E+02 9.0095997E-02
7.0778998E+02 8.9481004E-02
7.0827002E+02 8.8795997E-02
7.0875000E+02 8.8303998E-02
7.0923999E+02 8.7715000E-02
7.0971997E+02 8.7112002E-02
7.1020001E+02 8.6641997E-02
7.1067999E+02 8.6007997E-02
7.1115997E+02 8.5368998E-02
7.1165002E+02 8.4738001E-02
7.1213000E+02 8.4181003E-02
7.1260999E+02 8.3700001E-02
7.1309003E+02 8.3218999E-02
7.1358002E+02 8.2695998E-02
7.1406000E+02 8.2115002E-02
7.1453998E+02 8.1726998E-02
7.1502002E+02 8.1169002E-02
7.1550000E+02 8.0522999E-02
7.1598999E+02 8.0041997E-02
7.1646997E+02 7.9535000E-02
7.1695001E+02 7.9168998E-02
7.1742999E+02 7.8704000E-02
7.1790997E+02 7.8192003E-02
7.1840002E+02 7.7730998E-02
7.1888000E+02 7.7280998E-02
7.1935999E+02 7.6862000E-02
7.1984003E+02 7.6296002E-02
7.2033002E+02 7.5957999E-02
7.2081000E+02 7.5557999E-02
7.2128998E+02 7.5046003E-02
7.2177002E+02 7.4741997E-02
7.2225000E+02 7.4230999E-02
7.2273999E+02 7.3864996E-02
7.2321997E+02 7.3537998E-02
7.2370001E+02 7.2999999E-02
7.2417999E+02 7.2591998E-02
7.2465997E+02 7.2296001E-02
7.2515002E+02 7.2003998E-02
7.2563000E+02 7.1585000E-02
7.2610999E+02 7.1318999E-02
7.2659003E+02 7.0977002E-02
7.2708002E+02 7.0514999E-02
7.2756000E+02 7.0200004E-02
7.2803998E+02 6.9665000E-02
7.2852002E+02 6.9349997E-02
7.2900000E+02 6.9118999E-02
7.2948999E+02 6.8750001E-02
7.2996997E+02 6.8495996E-02
7.3045001E+02 6.8172999E-02
7.3092999E+02 6.7938000E-02
7.3140997E+02 6.7619003E-02
7.3190002E+02 6.7354001E-02
7.3238000E+02 6.7192003E-02
7.3285999E+02 6.6931002E-02
7.3334003E+02 6.6835001E-02
7.3383002E+02 6.6546001E-02
7.3431000E+02 6.6207998E-02
7.3478998E+02 6.5995999E-02
7.3527002E+02 6.5742001E-02
7.3575000E+02 6.5585002E-02
7.3623999E+02 6.5334998E-02
7.3671997E+02 6.5141998E-02
7.3720001E+02 6.4942002E-02
7.3767999E+02 6.4750001E-02
7.3815997E+02 6.4645998E-02
7.3865002E+02 6.4434998E-02
7.3913000E+02 6.4407997E-02
7.3960999E+02 6.4354002E-02
7.4009003E+02 6.4237997E-02
7.4058002E+02 6.4172998E-02
7.4106000E+02 6.4034998E-02
7.4153998E+02 6.4069003E-02
7.4202002E+02 6.3950002E-02
7.4250000E+02 6.3777000E-02
7.4298999E+02 6.3781001E-02
7.4346997E+02 6.3722998E-02
7.4395001E+02 6.3738003E-02
7.4442999E+02 6.3695997E-02
7.4490997E+02 6.3634999E-02
7.4540002E+02 6.3596003E-02
7.4588000E+02 6.3573003E-02
7.4635999E+02 6.3596003E-02
7.4684003E+02 6.3534997E-02
7.4733002E+02 6.3573003E-02
7.4781000E+02 6.3538000E-02
7.4828998E+02 6.3492000E-02
7.4877002E+02 6.3580997E-02
7.4925000E+02 6.3626997E-02
7.4973999E+02 6.3745998E-02
7.5021997E+02 6.3715003E-02
7.5070001E+02 6.3715003E-02
7.5117999E+02 6.3841999E-02
7.5165997E+02 6.3854001E-02
7.5215002E+02 6.3946001E-02
7.5263000E+02 6.3992001E-02
7.5310999E+02 6.4053997E-02
7.5359003E+02 6.4176999E-02
7.5408002E+02 6.4237997E-02
7.5456000E+02 6.4319000E-02
7.5503998E+02 6.4400002E-02
7.5552002E+02 6.4565003E-02
7.5600000E+02 6.4672999E-02
7.5648999E+02 6.4769000E-02
7.5696997E+02 6.4965002E-02
7.5745001E+02 6.5081000E-02
7.5792999E+02 6.5177001E-02
7.5840997E+02 6.5254003E-02
7.5890002E+02 6.5365002E-02
7.5938000E+02 6.5488003E-02
7.5985999E+02 6.5673001E-02
7.6034003E+02 6.5888003E-02
7.6083002E+02 6.5941997E-02
7.6131000E+02 6.6219002E-02
7.6178998E+02 6.6550002E-02
7.6227002E+02 6.6642001E-02
7.6275000E+02 6.6780999E-02
7.6323999E+02 6.6950001E-02
7.6371997E+02 6.7199998E-02
7.6420001E+02 6.7507997E-02
7.6467999E+02 6.7861997E-02
7.6516998E+02 6.8181001E-02
7.6565002E+02 6.8250000E-02
7.6613000E+02 6.8384998E-02
7.6660999E+02 6.8700001E-02
7.6709003E+02 6.9014996E-02
7.6758002E+02 6.9372997E-02
7.6806000E+02 6.9819003E-02
7.6853998E+02 7.0249997E-02
7.6902002E+02 7.0511997E-02
7.6950000E+02 7.0735000E-02
7.6998999E+02 7.1076997E-02
7.7046997E+02 7.1538001E-02
7.7095001E+02 7.1930997E-02
7.7142999E+02 7.2235003E-02
7.7191998E+02 7.2685003E-02
7.7240002E+02 7.3058002E-02
7.7288000E+02 7.3380999E-02
7.7335999E+02 7.3792003E-02
7.7384003E+02 7.4111998E-02
7.7433002E+02 7.4511997E-02
7.7481000E+02 7.4980997E-02
7.7528998E+02 7.5488001E-02
7.7577002E+02 7.6035000E-02
7.7625000E+02 7.6518998E-02
7.7673999E+02 7.7085003E-02
7.7721997E+02 7.7584997E-02
7.7770001E+02 7.7977002E-02
7.7817999E+02 7.8322999E-02
7.7866998E+02 7.8665003E-02
7.7915002E+02 7.9231001E-02
7.7963000E+02 7.9842001E-02
7.8010999E+02 8.0365002E-02
7.8059003E+02 8.0991998E-02
7.8108002E+02 8.1603996E-02
7.8156000E+02 8.2080998E-02
7.8203998E+02 8.2626998E-02
7.8252002E+02 8.3168998E-02
7.8300000E+02 8.3581001E-02
7.8348999E+02 8.4158003E-02
7.8396997E+02 8.4753998E-02
7.8445001E+02 8.5245997E-02
7.8492999E+02 8.5835002E-02
7.8541998E+02 8.6341999E-02
7.8590002E+02 8.6930998E-02
7.8638000E+02 8.7734997E-02
7.8685999E+02 8.8395998E-02
7.8734003E+02 8.9004003E-02
7.8783002E+02 8.9645997E-02
7.8831000E+02 9.0149999E-02
7.8878998E+02 9.0673000E-02
7.8927002E+02 9.1384999E-02
7.8975000E+02 9.1995999E-02
7.9023999E+02 9.2534997E-02
7.9071997E+02 9.3312003E-02
7.9120001E+02 9.4030999E-02
7.9167999E+02 9.4654001E-02
7.9216998E+02 9.5376998E-02
7.9265002E+02 9.6069001E-02
7.9313000E+02 9.6772999E-02
7.9360999E+02 9.7488001E-02
7.9409003E+02 9.8261997E-02
7.9458002E+02 9.8912001E-02
7.9506000E+02 9.9527001E-02
7.9553998E+02 1.0038000E-01
7.9602002E+02 1.0114000E-01
7.9650000E+02 1.0196000E-01
7.9698999E+02 1.0284000E-01
7.9746997E+02 1.0348000E-01
7.9795001E+02 1.0429000E-01
7.9842999E+02 1.0525000E-01
7.9891998E+02 1.0615000E-01
7.9940002E+02 1.0712000E-01
7.9988000E+02 1.0799000E-01
8.0566998E+02 1.1622000E-01
8.0615002E+02 1.1672000E-01
8.0663000E+02 1.1720000E-01
8.0710999E+02 1.1818000E-01
8.0759003E+02 1.1885000E-01
8.0808002E+02 1.1946000E-01
8.0856000E+02 1.2039000E-01
8.0903998E+02 1.2105000E-01
8.0952002E+02 1.2178000E-01
8.1000000E+02 1.2266000E-01
8.1048999E+02 1.2337000E-01
8.1096997E+02 1.2429000E-01
8.1145001E+02 1.2515000E-01
8.1192999E+02 1.2605000E-01
8.1241998E+02 1.2692000E-01
8.1290002E+02 1.2768000E-01
8.1338000E+02 1.2884000E-01
8.1385999E+02 1.2982000E-01
8.1434003E+02 1.3094001E-01
8.1483002E+02 1.3218001E-01
8.1531000E+02 1.3302000E-01
8.1578998E+02 1.3428999E-01
8.1627002E+02 1.3579001E-01
8.1675000E+02 1.3695000E-01
8.1723999E+02 1.3843000E-01
8.1771997E+02 1.4004999E-01
8.1820001E+02 1.4131001E-01
8.1867999E+02 1.4308000E-01
8.1916998E+02 1.4499000E-01
8.1965002E+02 1.4662001E-01
8.2013000E+02 1.4878000E-01
8.2060999E+02 1.5091000E-01
8.2109003E+02 1.5299000E-01
8.2158002E+02 1.5545000E-01
8.2206000E+02 1.5779001E-01
8.2253998E+02 1.6022000E-01
8.2302002E+02 1.6283999E-01
8.2350000E+02 1.6552000E-01
8.2398999E+02 1.6838001E-01
8.2446997E+02 1.7141999E-01
8.2495001E+02 1.7473000E-01
8.2542999E+02 1.7797001E-01
8.2591998E+02 1.8143000E-01
8.2640002E+02 1.8551999E-01
8.2688000E+02 1.8938001E-01
8.2735999E+02 1.9340999E-01
8.2784003E+02 1.9820000E-01
8.2833002E+02 2.0291001E-01
8.2881000E+02 2.0767000E-01
8.2928998E+02 2.1344000E-01
8.2977002E+02 2.1928000E-01
8.3025000E+02 2.2490001E-01
8.3073999E+02 2.3139000E-01
8.3121997E+02 2.3811001E-01
8.3170001E+02 2.4507999E-01
8.3217999E+02 2.5286999E-01
8.3266998E+02 2.6100001E-01
8.3315002E+02 2.6940000E-01
8.3363000E+02 2.7788001E-01
8.3410999E+02 2.8672001E-01
8.3459003E+02 2.9596999E-01
8.3508002E+02 3.0544999E-01
8.3556000E+02 3.1488001E-01
8.3603998E+02 3.2381999E-01
8.3652002E+02 3.3287999E-01
8.3700000E+02 3.4136999E-01
8.3748999E+02 3.4873000E-01
8.3796997E+02 3.5556000E-01
8.3845001E+02 3.6131999E-01
8.3892999E+02 3.6556000E-01
8.3941998E+02 3.6849999E-01
8.3990002E+02 3.6982000E-01
8.4038000E+02 3.6906999E-01
8.4085999E+02 3.6714000E-01
8.4134003E+02 3.6386001E-01
8.4183002E+02 3.5877001E-01
8.4231000E+02 3.5315001E-01
8.4278998E+02 3.4665000E-01
8.4327002E+02 3.3932999E-01
8.4375000E+02 3.3234000E-01
8.4423999E+02 3.2539999E-01
8.4471997E+02 3.1869000E-01
8.4520001E+02 3.1272000E-01
8.4567999E+02 3.0739000E-01
8.4616998E+02 3.0280000E-01
8.4665002E+02 2.9899999E-01
8.4713000E+02 2.9589999E-01
8.4760999E+02 2.9365000E-01
8.4809003E+02 2.9240000E-01
8.4858002E+02 2.9194000E-01
8.4906000E+02 2.9198000E-01
8.4953998E+02 2.9262999E-01
8.5002002E+02 2.9400000E-01
8.5050000E+02 2.9567000E-01
8.5098999E+02 2.9767001E-01
8.5146997E+02 3.0048001E-01
8.5195001E+02 3.0349001E-01
8.5242999E+02 3.0667999E-01
8.5291998E+02 3.1033999E-01
8.5340002E+02 3.1388000E-01
8.5388000E+02 3.1806999E-01
8.5435999E+02 3.2267001E-01
8.5484003E+02 3.2696000E-01
8.5533002E+02 3.3169001E-01
8.5581000E+02 3.3671001E-01
8.5628998E+02 3.4191000E-01
8.5677002E+02 3.4728000E-01
8.5725000E+02 3.5275999E-01
8.5773999E+02 3.5846999E-01
8.5821997E+02 3.6442000E-01
8.5870001E+02 3.7118000E-01
8.5917999E+02 3.7821001E-01
8.5966998E+02 3.8565001E-01
8.6015002E+02 3.9375001E-01
8.6063000E+02 4.0151000E-01
8.6110999E+02 4.0964001E-01
8.6159003E+02 4.1903999E-01
8.6208002E+02 4.2930999E-01
8.6256000E+02 4.3974000E-01
8.6303998E+02 4.5082000E-01
8.6352002E+02 4.6291000E-01
8.6400000E+02 4.7530001E-01
8.6448999E+02 4.8853001E-01
8.6496997E+02 5.0226998E-01
8.6545001E+02 5.1640999E-01
8.6592999E+02 5.3162003E-01
8.6641998E+02 5.4716998E-01
8.6690002E+02 5.6317002E-01
8.6738000E+02 5.7950002E-01
8.6785999E+02 5.9635001E-01
8.6834003E+02 6.1341000E-01
8.6883002E+02 6.2975001E-01
8.6931000E+02 6.4677000E-01
8.6978998E+02 6.6426003E-01
8.7027002E+02 6.8173999E-01
8.7075000E+02 6.9931000E-01
8.7123999E+02 7.1696001E-01
8.7171997E+02 7.3461002E-01
8.7220001E+02 7.5165999E-01
8.7267999E+02 7.6898998E-01
8.7316998E+02 7.8522998E-01
8.7365002E+02 8.0107999E-01
8.7413000E+02 8.1753999E-01
8.7460999E+02 8.3214998E-01
8.7509003E+02 8.4622997E-01
8.7558002E+02 8.6037999E-01
8.7606000E+02 8.7423003E-01
8.7653998E+02 8.8800001E-01
8.7702002E+02 9.0038002E-01
8.7750000E+02 9.1100001E-01
8.7798999E+02 9.2154002E-01
8.7846997E+02 9.3277001E-01
8.7895001E+02 9.4208002E-01
8.7942999E+02 9.5091999E-01
8.7991998E+02 9.5923001E-01
8.8040002E+02 9.6585000E-01
8.8088000E+02 9.7254002E-01
8.8135999E+02 9.7946000E-01
8.8184003E+02 9.8685002E-01
8.8233002E+02 9.9230999E-01
8.8281000E+02 9.9615002E-01
8.8328998E+02 1.0009000E+00
8.8377002E+02 1.0051000E+00
8.8425000E+02 1.0073000E+00
8.8473999E+02 1.0086000E+00
8.8521997E+02 1.0127000E+00
8.8570001E+02 1.0165000E+00
8.8617999E+02 1.0173000E+00
8.8666998E+02 1.0194000E+00
8.8715002E+02 1.0203000E+00
8.8763000E+02 1.0196000E+00
8.8810999E+02 1.0215000E+00
8.8859003E+02 1.0233999E+00
8.8908002E+02 1.0220000E+00
8.8956000E+02 1.0206000E+00
8.9003998E+02 1.0214000E+00
8.9052002E+02 1.0202000E+00
8.9101001E+02 1.0180000E+00
8.9148999E+02 1.0182000E+00
8.9196997E+02 1.0173000E+00
8.9245001E+02 1.0146000E+00
8.9292999E+02 1.0122000E+00
8.9341998E+02 1.0101000E+00
8.9390002E+02 1.0080000E+00
8.9438000E+02 1.0055000E+00
8.9485999E+02 1.0046999E+00
8.9534003E+02 1.0028000E+00
8.9583002E+02 9.9953997E-01
8.9631000E+02 9.9853998E-01
8.9678998E+02 9.9646002E-01
8.9727002E+02 9.9322999E-01
8.9776001E+02 9.9146003E-01
8.9823999E+02 9.8945999E-01
8.9871997E+02 9.8484999E-01
8.9920001E+02 9.8145998E-01
8.9967999E+02 9.8045999E-01
9.0016998E+02 9.7654003E-01
9.0065002E+02 9.7285002E-01
9.0113000E+02 9.7138000E-01
9.0160999E+02 9.6868998E-01
9.0209003E+02 9.6553999E-01
9.0258002E+02 9.6354002E-01
9.0306000E+02 9.6262002E-01
9.0353998E+02 9.6061999E-01
9.0402002E+02 9.5762002E-01
9.0451001E+02 9.5423001E-01
9.0498999E+02 9.5091999E-01
9.0546997E+02 9.4869000E-01
9.0595001E+02 9.4546002E-01
9.0642999E+02 9.4230998E-01
9.0691998E+02 9.4054002E-01
9.0740002E+02 9.3831003E-01
9.0788000E+02 9.3537998E-01
9.0835999E+02 9.3207997E-01
9.0884003E+02 9.3000001E-01
9.0933002E+02 9.2791998E-01
9.0981000E+02 9.2537999E-01
9.1028998E+02 9.2346001E-01
9.1077002E+02 9.2076999E-01
9.1126001E+02 9.1768998E-01
9.1173999E+02 9.1469002E-01
9.1221997E+02 9.1184998E-01
9.1270001E+02 9.0946001E-01
9.1317999E+02 9.0676999E-01
9.1366998E+02 9.0368998E-01
9.1415002E+02 9.0114999E-01
9.1463000E+02 8.9885002E-01
9.1510999E+02 8.9614999E-01
9.1559003E+02 8.9323002E-01
9.1608002E+02 8.8915002E-01
9.1656000E+02 8.8615000E-01
9.1703998E+02 8.8530999E-01
9.1752002E+02 8.8246000E-01
9.1801001E+02 8.7914997E-01
9.1848999E+02 8.7630999E-01
9.1896997E+02 8.7300003E-01
9.1945001E+02 8.7115002E-01
9.1992999E+02 8.6877000E-01
9.2041998E+02 8.6523002E-01
9.2090002E+02 8.6215001E-01
9.2138000E+02 8.5992002E-01
9.2185999E+02 8.5822999E-01
9.2234003E+02 8.5500002E-01
9.2283002E+02 8.5154003E-01
9.2331000E+02 8.4877002E-01
9.2378998E+02 8.4584999E-01
9.2427002E+02 8.4354001E-01
9.2476001E+02 8.4077001E-01
9.2523999E+02 8.3762002E-01
9.2571997E+02 8.3437997E-01
9.2620001E+02 8.3091998E-01
9.2667999E+02 8.2808000E-01
9.2716998E+02 8.2492000E-01
9.2765002E+02 8.2191998E-01
9.2813000E+02 8.1914997E-01
9.2860999E+02 8.1623000E-01
9.2909003E+02 8.1300002E-01
9.2958002E+02 8.0953997E-01
9.3006000E+02 8.0631000E-01
9.3053998E+02 8.0308002E-01
9.3102002E+02 8.0008000E-01
9.3151001E+02 7.9662001E-01
9.3198999E+02 7.9200000E-01
9.3246997E+02 7.8854001E-01
9.3295001E+02 7.8584999E-01
9.3342999E+02 7.8285003E-01
9.3391998E+02 7.7985001E-01
9.3440002E+02 7.7645999E-01
9.3488000E+02 7.7292001E-01
9.3535999E+02 7.6954001E-01
9.3584003E+02 7.6616001E-01
9.3633002E+02 7.6238000E-01
9.3681000E+02 7.5888002E-01
9.3728998E+02 7.5511998E-01
9.3777002E+02 7.5106001E-01
9.3826001E+02 7.4782002E-01
9.3873999E+02 7.4448001E-01
9.3921997E+02 7.4115002E-01
9.3970001E+02 7.3745000E-01
9.4017999E+02 7.3351002E-01
9.4066998E+02 7.3034000E-01
9.4115002E+02 7.2675002E-01
9.4163000E+02 7.2316003E-01
9.4210999E+02 7.1994001E-01
9.4259003E+02 7.1657997E-01
9.4308002E+02 7.1323001E-01
9.4356000E+02 7.0995998E-01
9.4403998E+02 7.0710999E-01
9.4452002E+02 7.0407999E-01
9.4501001E+02 7.0091999E-01
9.4548999E+02 6.9806999E-01
9.4596997E+02 6.9533998E-01
9.4645001E+02 6.9272000E-01
9.4692999E+02 6.9024998E-01
9.4741998E+02 6.8747997E-01
9.4790002E+02 6.8461001E-01
9.4838000E+02 6.8298000E-01
9.4885999E+02 6.8144000E-01
9.4934003E+02 6.7957002E-01
9.4983002E+02 6.7878002E-01
9.5031000E+02 6.7782003E-01
9.5078998E+02 6.7688000E-01
9.5127002E+02 6.7622000E-01
9.5176001E+02 6.7501003E-01
9.5223999E+02 6.7417997E-01
9.5271997E+02 6.7333001E-01
9.5320001E+02 6.7233998E-01
9.5367999E+02 6.7088002E-01
9.5416998E+02 6.6786999E-01
9.5465002E+02 6.6439998E-01
9.5513000E+02 6.6047001E-01
9.5560999E+02 6.5547001E-01
9.5609003E+02 6.4933997E-01
9.5658002E+02 6.4131999E-01
9.5706000E+02 6.3180000E-01
9.5753998E+02 6.2134999E-01
9.5802002E+02 6.1039001E-01
9.5851001E+02 5.9920001E-01
9.5898999E+02 5.8811003E-01
9.5946997E+02 5.7805002E-01
9.5995001E+02 5.6882000E-01
9.6042999E+02 5.5952001E-01
9.6091998E+02 5.5075002E-01
9.6140002E+02 5.4399002E-01
9.6188000E+02 5.3815001E-01
9.6235999E+02 5.3237998E-01
9.6284003E+02 5.2774000E-01
9.6333002E+02 5.2372998E-01
9.6381000E+02 5.2078003E-01
9.6428998E+02 5.1889998E-01
9.6477002E+02 5.1714998E-01
9.6526001E+02 5.1621997E-01
9.6573999E+02 5.1604998E-01
9.6621997E+02 5.1633000E-01
9.6670001E+02 5.1691997E-01
9.6717999E+02 5.1792002E-01
9.6766998E+02 5.2012998E-01
9.6815002E+02 5.2319998E-01
9.6863000E+02 5.2648002E-01
9.6910999E+02 5.2995002E-01
9.6959003E+02 5.3425002E-01
9.7008002E+02 5.3943998E-01
9.7056000E+02 5.4483002E-01
9.7103998E+02 5.5052000E-01
9.7152002E+02 5.5647999E-01
9.7201001E+02 5.6278002E-01
9.7248999E+02 5.6952000E-01
9.7296997E+02 5.7683998E-01
9.7345001E+02 5.8454001E-01
9.7392999E+02 5.9184998E-01
9.7441998E+02 5.9960997E-01
9.7490002E+02 6.0741001E-01
9.7538000E+02 6.1488998E-01
9.7585999E+02 6.2308002E-01
9.7634003E+02 6.3077998E-01
9.7683002E+02 6.3761997E-01
9.7731000E+02 6.4405000E-01
9.7778998E+02 6.5025002E-01
9.7827002E+02 6.5608001E-01
9.7876001E+02 6.6048998E-01
9.7923999E+02 6.6417998E-01
9.7971997E+02 6.6807002E-01
9.8020001E+02 6.7157000E-01
9.8067999E+02 6.7385000E-01
9.8116998E+02 6.7457002E-01
9.8165002E+02 6.7452002E-01
9.8213000E+02 6.7466003E-01
9.8260999E+02 6.7444003E-01
9.8309003E+02 6.7322999E-01
9.8358002E+02 6.7243999E-01
9.8406000E+02 6.7170000E-01
9.8453998E+02 6.6965002E-01
9.8502002E+02 6.6833001E-01
9.8551001E+02 6.6751999E-01
9.8598999E+02 6.6619998E-01
9.8646997E+02 6.6551000E-01
9.8695001E+02 6.6478997E-01
9.8742999E+02 6.6408002E-01
9.8791998E+02 6.6372001E-01
9.8840002E+02 6.6376001E-01
9.8888000E+02 6.6412002E-01
9.8935999E+02 6.6429001E-01
9.8984003E+02 6.6487998E-01
9.9033002E+02 6.6544002E-01
9.9081000E+02 6.6605002E-01
9.9128998E+02 6.6666001E-01
9.9177002E+02 6.6663998E-01
9.9226001E+02 6.6749001E-01
9.9273999E+02 6.6883999E-01
9.9321997E+02 6.6983002E-01
9.9370001E+02 6.7111999E-01
9.9417999E+02 6.7194003E-01
9.9466998E+02 6.7167002E-01
9.9515002E+02 6.7183000E-01
9.9563000E+02 6.7328000E-01
9.9610999E+02 6.7409003E-01
9.9659003E+02 6.7496002E-01
9.9708002E+02 6.7677999E-01
9.9756000E+02 6.7720002E-01
9.9803998E+02 6.7751998E-01
9.9852002E+02 6.7811000E-01
9.9901001E+02 6.7737001E-01
9.9948999E+02 6.7680001E-01
9.9996997E+02 6.7747998E-01
1.0005000E+03 6.7870998E-01
1.0009000E+03 6.7914999E-01
1.0014000E+03 6.7923999E-01
1.0019000E+03 6.7931002E-01
1.0024000E+03 6.7869997E-01
1.0029000E+03 6.7831999E-01
1.0033000E+03 6.7787999E-01
1.0038000E+03 6.7711002E-01
1.0043000E+03 6.7704999E-01
1.0048000E+03 6.7653000E-01
1.0053000E+03 6.7517000E-01
1.0058000E+03 6.7467999E-01
1.0062000E+03 6.7442000E-01
1.0067000E+03 6.7250001E-01
1.0072000E+03 6.6982001E-01
1.0077000E+03 6.6832000E-01
1.0082000E+03 6.6737998E-01
1.0086000E+03 6.6657001E-01
1.0091000E+03 6.6562003E-01
1.0096000E+03 6.6373003E-01
1.0101000E+03 6.6166002E-01
1.0106000E+03 6.5924001E-01
1.0111000E+03 6.5701997E-01
1.0115000E+03 6.5537000E-01
1.0120000E+03 6.5368998E-01
1.0125000E+03 6.5250999E-01
1.0130000E+03 6.5078998E-01
1.0135000E+03 6.4862001E-01
1.0140000E+03 6.4636999E-01
1.0144000E+03 6.4380997E-01
1.0149000E+03 6.4137000E-01
1.0154000E+03 6.3874000E-01
1.0159000E+03 6.3634998E-01
1.0164000E+03 6.3384998E-01
1.0168000E+03 6.3108999E-01
1.0173000E+03 6.2924999E-01
1.0178000E+03 6.2695998E-01
1.0183000E+03 6.2440002E-01
1.0188000E+03 6.2316000E-01
1.0193000E+03 6.2044001E-01
1.0197000E+03 6.1518002E-01
1.0202000E+03 6.1188000E-01
1.0207000E+03 6.1159998E-01
1.0212000E+03 6.1040998E-01
1.0217000E+03 6.0764998E-01
1.0221000E+03 6.0439998E-01
1.0226000E+03 5.9872001E-01
1.0231000E+03 5.9336001E-01
1.0236000E+03 5.9318000E-01
1.0241000E+03 5.9425002E-01
1.0246000E+03 5.9109002E-01
1.0250000E+03 5.8655000E-01
1.0255000E+03 5.8337998E-01
1.0260000E+03 5.7915002E-01
1.0265000E+03 5.7458001E-01
1.0270000E+03 5.7221001E-01
1.0275000E+03 5.7110000E-01
1.0279000E+03 5.6878000E-01
1.0284000E+03 5.6388003E-01
1.0289000E+03 5.5952001E-01
1.0294000E+03 5.5804998E-01
1.0299000E+03 5.5565000E-01
1.0303000E+03 5.5032003E-01
1.0308000E+03 5.4602998E-01
1.0313000E+03 5.4402000E-01
1.0318000E+03 5.4180998E-01
1.0323000E+03 5.3863001E-01
1.0328000E+03 5.3394997E-01
1.0332000E+03 5.2947998E-01
1.0337000E+03 5.2719003E-01
1.0342000E+03 5.2459002E-01
1.0347000E+03 5.1995999E-01
1.0352000E+03 5.1498002E-01
1.0356000E+03 5.1173002E-01
1.0361000E+03 5.0893998E-01
1.0366000E+03 5.0498003E-01
1.0371000E+03 5.0130999E-01
1.0376000E+03 4.9774000E-01
1.0381000E+03 4.9382001E-01
1.0385000E+03 4.9030000E-01
1.0390000E+03 4.8598999E-01
1.0395000E+03 4.8129001E-01
1.0400000E+03 4.7762999E-01
1.0405000E+03 4.7404000E-01
1.0410000E+03 4.7038001E-01
1.0414000E+03 4.6702000E-01
1.0419000E+03 4.6276999E-01
1.0424000E+03 4.5840999E-01
1.0429000E+03 4.5535001E-01
1.0434000E+03 4.5205000E-01
1.0438000E+03 4.4771001E-01
1.0443000E+03 4.4315001E-01
1.0448000E+03 4.3866000E-01
1.0453000E+03 4.3452001E-01
1.0458000E+03 4.3081999E-01
1.0463000E+03 4.2706001E-01
1.0467000E+03 4.2267999E-01
1.0472000E+03 4.1863999E-01
1.0477000E+03 4.1514999E-01
1.0482000E+03 4.1078001E-01
1.0487000E+03 4.0634999E-01
1.0491000E+03 4.0215001E-01
1.0496000E+03 3.9794999E-01
1.0501000E+03 3.9447999E-01
1.0506000E+03 3.9065999E-01
1.0511000E+03 3.8633999E-01
1.0516000E+03 3.8249001E-01
1.0520000E+03 3.7917000E-01
1.0525000E+03 3.7566000E-01
1.0530000E+03 3.7180001E-01
1.0535000E+03 3.6818999E-01
1.0540000E+03 3.6436000E-01
1.0545000E+03 3.6045000E-01
1.0549000E+03 3.5675001E-01
1.0554000E+03 3.5282999E-01
1.0559000E+03 3.4926000E-01
1.0564000E+03 3.4604001E-01
1.0569000E+03 3.4209999E-01
1.0573000E+03 3.3816001E-01
1.0578000E+03 3.3533001E-01
1.0583000E+03 3.3202001E-01
1.0588000E+03 3.2844999E-01
1.0593000E+03 3.2562000E-01
1.0598000E+03 3.2214999E-01
1.0602000E+03 3.1900001E-01
1.0607000E+03 3.1623000E-01
1.0612000E+03 3.1248000E-01
1.0617000E+03 3.0917999E-01
1.0622000E+03 3.0667001E-01
1.0626000E+03 3.0372000E-01
1.0631000E+03 3.0039999E-01
1.0636000E+03 2.9762000E-01
1.0641000E+03 2.9512000E-01
1.0646000E+03 2.9222000E-01
1.0651000E+03 2.8957000E-01
1.0655000E+03 2.8678000E-01
1.0660000E+03 2.8374001E-01
1.0665000E+03 2.8140000E-01
1.0670000E+03 2.7868000E-01
1.0675000E+03 2.7573001E-01
1.0680000E+03 2.7340001E-01
1.0684000E+03 2.7103999E-01
1.0689000E+03 2.6862001E-01
1.0694000E+03 2.6611000E-01
1.0699000E+03 2.6378000E-01
1.0704000E+03 2.6144999E-01
1.0708000E+03 2.5916001E-01
1.0713000E+03 2.5709999E-01
1.0718000E+03 2.5437999E-01
1.0723000E+03 2.5242999E-01
1.0728000E+03 2.5094000E-01
1.0733000E+03 2.4828000E-01
1.0737000E+03 2.4629000E-01
1.0742000E+03 2.4470000E-01
1.0747000E+03 2.4264000E-01
1.0752000E+03 2.4076000E-01
1.0757000E+03 2.3875000E-01
1.0761000E+03 2.3679000E-01
1.0766000E+03 2.3501000E-01
1.0771000E+03 2.3331000E-01
1.0776000E+03 2.3107000E-01
1.0781000E+03 2.2913000E-01
1.0786000E+03 2.2787000E-01
1.0790000E+03 2.2586000E-01
1.0795000E+03 2.2394000E-01
1.0800000E+03 2.2239000E-01
1.0805000E+03 2.2103000E-01
1.0810000E+03 2.1950001E-01
1.0815000E+03 2.1792001E-01
1.0819000E+03 2.1625000E-01
1.0824000E+03 2.1435000E-01
1.0829000E+03 2.1354000E-01
1.0834000E+03 2.1201999E-01
1.0839000E+03 2.1002001E-01
1.0843000E+03 2.0901000E-01
1.0848000E+03 2.0735000E-01
1.0853000E+03 2.0536999E-01
1.0858000E+03 2.0405000E-01
1.0863000E+03 2.0277999E-01
1.0868000E+03 2.0125000E-01
1.0872000E+03 1.9994000E-01
1.0877000E+03 1.9842000E-01
1.0882000E+03 1.9682001E-01
1.0887000E+03 1.9577000E-01
1.0892000E+03 1.9451000E-01
1.0896000E+03 1.9303000E-01
1.0901000E+03 1.9198000E-01
1.0906000E+03 1.9095001E-01
1.0911000E+03 1.8938001E-01
1.0916000E+03 1.8806000E-01
1.0921000E+03 1.8686000E-01
1.0925000E+03 1.8514000E-01
1.0930000E+03 1.8398000E-01
1.0935000E+03 1.8290000E-01
1.0940000E+03 1.8118000E-01
1.0945000E+03 1.8021999E-01
1.0950000E+03 1.7941999E-01
1.0954000E+03 1.7744000E-01
1.0959000E+03 1.7590000E-01
1.0964000E+03 1.7487000E-01
1.0969000E+03 1.7337000E-01
1.0974000E+03 1.7224000E-01
1.0978000E+03 1.7127000E-01
1.0983000E+03 1.6985001E-01
1.0988000E+03 1.6883001E-01
1.0993000E+03 1.6768999E-01
1.0998000E+03 1.6597000E-01
1.1003000E+03 1.6484000E-01
1.1007000E+03 1.6384000E-01
1.1012000E+03 1.6232000E-01
1.1017000E+03 1.6102000E-01
1.1022000E+03 1.5992001E-01
1.1027000E+03 1.5858001E-01
1.1031000E+03 1.5741000E-01
1.1036000E+03 1.5651999E-01
1.1041000E+03 1.5497001E-01
1.1046000E+03 1.5353000E-01
1.1051000E+03 1.5277000E-01
1.1056000E+03 1.5135001E-01
1.1060000E+03 1.4985999E-01
1.1065000E+03 1.4911000E-01
1.1070000E+03 1.4775001E-01
1.1075000E+03 1.4625999E-01
1.1080000E+03 1.4557000E-01
1.1085000E+03 1.4426000E-01
1.1089000E+03 1.4278001E-01
1.1094000E+03 1.4198001E-01
1.1099000E+03 1.4061999E-01
1.1104000E+03 1.3905001E-01
1.1109000E+03 1.3812999E-01
1.1113000E+03 1.3707000E-01
1.1118000E+03 1.3565999E-01
1.1123000E+03 1.3449000E-01
1.1128000E+03 1.3325000E-01
1.1133000E+03 1.3177000E-01
1.1138000E+03 1.3071001E-01
1.1142000E+03 1.2978999E-01
1.1147000E+03 1.2838000E-01
1.1152000E+03 1.2736000E-01
1.1157000E+03 1.2642001E-01
1.1162000E+03 1.2471000E-01
1.1166000E+03 1.2373000E-01
1.1171000E+03 1.2302000E-01
1.1176000E+03 1.2135000E-01
1.1181000E+03 1.2021000E-01
1.1186000E+03 1.1948000E-01
1.1191000E+03 1.1814000E-01
1.1195000E+03 1.1721000E-01
1.1200000E+03 1.1634000E-01
1.1205000E+03 1.1472000E-01
1.1210000E+03 1.1363000E-01
1.1215000E+03 1.1283000E-01
1.1220000E+03 1.1139000E-01
1.1224000E+03 1.1028000E-01
1.1229000E+03 1.0941000E-01
1.1234000E+03 1.0815000E-01
1.1239000E+03 1.0703000E-01
1.1244000E+03 1.0607000E-01
1.1248000E+03 1.0492000E-01
1.1253000E+03 1.0379000E-01
1.1258000E+03 1.0292000E-01
1.1263000E+03 1.0175000E-01
1.1268000E+03 1.0051000E-01
1.1273000E+03 9.9831000E-02
1.1277000E+03 9.8531000E-02
1.1282000E+03 9.7214997E-02
1.1287000E+03 9.6731000E-02
1.1292000E+03 9.5508002E-02
1.1297000E+03 9.4162002E-02
1.1301000E+03 9.3607999E-02
1.1306000E+03 9.2554003E-02
1.1311000E+03 9.1376998E-02
1.1316000E+03 9.0700001E-02
1.1321000E+03 8.9507997E-02
1.1326000E+03 8.8338003E-02
1.1330000E+03 8.7784998E-02
1.1335000E+03 8.6777002E-02
1.1340000E+03 8.5754000E-02
1.1345000E+03 8.5100003E-02
1.1350000E+03 8.4123001E-02
1.1355000E+03 8.3038002E-02
1.1359000E+03 8.2222998E-02
1.1364000E+03 8.1315003E-02
1.1369000E+03 8.0062002E-02
1.1374000E+03 7.9308003E-02
1.1379000E+03 7.8638002E-02
1.1383000E+03 7.7391997E-02
1.1388000E+03 7.6768003E-02
1.1393000E+03 7.6145001E-02
1.1398000E+03 7.4747004E-02
1.1403000E+03 7.4100003E-02
1.1408000E+03 7.3659003E-02
1.1412000E+03 7.2498001E-02
1.1417000E+03 7.1824998E-02
1.1422000E+03 7.1249999E-02
1.1427000E+03 7.0072003E-02
1.1432000E+03 6.9452003E-02
1.1436000E+03 6.8953998E-02
1.1441000E+03 6.7829996E-02
1.1446000E+03 6.7088999E-02
1.1451000E+03 6.6480003E-02
1.1456000E+03 6.5571003E-02
1.1461000E+03 6.4942002E-02
1.1465000E+03 6.4368002E-02
1.1470000E+03 6.3460998E-02
1.1475000E+03 6.2696002E-02
1.1480000E+03 6.2212002E-02
1.1485000E+03 6.1248001E-02
1.1490000E+03 6.0483001E-02
1.1494000E+03 6.0359001E-02
1.1499000E+03 5.9494000E-02
1.1504000E+03 5.8380999E-02
1.1509000E+03 5.8010001E-02
1.1514000E+03 5.7475999E-02
1.1518000E+03 5.6786999E-02
1.1523000E+03 5.6361999E-02
1.1528000E+03 5.5447999E-02
1.1533000E+03 5.4662000E-02
1.1538000E+03 5.4487001E-02
1.1543000E+03 5.3635001E-02
1.1547000E+03 5.2730002E-02
1.1552000E+03 5.2565999E-02
1.1557000E+03 5.1913001E-02
1.1562000E+03 5.0985001E-02
1.1567000E+03 5.0554998E-02
1.1571000E+03 5.0032001E-02
1.1576000E+03 4.9424998E-02
1.1581000E+03 4.9029000E-02
1.1586000E+03 4.8310000E-02
1.1591000E+03 4.7497999E-02
1.1596000E+03 4.7355998E-02
1.1600000E+03 4.6918001E-02
1.1605000E+03 4.5747999E-02
1.1610000E+03 4.5402002E-02
1.1615000E+03 4.5355000E-02
1.1620000E+03 4.4491999E-02
1.1625000E+03 4.3965001E-02
1.1629000E+03 4.3584999E-02
1.1634000E+03 4.2691998E-02
1.1639000E+03 4.2417999E-02
1.1644000E+03 4.2181998E-02
1.1649000E+03 4.1161001E-02
1.1653000E+03 4.0826999E-02
1.1658000E+03 4.0720999E-02
1.1663000E+03 3.9937999E-02
1.1668000E+03 3.9618999E-02
1.1673000E+03 3.9267998E-02
1.1678000E+03 3.8447000E-02
1.1682000E+03 3.8162000E-02
1.1687000E+03 3.7852000E-02
1.1692000E+03 3.7099000E-02
1.1697000E+03 3.6759000E-02
1.1702000E+03 3.6632001E-02
1.1706000E+03 3.5994999E-02
1.1711000E+03 3.5408001E-02
1.1716000E+03 3.5323001E-02
1.1721000E+03 3.4802999E-02
1.1726000E+03 3.4092002E-02
1.1731000E+03 3.3817001E-02
1.1735000E+03 3.3130001E-02
1.1740000E+03 3.2644000E-02
1.1745000E+03 3.2737002E-02
1.1750000E+03 3.2108001E-02
1.1755000E+03 3.1468000E-02
1.1760000E+03 3.1535000E-02
1.1764000E+03 3.1044999E-02
1.1769000E+03 3.0407000E-02
1.1774000E+03 3.0369001E-02
1.1779000E+03 2.9851999E-02
1.1784000E+03 2.9258000E-02
1.1788000E+03 2.9172000E-02
1.1793000E+03 2.8679000E-02
1.1798000E+03 2.8178001E-02
1.1803000E+03 2.8077001E-02
1.1808000E+03 2.7562000E-02
1.1813000E+03 2.6870999E-02
1.1817000E+03 2.6775001E-02
1.1822000E+03 2.6628001E-02
1.1827000E+03 2.5908999E-02
1.1832000E+03 2.5560999E-02
1.1837000E+03 2.5425000E-02
1.1841000E+03 2.4798000E-02
1.1846000E+03 2.4584999E-02
1.1851000E+03 2.4414999E-02
1.1856000E+03 2.3646001E-02
1.1861000E+03 2.3581000E-02
1.1866000E+03 2.3634000E-02
1.1870000E+03 2.2878001E-02
1.1875000E+03 2.2599000E-02
1.1880000E+03 2.2487000E-02
1.1885000E+03 2.1848001E-02
1.1890000E+03 2.1622000E-02
1.1895000E+03 2.1352001E-02
1.1899000E+03 2.0701000E-02
1.1904000E+03 2.0675000E-02
1.1909000E+03 2.0546000E-02
1.1914000E+03 1.9794000E-02
1.1919000E+03 1.9595999E-02
1.1923000E+03 1.9622000E-02
1.1928000E+03 1.9025000E-02
1.1933000E+03 1.8625000E-02
1.1938000E+03 1.8604999E-02
1.1943000E+03 1.8129000E-02
1.1948000E+03 1.7718000E-02
1.1952000E+03 1.7728001E-02
1.1957000E+03 1.7251000E-02
1.1962000E+03 1.6882000E-02
1.1967000E+03 1.7007001E-02
1.1972000E+03 1.6328000E-02
1.1976000E+03 1.5685000E-02
1.1981000E+03 1.5924999E-02
1.1986000E+03 1.5584000E-02
1.1991000E+03 1.5048000E-02
1.1996000E+03 1.5185000E-02
1.2001000E+03 1.4792000E-02
1.2005000E+03 1.4229000E-02
1.2010000E+03 1.4242000E-02
1.2015000E+03 1.3725000E-02
1.2020000E+03 1.3318000E-02
1.2025000E+03 1.3620000E-02
1.2030000E+03 1.3302000E-02
1.2034000E+03 1.2755000E-02
1.2039000E+03 1.2704000E-02
1.2044000E+03 1.2382000E-02
1.2049000E+03 1.1859000E-02
1.2054000E+03 1.1745000E-02
1.2058000E+03 1.1486000E-02
1.2063000E+03 1.0894000E-02
1.2068000E+03 1.0892000E-02
1.2073000E+03 1.1015000E-02
1.2078000E+03 1.0423000E-02
1.2083000E+03 1.0180000E-02
1.2087000E+03 1.0209000E-02
1.2092000E+03 9.6661998E-03
1.2097000E+03 9.5285000E-03
1.2102000E+03 9.4622998E-03
1.2107000E+03 8.7831002E-03
1.2111000E+03 8.7269004E-03
1.2116000E+03 8.8230995E-03
1.2121000E+03 8.2345996E-03
1.2126000E+03 8.2000000E-03
1.2131000E+03 8.2484996E-03
1.2136000E+03 7.4252998E-03
1.2140000E+03 7.0639001E-03
1.2145000E+03 7.0948000E-03
1.2150000E+03 6.6872002E-03
1.2155000E+03 6.5230001E-03
1.2160000E+03 6.5183002E-03
1.2165000E+03 6.0767001E-03
1.2169000E+03 5.7311999E-03
1.2174000E+03 5.8682002E-03
1.2179000E+03 5.5392999E-03
1.2184000E+03 4.9898000E-03
1.2189000E+03 5.0134002E-03
1.2193000E+03 4.6394002E-03
1.2198000E+03 4.2142002E-03
1.2203000E+03 4.4220001E-03
1.2208000E+03 4.1911001E-03
1.2213000E+03 3.8324001E-03
1.2218000E+03 3.9415001E-03
1.2222000E+03 3.5097999E-03
1.2227000E+03 2.9917001E-03
1.2232000E+03 3.0735000E-03
1.2237000E+03 2.6185000E-03
1.2242000E+03 2.1921000E-03
1.2246000E+03 2.5412000E-03
1.2251000E+03 2.3405999E-03
1.2256000E+03 1.8074000E-03
1.2261000E+03 1.8933000E-03
1.2266000E+03 1.7552000E-03
1.2271000E+03 1.1770000E-03
1.2275000E+03 1.1023000E-03
1.2280000E+03 1.0598000E-03
1.2285000E+03 5.5462000E-04
1.2290000E+03 4.2815000E-04
