1.8659000E+02 1.2506000E-03
1.8707001E+02 1.6065000E-03
1.8755000E+02 3.2599000E-03
1.8803999E+02 5.4462999E-03
1.8852000E+02 3.5945000E-03
1.8900000E+02 1.8075000E-03
1.8948000E+02 2.4117001E-03
1.8997000E+02 2.1758999E-03
1.9045000E+02 2.0649999E-03
1.9092999E+02 2.3650001E-03
1.9141000E+02 2.6133000E-03
1.9189000E+02 3.6100999E-03
1.9238000E+02 3.9446000E-03
1.9286000E+02 4.9696998E-03
1.9334000E+02 6.1158999E-03
1.9382001E+02 5.4823002E-03
1.9430000E+02 5.3919000E-03
1.9478999E+02 4.6883002E-03
1.9527000E+02 3.8711000E-03
1.9575000E+02 4.3698000E-03
1.9623000E+02 3.9887000E-03
1.9672000E+02 3.9654998E-03
1.9720000E+02 5.2306000E-03
1.9767999E+02 6.0385000E-03
1.9816000E+02 5.9314002E-03
1.9864000E+02 5.8017001E-03
1.9913000E+02 5.3758998E-03
1.9961000E+02 4.5540999E-03
2.0009000E+02 3.8824000E-03
2.0057001E+02 3.0540000E-03
2.0105000E+02 3.3439000E-03
2.0153999E+02 3.1860000E-03
2.0202000E+02 8.9490004E-03
2.0250000E+02 2.0806000E-02
2.0298000E+02 1.5732000E-02
2.0347000E+02 3.1107001E-03
2.0395000E+02 9.0684002E-04
2.0442999E+02 1.5953000E-03
2.0491000E+02 2.2652999E-03
2.0539000E+02 2.8496999E-03
2.0588000E+02 2.6817000E-03
2.0636000E+02 2.9452001E-03
2.0684000E+02 3.9432002E-03
2.0732001E+02 3.6499000E-03
2.0780000E+02 5.1034000E-03
2.0828999E+02 8.7593999E-03
2.0877000E+02 5.9094001E-03
2.0925000E+02 2.0796999E-03
2.0973000E+02 2.9906000E-03
2.1022000E+02 3.9239000E-03
2.1070000E+02 4.3898001E-03
2.1117999E+02 4.4449000E-03
2.1166000E+02 4.1534998E-03
2.1214000E+02 5.7950001E-03
2.1263000E+02 6.3787000E-03
2.1311000E+02 4.9103000E-03
2.1359000E+02 5.6646001E-03
2.1407001E+02 6.8593998E-03
2.1455000E+02 7.0535000E-03
2.1503999E+02 6.3145999E-03
2.1552000E+02 4.6230000E-03
2.1600000E+02 3.9837002E-03
2.1648000E+02 4.2446000E-03
2.1697000E+02 4.5741000E-03
2.1745000E+02 4.6190000E-03
2.1792999E+02 5.2260999E-03
2.1841000E+02 5.7751001E-03
2.1889000E+02 5.8375001E-03
2.1938000E+02 5.8944998E-03
2.1986000E+02 5.9344000E-03
2.2034000E+02 6.1240001E-03
2.2082001E+02 6.9768000E-03
2.2130000E+02 1.0166000E-02
2.2178999E+02 1.1270000E-02
2.2227000E+02 8.1232004E-03
2.2275000E+02 6.6864998E-03
2.2323000E+02 8.3929002E-03
2.2372000E+02 9.6044997E-03
2.2420000E+02 7.7910000E-03
2.2467999E+02 6.7489999E-03
2.2516000E+02 7.8710001E-03
2.2564000E+02 9.8425997E-03
2.2613000E+02 1.2508000E-02
2.2661000E+02 1.1168000E-02
2.2709000E+02 1.0714000E-02
2.2757001E+02 1.5514000E-02
2.2805000E+02 1.4328000E-02
2.2853999E+02 9.1613000E-03
2.2902000E+02 8.9889998E-03
2.2950000E+02 9.7677000E-03
2.2998000E+02 9.8922998E-03
2.3047000E+02 1.1090000E-02
2.3095000E+02 1.1814000E-02
2.3142999E+02 1.1564000E-02
2.3191000E+02 1.1472000E-02
2.3239000E+02 1.1183000E-02
2.3288000E+02 1.1521000E-02
2.3336000E+02 1.2515000E-02
2.3384000E+02 1.2245000E-02
2.3432001E+02 1.2014000E-02
2.3480000E+02 1.2003000E-02
2.3528999E+02 1.1933000E-02
2.3577000E+02 1.2329000E-02
2.3625000E+02 1.2556000E-02
2.3673000E+02 1.2805000E-02
2.3722000E+02 1.3058000E-02
2.3770000E+02 1.3388000E-02
2.3817999E+02 1.3720000E-02
2.3866000E+02 1.3708000E-02
2.3914000E+02 1.3567000E-02
2.3963000E+02 1.3562000E-02
2.4011000E+02 1.3686000E-02
2.4059000E+02 1.4321000E-02
2.4107001E+02 1.5159000E-02
2.4155000E+02 1.5583000E-02
2.4203999E+02 1.5766000E-02
2.4252000E+02 1.6051000E-02
2.4300000E+02 1.6308000E-02
2.4348000E+02 1.6768999E-02
2.4397000E+02 1.8306000E-02
2.4445000E+02 1.8834000E-02
2.4492999E+02 1.9939000E-02
2.4541000E+02 2.2203000E-02
2.4589000E+02 2.0897999E-02
2.4638000E+02 1.9028001E-02
2.4686000E+02 1.9088000E-02
2.4734000E+02 2.1779001E-02
2.4782001E+02 2.5234001E-02
2.4830000E+02 2.3591001E-02
2.4878999E+02 2.1679999E-02
2.4927000E+02 2.2156000E-02
2.4975000E+02 2.2035001E-02
2.5023000E+02 2.2262000E-02
2.5072000E+02 2.2807000E-02
2.5120000E+02 2.3479000E-02
2.5167999E+02 2.3731999E-02
2.5216000E+02 2.4921000E-02
2.5264000E+02 2.5992000E-02
2.5313000E+02 2.8644999E-02
2.5361000E+02 3.7225001E-02
2.5409000E+02 3.7393998E-02
2.5457001E+02 2.8751999E-02
2.5506000E+02 2.7438000E-02
2.5553999E+02 2.9231999E-02
2.5601999E+02 3.0393001E-02
2.5650000E+02 3.1335000E-02
2.5698001E+02 3.1927999E-02
2.5747000E+02 3.3132002E-02
2.5795001E+02 3.3766001E-02
2.5842999E+02 3.4345999E-02
2.5891000E+02 3.5169002E-02
2.5939001E+02 3.6187999E-02
2.5988000E+02 3.7337001E-02
2.6035999E+02 3.8538001E-02
2.6084000E+02 3.9659001E-02
2.6132001E+02 4.0796001E-02
2.6181000E+02 4.1834000E-02
2.6229001E+02 4.2831998E-02
2.6276999E+02 4.4396002E-02
2.6325000E+02 4.5867998E-02
2.6373001E+02 4.7052000E-02
2.6422000E+02 4.8634999E-02
2.6470001E+02 5.0813001E-02
2.6517999E+02 5.2604999E-02
2.6566000E+02 5.4974001E-02
2.6614001E+02 5.7464998E-02
2.6663000E+02 5.7946000E-02
2.6710999E+02 5.9034999E-02
2.6759000E+02 6.1360002E-02
2.6807001E+02 6.3175000E-02
2.6856000E+02 6.5090001E-02
2.6904001E+02 6.7373998E-02
2.6951999E+02 6.9605999E-02
2.7000000E+02 7.1877003E-02
2.7048001E+02 7.3987000E-02
2.7097000E+02 7.6258004E-02
2.7145001E+02 7.9000004E-02
2.7192999E+02 8.1206001E-02
2.7241000E+02 8.2722999E-02
2.7289001E+02 8.4103003E-02
2.7338000E+02 8.5639000E-02
2.7385999E+02 8.7393999E-02
2.7434000E+02 8.9523003E-02
2.7482001E+02 9.1626003E-02
2.7531000E+02 9.3961000E-02
2.7579001E+02 9.6942000E-02
2.7626999E+02 9.8839000E-02
2.7675000E+02 9.9916004E-02
2.7723001E+02 1.0185000E-01
2.7772000E+02 1.0745000E-01
2.7820001E+02 1.1454000E-01
2.7867999E+02 1.1493000E-01
2.7916000E+02 1.1352000E-01
2.7964001E+02 1.1745000E-01
2.8013000E+02 1.2299000E-01
2.8060999E+02 1.2626000E-01
2.8109000E+02 1.2841000E-01
2.8157001E+02 1.3437000E-01
2.8206000E+02 1.4162999E-01
2.8254001E+02 1.4388999E-01
2.8301999E+02 1.4613000E-01
2.8350000E+02 1.5154999E-01
2.8398001E+02 1.5704000E-01
2.8447000E+02 1.6221000E-01
2.8495001E+02 1.6764000E-01
2.8542999E+02 1.7366000E-01
2.8591000E+02 1.7961000E-01
2.8639001E+02 1.8519001E-01
2.8688000E+02 1.9123000E-01
2.8735999E+02 1.9708000E-01
2.8784000E+02 2.0275000E-01
2.8832001E+02 2.0806000E-01
2.8881000E+02 2.1411000E-01
2.8929001E+02 2.2079000E-01
2.8976999E+02 2.2406000E-01
2.9025000E+02 2.2633000E-01
2.9073001E+02 2.3001000E-01
2.9122000E+02 2.3255000E-01
2.9170001E+02 2.3510000E-01
2.9217999E+02 2.3776001E-01
2.9266000E+02 2.3925000E-01
2.9314001E+02 2.3983000E-01
2.9363000E+02 2.4000999E-01
2.9410999E+02 2.3985000E-01
2.9459000E+02 2.3874000E-01
2.9507001E+02 2.3734000E-01
2.9556000E+02 2.3552001E-01
2.9604001E+02 2.3295000E-01
2.9651999E+02 2.3033001E-01
2.9700000E+02 2.2754000E-01
2.9748001E+02 2.2440000E-01
2.9797000E+02 2.2214000E-01
2.9845001E+02 2.1939000E-01
2.9892999E+02 2.1510001E-01
2.9941000E+02 2.1118000E-01
2.9989001E+02 2.0740999E-01
3.0038000E+02 2.0374000E-01
3.0085999E+02 1.9942001E-01
3.0134000E+02 1.9640000E-01
3.0182001E+02 1.9300000E-01
3.0231000E+02 1.8842000E-01
3.0279001E+02 1.8686000E-01
3.0326999E+02 1.7976999E-01
3.0375000E+02 1.6859999E-01
3.0423001E+02 1.6309001E-01
3.0472000E+02 1.5870000E-01
3.0520001E+02 1.5275000E-01
3.0567999E+02 1.4724000E-01
3.0616000E+02 1.4183000E-01
3.0664001E+02 1.3637000E-01
3.0713000E+02 1.3150001E-01
3.0760999E+02 1.2699001E-01
3.0809000E+02 1.2256000E-01
3.0857001E+02 1.1834000E-01
3.0906000E+02 1.1453000E-01
3.0954001E+02 1.1068000E-01
3.1001999E+02 1.0665000E-01
3.1050000E+02 1.0301000E-01
3.1098001E+02 1.0002000E-01
3.1147000E+02 9.7309999E-02
3.1195001E+02 9.4683997E-02
3.1242999E+02 9.2523001E-02
3.1291000E+02 9.0605997E-02
3.1339001E+02 8.9019001E-02
3.1388000E+02 8.7548003E-02
3.1435999E+02 8.6741999E-02
3.1484000E+02 8.5748002E-02
3.1532001E+02 8.2735002E-02
3.1581000E+02 7.9967998E-02
3.1629001E+02 7.8309998E-02
3.1676999E+02 7.6490000E-02
3.1725000E+02 7.4470997E-02
3.1773001E+02 7.2541997E-02
3.1822000E+02 7.0710003E-02
3.1870001E+02 6.8929002E-02
3.1917999E+02 6.7084000E-02
3.1966000E+02 6.5329000E-02
3.2014001E+02 6.3739002E-02
3.2063000E+02 6.2190998E-02
3.2110999E+02 6.0922999E-02
3.2159000E+02 5.9439000E-02
3.2207001E+02 5.8249999E-02
3.2256000E+02 5.7542998E-02
3.2304001E+02 5.7927001E-02
3.2351999E+02 5.9944998E-02
3.2400000E+02 5.8674000E-02
3.2448001E+02 5.4625001E-02
3.2497000E+02 5.3514998E-02
3.2545001E+02 5.3768001E-02
3.2592999E+02 5.3730000E-02
3.2641000E+02 5.3775001E-02
3.2689001E+02 5.5287998E-02
3.2738000E+02 5.8446001E-02
3.2785999E+02 5.7808001E-02
3.2834000E+02 5.4793999E-02
3.2882001E+02 5.4145999E-02
3.2931000E+02 5.4632999E-02
3.2979001E+02 5.5408999E-02
3.3026999E+02 5.6267999E-02
3.3075000E+02 5.7284001E-02
3.3123001E+02 5.8323000E-02
3.3172000E+02 5.9165999E-02
3.3220001E+02 6.0362998E-02
3.3267999E+02 6.1918002E-02
3.3316000E+02 6.3543998E-02
3.3364001E+02 6.5315999E-02
3.3413000E+02 6.7089997E-02
3.3460999E+02 6.9702998E-02
3.3509000E+02 7.2529003E-02
3.3557001E+02 7.3354997E-02
3.3606000E+02 7.4368000E-02
3.3654001E+02 7.6651998E-02
3.3701999E+02 7.9065003E-02
3.3750000E+02 8.1729002E-02
3.3798001E+02 8.4310003E-02
3.3847000E+02 8.7058000E-02
3.3895001E+02 9.0006001E-02
3.3942999E+02 9.3102999E-02
3.3991000E+02 9.6934997E-02
3.4039001E+02 1.0097000E-01
3.4088000E+02 1.0397000E-01
3.4135999E+02 1.0712000E-01
3.4184000E+02 1.1065000E-01
3.4232001E+02 1.1396000E-01
3.4281000E+02 1.1828000E-01
3.4329001E+02 1.2243000E-01
3.4376999E+02 1.2589000E-01
3.4425000E+02 1.2994000E-01
3.4473001E+02 1.3428999E-01
3.4522000E+02 1.3857000E-01
3.4570001E+02 1.4301001E-01
3.4617999E+02 1.4712000E-01
3.4666000E+02 1.5135001E-01
3.4714001E+02 1.5623000E-01
3.4763000E+02 1.6099000E-01
3.4810999E+02 1.6586000E-01
3.4859000E+02 1.7023000E-01
3.4907001E+02 1.7524999E-01
3.4956000E+02 1.8125001E-01
3.5004001E+02 1.8514000E-01
3.5051999E+02 1.8783000E-01
3.5100000E+02 1.9238999E-01
3.5148001E+02 1.9893999E-01
3.5197000E+02 2.0383000E-01
3.5245001E+02 2.0630001E-01
3.5292999E+02 2.0972000E-01
3.5341000E+02 2.1437000E-01
3.5389001E+02 2.1987000E-01
3.5438000E+02 2.2415000E-01
3.5485999E+02 2.2586000E-01
3.5534000E+02 2.2847000E-01
3.5582001E+02 2.3215000E-01
3.5631000E+02 2.3525000E-01
3.5679001E+02 2.3857000E-01
3.5726999E+02 2.4101000E-01
3.5775000E+02 2.4228001E-01
3.5823001E+02 2.4419001E-01
3.5872000E+02 2.4564999E-01
3.5920001E+02 2.4626000E-01
3.5967999E+02 2.4725001E-01
3.6016000E+02 2.4792001E-01
3.6064001E+02 2.4815001E-01
3.6113000E+02 2.4843000E-01
3.6160999E+02 2.4839000E-01
3.6209000E+02 2.4782000E-01
3.6257001E+02 2.4686000E-01
3.6306000E+02 2.4604000E-01
3.6354001E+02 2.4498001E-01
3.6401999E+02 2.4352001E-01
3.6450000E+02 2.4179000E-01
3.6498001E+02 2.3946001E-01
3.6547000E+02 2.3671000E-01
3.6595001E+02 2.3433000E-01
3.6642999E+02 2.3218000E-01
3.6691000E+02 2.2949000E-01
3.6739001E+02 2.2697000E-01
3.6788000E+02 2.2463000E-01
3.6835999E+02 2.2209001E-01
3.6884000E+02 2.1962000E-01
3.6932001E+02 2.1788999E-01
3.6981000E+02 2.1661000E-01
3.7029001E+02 2.1445000E-01
3.7076999E+02 2.1258999E-01
3.7125000E+02 2.1161000E-01
3.7173001E+02 2.1110000E-01
3.7222000E+02 2.1141000E-01
3.7270001E+02 2.1213999E-01
3.7317999E+02 2.1333000E-01
3.7366000E+02 2.1568000E-01
3.7414001E+02 2.1882001E-01
3.7463000E+02 2.2087000E-01
3.7510999E+02 2.2192000E-01
3.7559000E+02 2.2440000E-01
3.7607001E+02 2.2776000E-01
3.7656000E+02 2.2976001E-01
3.7704001E+02 2.3156001E-01
3.7751999E+02 2.3345999E-01
3.7800000E+02 2.3469999E-01
3.7848001E+02 2.3575000E-01
3.7897000E+02 2.3612000E-01
3.7945001E+02 2.3575000E-01
3.7992999E+02 2.3441000E-01
3.8041000E+02 2.3222999E-01
3.8089001E+02 2.2959000E-01
3.8138000E+02 2.2616000E-01
3.8185999E+02 2.2204000E-01
3.8234000E+02 2.1752000E-01
3.8282001E+02 2.1333000E-01
3.8331000E+02 2.0951000E-01
3.8379001E+02 2.0532000E-01
3.8426999E+02 2.0170000E-01
3.8475000E+02 1.9943000E-01
3.8523001E+02 1.9729000E-01
3.8572000E+02 1.9599000E-01
3.8620001E+02 1.9595000E-01
3.8667999E+02 1.9664000E-01
3.8716000E+02 1.9834000E-01
3.8764999E+02 2.0085999E-01
3.8813000E+02 2.0475000E-01
3.8860999E+02 2.0965999E-01
3.8909000E+02 2.1526000E-01
3.8957001E+02 2.2154000E-01
3.9006000E+02 2.2827999E-01
3.9054001E+02 2.3630001E-01
3.9101999E+02 2.4495000E-01
3.9150000E+02 2.5307000E-01
3.9198001E+02 2.6161999E-01
3.9247000E+02 2.7142000E-01
3.9295001E+02 2.8103000E-01
3.9342999E+02 2.9028001E-01
3.9391000E+02 2.9969999E-01
3.9439999E+02 3.0807000E-01
3.9488000E+02 3.1600001E-01
3.9535999E+02 3.2484999E-01
3.9584000E+02 3.3333001E-01
3.9632001E+02 3.4046000E-01
3.9681000E+02 3.4742001E-01
3.9729001E+02 3.5433999E-01
3.9776999E+02 3.5938999E-01
3.9825000E+02 3.6392000E-01
3.9873001E+02 3.6908999E-01
3.9922000E+02 3.7265000E-01
3.9970001E+02 3.7610999E-01
4.0017999E+02 3.7998000E-01
4.0066000E+02 3.8237000E-01
4.0114999E+02 3.8527000E-01
4.0163000E+02 3.8899001E-01
4.0210999E+02 3.9287001E-01
4.0259000E+02 3.9710000E-01
4.0307001E+02 4.0094000E-01
4.0356000E+02 4.0544000E-01
4.0404001E+02 4.1084000E-01
4.0451999E+02 4.1580001E-01
4.0500000E+02 4.2050001E-01
4.0548001E+02 4.2543000E-01
4.0597000E+02 4.3136999E-01
4.0645001E+02 4.3856001E-01
4.0692999E+02 4.4549000E-01
4.0741000E+02 4.5166001E-01
4.0789999E+02 4.5783001E-01
4.0838000E+02 4.6507999E-01
4.0885999E+02 4.7406000E-01
4.0934000E+02 4.8374000E-01
4.0982001E+02 4.9314001E-01
4.1031000E+02 5.0202000E-01
4.1079001E+02 5.1097000E-01
4.1126999E+02 5.2060997E-01
4.1175000E+02 5.2958000E-01
4.1223001E+02 5.3706998E-01
4.1272000E+02 5.4382002E-01
4.1320001E+02 5.5027997E-01
4.1367999E+02 5.5636001E-01
4.1416000E+02 5.6177998E-01
4.1464999E+02 5.6547999E-01
4.1513000E+02 5.6729001E-01
4.1560999E+02 5.6941003E-01
4.1609000E+02 5.7187998E-01
4.1657001E+02 5.7327998E-01
4.1706000E+02 5.7398999E-01
4.1754001E+02 5.7420999E-01
4.1801999E+02 5.7423002E-01
4.1850000E+02 5.7365000E-01
4.1898001E+02 5.7200998E-01
4.1947000E+02 5.6975001E-01
4.1995001E+02 5.6696999E-01
4.2042999E+02 5.6444001E-01
4.2091000E+02 5.6213999E-01
4.2139999E+02 5.5998999E-01
4.2188000E+02 5.5721003E-01
4.2235999E+02 5.5346000E-01
4.2284000E+02 5.5028999E-01
4.2332001E+02 5.4661000E-01
4.2381000E+02 5.4194999E-01
4.2429001E+02 5.3766000E-01
4.2476999E+02 5.3345001E-01
4.2525000E+02 5.2907997E-01
4.2573001E+02 5.2446997E-01
4.2622000E+02 5.1924002E-01
4.2670001E+02 5.1413000E-01
4.2717999E+02 5.0910002E-01
4.2766000E+02 5.0384998E-01
4.2814999E+02 4.9884000E-01
4.2863000E+02 4.9329001E-01
4.2910999E+02 4.8761001E-01
4.2959000E+02 4.8227000E-01
4.3007001E+02 4.7703999E-01
4.3056000E+02 4.7222999E-01
4.3104001E+02 4.6698001E-01
4.3151999E+02 4.6142000E-01
4.3200000E+02 4.5638001E-01
4.3248001E+02 4.5102000E-01
4.3297000E+02 4.4534001E-01
4.3345001E+02 4.4005999E-01
4.3392999E+02 4.3518999E-01
4.3441000E+02 4.3074000E-01
4.3489999E+02 4.2574999E-01
4.3538000E+02 4.2034000E-01
4.3585999E+02 4.1562000E-01
4.3634000E+02 4.1077000E-01
4.3682001E+02 4.0511999E-01
4.3731000E+02 3.9971000E-01
4.3779001E+02 3.9491999E-01
4.3826999E+02 3.8986000E-01
4.3875000E+02 3.8468999E-01
4.3923001E+02 3.8001999E-01
4.3972000E+02 3.7588000E-01
4.4020001E+02 3.7114999E-01
4.4067999E+02 3.6550000E-01
4.4116000E+02 3.6114001E-01
4.4164999E+02 3.5804999E-01
4.4213000E+02 3.5361001E-01
4.4260999E+02 3.4860000E-01
4.4309000E+02 3.4551999E-01
4.4357001E+02 3.4268001E-01
4.4406000E+02 3.3835000E-01
4.4454001E+02 3.3432999E-01
4.4501999E+02 3.3126000E-01
4.4550000E+02 3.2763001E-01
4.4598001E+02 3.2394999E-01
4.4647000E+02 3.2098001E-01
4.4695001E+02 3.1704000E-01
4.4742999E+02 3.1224000E-01
4.4791000E+02 3.0825001E-01
4.4839999E+02 3.0485001E-01
4.4888000E+02 3.0098000E-01
4.4935999E+02 2.9712999E-01
4.4984000E+02 2.9376999E-01
4.5032001E+02 2.9019001E-01
4.5081000E+02 2.8652000E-01
4.5129001E+02 2.8336999E-01
4.5176999E+02 2.8079000E-01
4.5225000E+02 2.7810001E-01
4.5273001E+02 2.7537000E-01
4.5322000E+02 2.7263999E-01
4.5370001E+02 2.7015999E-01
4.5417999E+02 2.6819000E-01
4.5466000E+02 2.6616001E-01
4.5514999E+02 2.6449001E-01
4.5563000E+02 2.6330000E-01
4.5610999E+02 2.6232001E-01
4.5659000E+02 2.6133001E-01
4.5707001E+02 2.6102000E-01
4.5756000E+02 2.6108000E-01
4.5804001E+02 2.5924999E-01
4.5851999E+02 2.5722000E-01
4.5900000E+02 2.5713000E-01
4.5948001E+02 2.5731999E-01
4.5997000E+02 2.5692001E-01
4.6045001E+02 2.5637001E-01
4.6092999E+02 2.5610000E-01
4.6141000E+02 2.5595000E-01
4.6189999E+02 2.5525001E-01
4.6238000E+02 2.5485000E-01
4.6285999E+02 2.5494999E-01
4.6334000E+02 2.5492001E-01
4.6382001E+02 2.5503999E-01
4.6431000E+02 2.5492001E-01
4.6479001E+02 2.5454000E-01
4.6526999E+02 2.5448999E-01
4.6575000E+02 2.5477999E-01
4.6623001E+02 2.5529999E-01
4.6672000E+02 2.5588000E-01
4.6720001E+02 2.5630000E-01
4.6767999E+02 2.5672001E-01
4.6816000E+02 2.5723001E-01
4.6864999E+02 2.5755000E-01
4.6913000E+02 2.5801000E-01
4.6960999E+02 2.5825000E-01
4.7009000E+02 2.5795001E-01
4.7057001E+02 2.5790000E-01
4.7106000E+02 2.5779000E-01
4.7154001E+02 2.5729001E-01
4.7201999E+02 2.5740999E-01
4.7250000E+02 2.5712001E-01
4.7298001E+02 2.5512999E-01
4.7347000E+02 2.5325000E-01
4.7395001E+02 2.5237000E-01
4.7442999E+02 2.5163001E-01
4.7491000E+02 2.5066999E-01
4.7539999E+02 2.4958000E-01
4.7588000E+02 2.4839000E-01
4.7635999E+02 2.4675000E-01
4.7684000E+02 2.4446000E-01
4.7732001E+02 2.4207000E-01
4.7781000E+02 2.3965999E-01
4.7829001E+02 2.3694000E-01
4.7876999E+02 2.3430000E-01
4.7925000E+02 2.3123001E-01
4.7973001E+02 2.2793999E-01
4.8022000E+02 2.2493000E-01
4.8070001E+02 2.2141001E-01
4.8117999E+02 2.1754999E-01
4.8166000E+02 2.1401000E-01
4.8214999E+02 2.1092001E-01
4.8263000E+02 2.0761999E-01
4.8310999E+02 2.0435999E-01
4.8359000E+02 2.0186999E-01
4.8407001E+02 1.9961999E-01
4.8456000E+02 1.9777000E-01
4.8504001E+02 1.9665000E-01
4.8551999E+02 1.9583000E-01
4.8600000E+02 1.9539000E-01
4.8648001E+02 1.9541000E-01
4.8697000E+02 1.9604000E-01
4.8745001E+02 1.9765000E-01
4.8792999E+02 1.9972000E-01
4.8841000E+02 2.0230000E-01
4.8889999E+02 2.0550001E-01
4.8938000E+02 2.0890000E-01
4.8985999E+02 2.1318001E-01
4.9034000E+02 2.1844999E-01
4.9082001E+02 2.2420999E-01
4.9131000E+02 2.3092000E-01
4.9179001E+02 2.3808999E-01
4.9226999E+02 2.4505000E-01
4.9275000E+02 2.5253999E-01
4.9323001E+02 2.6108000E-01
4.9372000E+02 2.7019000E-01
4.9420001E+02 2.7926001E-01
4.9467999E+02 2.8889000E-01
4.9516000E+02 2.9955000E-01
4.9564999E+02 3.1016001E-01
4.9613000E+02 3.2066000E-01
4.9660999E+02 3.3164001E-01
4.9709000E+02 3.4294999E-01
4.9757001E+02 3.5416999E-01
4.9806000E+02 3.6508000E-01
4.9854001E+02 3.7590000E-01
4.9901999E+02 3.8694999E-01
4.9950000E+02 3.9826000E-01
4.9998001E+02 4.0922999E-01
5.0047000E+02 4.1938999E-01
5.0095001E+02 4.2853999E-01
5.0142999E+02 4.3785000E-01
5.0191000E+02 4.4705001E-01
5.0239999E+02 4.5416999E-01
5.0288000E+02 4.6046999E-01
5.0335999E+02 4.6687001E-01
5.0384000E+02 4.7240001E-01
5.0432001E+02 4.7652999E-01
5.0481000E+02 4.7885999E-01
5.0529001E+02 4.8065999E-01
5.0576999E+02 4.8234001E-01
5.0625000E+02 4.8289001E-01
5.0673001E+02 4.8232001E-01
5.0722000E+02 4.7972000E-01
5.0770001E+02 4.7619000E-01
5.0817999E+02 4.7411001E-01
5.0866000E+02 4.7275001E-01
5.0914999E+02 4.7161999E-01
5.0963000E+02 4.7101000E-01
5.1010999E+02 4.7163001E-01
5.1059000E+02 4.7233999E-01
5.1107001E+02 4.7176999E-01
5.1156000E+02 4.7159001E-01
5.1203998E+02 4.7165999E-01
5.1252002E+02 4.7119999E-01
5.1300000E+02 4.7075000E-01
5.1348999E+02 4.7058001E-01
5.1396997E+02 4.7051001E-01
5.1445001E+02 4.7049001E-01
5.1492999E+02 4.7101000E-01
5.1540997E+02 4.7139001E-01
5.1590002E+02 4.7137001E-01
5.1638000E+02 4.7180000E-01
5.1685999E+02 4.7237000E-01
5.1734003E+02 4.7257000E-01
5.1782001E+02 4.7251999E-01
5.1831000E+02 4.7233000E-01
5.1878998E+02 4.7255999E-01
5.1927002E+02 4.7330999E-01
5.1975000E+02 4.7402999E-01
5.2023999E+02 4.7501001E-01
5.2071997E+02 4.7571999E-01
5.2120001E+02 4.7514001E-01
5.2167999E+02 4.7468001E-01
5.2215997E+02 4.7541001E-01
5.2265002E+02 4.7612000E-01
5.2313000E+02 4.7606000E-01
5.2360999E+02 4.7589001E-01
5.2409003E+02 4.7637001E-01
5.2457001E+02 4.7696999E-01
5.2506000E+02 4.7674000E-01
5.2553998E+02 4.7573999E-01
5.2602002E+02 4.7389999E-01
5.2650000E+02 4.7113001E-01
5.2698999E+02 4.6834999E-01
5.2746997E+02 4.6629000E-01
5.2795001E+02 4.6427000E-01
5.2842999E+02 4.6140000E-01
5.2890997E+02 4.5807001E-01
5.2940002E+02 4.5445001E-01
5.2988000E+02 4.5054999E-01
5.3035999E+02 4.4701999E-01
5.3084003E+02 4.4294000E-01
5.3132001E+02 4.3814000E-01
5.3181000E+02 4.3426999E-01
5.3228998E+02 4.3028000E-01
5.3277002E+02 4.2567000E-01
5.3325000E+02 4.2207000E-01
5.3373999E+02 4.1845000E-01
5.3421997E+02 4.1477001E-01
5.3470001E+02 4.1194001E-01
5.3517999E+02 4.0849999E-01
5.3565997E+02 4.0414000E-01
5.3615002E+02 3.9995000E-01
5.3663000E+02 3.9638999E-01
5.3710999E+02 3.9232001E-01
5.3759003E+02 3.8830000E-01
5.3807001E+02 3.8600999E-01
5.3856000E+02 3.8370001E-01
5.3903998E+02 3.8029999E-01
5.3952002E+02 3.7707001E-01
5.4000000E+02 3.7408999E-01
5.4048999E+02 3.7158999E-01
5.4096997E+02 3.6965999E-01
5.4145001E+02 3.6710000E-01
5.4192999E+02 3.6427000E-01
5.4240997E+02 3.6217001E-01
5.4290002E+02 3.5997999E-01
5.4338000E+02 3.5793999E-01
5.4385999E+02 3.5631001E-01
5.4434003E+02 3.5407999E-01
5.4482001E+02 3.5199001E-01
5.4531000E+02 3.5021001E-01
5.4578998E+02 3.4794000E-01
5.4627002E+02 3.4559000E-01
5.4675000E+02 3.4314999E-01
5.4723999E+02 3.4044999E-01
5.4771997E+02 3.3741000E-01
5.4820001E+02 3.3379000E-01
5.4867999E+02 3.2988000E-01
5.4915997E+02 3.2606000E-01
5.4965002E+02 3.2246000E-01
5.5013000E+02 3.1885001E-01
5.5060999E+02 3.1505001E-01
5.5109003E+02 3.1104001E-01
5.5157001E+02 3.0723000E-01
5.5206000E+02 3.0364999E-01
5.5253998E+02 2.9962999E-01
5.5302002E+02 2.9538000E-01
5.5350000E+02 2.9166999E-01
5.5398999E+02 2.8854001E-01
5.5446997E+02 2.8525001E-01
5.5495001E+02 2.8128001E-01
5.5542999E+02 2.7766001E-01
5.5590997E+02 2.7509001E-01
5.5640002E+02 2.7237999E-01
5.5688000E+02 2.6936001E-01
5.5735999E+02 2.6664999E-01
5.5784003E+02 2.6431000E-01
5.5832001E+02 2.6205999E-01
5.5881000E+02 2.5935000E-01
5.5928998E+02 2.5667000E-01
5.5977002E+02 2.5402999E-01
5.6025000E+02 2.5145999E-01
5.6073999E+02 2.4938001E-01
5.6121997E+02 2.4673000E-01
5.6170001E+02 2.4358000E-01
5.6217999E+02 2.4075000E-01
5.6265997E+02 2.3785000E-01
5.6315002E+02 2.3470999E-01
5.6363000E+02 2.3128000E-01
5.6410999E+02 2.2779000E-01
5.6459003E+02 2.2442000E-01
5.6507001E+02 2.2119001E-01
5.6556000E+02 2.1848001E-01
5.6603998E+02 2.1567000E-01
5.6652002E+02 2.1252000E-01
5.6700000E+02 2.0941000E-01
5.6748999E+02 2.0603000E-01
5.6796997E+02 2.0287000E-01
5.6845001E+02 2.0043001E-01
5.6892999E+02 1.9791000E-01
5.6940997E+02 1.9512001E-01
5.6990002E+02 1.9290000E-01
5.7038000E+02 1.9064000E-01
5.7085999E+02 1.8775000E-01
5.7134003E+02 1.8508001E-01
5.7182001E+02 1.8268000E-01
5.7231000E+02 1.8034001E-01
5.7278998E+02 1.7816000E-01
5.7327002E+02 1.7598000E-01
5.7375000E+02 1.7370000E-01
5.7423999E+02 1.7107999E-01
5.7471997E+02 1.6828001E-01
5.7520001E+02 1.6592000E-01
5.7567999E+02 1.6403000E-01
5.7615997E+02 1.6203000E-01
5.7665002E+02 1.5971000E-01
5.7713000E+02 1.5749000E-01
5.7760999E+02 1.5575001E-01
5.7809003E+02 1.5401000E-01
5.7857001E+02 1.5188000E-01
5.7906000E+02 1.5015000E-01
5.7953998E+02 1.4895000E-01
5.8002002E+02 1.4752001E-01
5.8050000E+02 1.4599000E-01
5.8098999E+02 1.4432999E-01
5.8146997E+02 1.4248000E-01
5.8195001E+02 1.4089000E-01
5.8242999E+02 1.3934000E-01
5.8290997E+02 1.3794000E-01
5.8340002E+02 1.3681000E-01
5.8388000E+02 1.3576999E-01
5.8435999E+02 1.3496999E-01
5.8484003E+02 1.3428000E-01
5.8532001E+02 1.3343000E-01
5.8581000E+02 1.3249999E-01
5.8628998E+02 1.3214000E-01
5.8677002E+02 1.3219000E-01
5.8725000E+02 1.3194001E-01
5.8773999E+02 1.3195001E-01
5.8821997E+02 1.3240001E-01
5.8870001E+02 1.3286000E-01
5.8917999E+02 1.3365000E-01
5.8965997E+02 1.3455001E-01
5.9015002E+02 1.3548000E-01
5.9063000E+02 1.3698000E-01
5.9110999E+02 1.3890000E-01
5.9159003E+02 1.4105999E-01
5.9207001E+02 1.4295000E-01
5.9256000E+02 1.4494000E-01
5.9303998E+02 1.4830001E-01
5.9352002E+02 1.5222999E-01
5.9400000E+02 1.5572999E-01
5.9448999E+02 1.5930000E-01
5.9496997E+02 1.6349000E-01
5.9545001E+02 1.6810000E-01
5.9592999E+02 1.7294000E-01
5.9640997E+02 1.7828000E-01
5.9690002E+02 1.8378000E-01
5.9738000E+02 1.8934000E-01
5.9785999E+02 1.9493000E-01
5.9834003E+02 2.0026000E-01
5.9882001E+02 2.0581000E-01
5.9931000E+02 2.1166000E-01
5.9978998E+02 2.1754000E-01
6.0027002E+02 2.2273000E-01
6.0075000E+02 2.2693001E-01
6.0123999E+02 2.3159000E-01
6.0171997E+02 2.3689000E-01
6.0220001E+02 2.4152000E-01
6.0267999E+02 2.4529999E-01
6.0315997E+02 2.4939001E-01
6.0365002E+02 2.5350001E-01
6.0413000E+02 2.5639001E-01
6.0460999E+02 2.5916001E-01
6.0509003E+02 2.6210001E-01
6.0557001E+02 2.6503000E-01
6.0606000E+02 2.6840001E-01
6.0653998E+02 2.7054000E-01
6.0702002E+02 2.7179000E-01
6.0750000E+02 2.7375001E-01
6.0798999E+02 2.7570000E-01
6.0846997E+02 2.7720001E-01
6.0895001E+02 2.7868000E-01
6.0942999E+02 2.8048000E-01
6.0990997E+02 2.8196001E-01
6.1040002E+02 2.8306001E-01
6.1088000E+02 2.8345999E-01
6.1135999E+02 2.8316000E-01
6.1184003E+02 2.8393999E-01
6.1232001E+02 2.8453001E-01
6.1281000E+02 2.8420001E-01
6.1328998E+02 2.8385001E-01
6.1377002E+02 2.8297001E-01
6.1425000E+02 2.8266999E-01
6.1473999E+02 2.8248999E-01
6.1521997E+02 2.8143999E-01
6.1570001E+02 2.8048000E-01
6.1617999E+02 2.7925000E-01
6.1665997E+02 2.7743000E-01
6.1715002E+02 2.7586001E-01
6.1763000E+02 2.7469999E-01
6.1810999E+02 2.7309000E-01
6.1859003E+02 2.7114999E-01
6.1907001E+02 2.6960000E-01
6.1956000E+02 2.6804000E-01
6.2003998E+02 2.6649001E-01
6.2052002E+02 2.6453999E-01
6.2100000E+02 2.6208001E-01
6.2148999E+02 2.6023999E-01
6.2196997E+02 2.5859001E-01
6.2245001E+02 2.5645000E-01
6.2292999E+02 2.5406000E-01
6.2340997E+02 2.5192001E-01
6.2390002E+02 2.4995001E-01
6.2438000E+02 2.4783000E-01
6.2485999E+02 2.4552999E-01
6.2534003E+02 2.4281000E-01
6.2582001E+02 2.4052000E-01
6.2631000E+02 2.3777001E-01
6.2678998E+02 2.3440000E-01
6.2727002E+02 2.3271000E-01
6.2775000E+02 2.3085000E-01
6.2823999E+02 2.2800000E-01
6.2871997E+02 2.2622000E-01
6.2920001E+02 2.2487999E-01
6.2967999E+02 2.2259000E-01
6.3015997E+02 2.1966000E-01
6.3065002E+02 2.1670000E-01
6.3113000E+02 2.1317001E-01
6.3160999E+02 2.0924000E-01
6.3209003E+02 1.9393000E-01
6.3258002E+02 1.9196001E-01
6.3306000E+02 1.9018000E-01
6.3353998E+02 1.8827000E-01
6.3402002E+02 1.8613000E-01
6.3450000E+02 1.8376000E-01
6.3498999E+02 1.8212999E-01
6.3546997E+02 1.8048000E-01
6.3595001E+02 1.7833000E-01
6.3642999E+02 1.7654000E-01
6.3690997E+02 1.7431000E-01
6.3740002E+02 1.7270000E-01
6.3788000E+02 1.7151999E-01
6.3835999E+02 1.6914999E-01
6.3884003E+02 1.6764000E-01
6.3933002E+02 1.6678999E-01
6.3981000E+02 1.6560000E-01
6.4028998E+02 1.6462000E-01
6.4077002E+02 1.6286001E-01
6.4125000E+02 1.6117001E-01
6.4173999E+02 1.6005000E-01
6.4221997E+02 1.5826000E-01
6.4270001E+02 1.5704000E-01
6.4317999E+02 1.5631001E-01
6.4365997E+02 1.5496001E-01
6.4415002E+02 1.5386000E-01
6.4463000E+02 1.5255000E-01
6.4510999E+02 1.5109000E-01
6.4559003E+02 1.5028000E-01
6.4608002E+02 1.4970000E-01
6.4656000E+02 1.4916000E-01
6.4703998E+02 1.4838000E-01
6.4752002E+02 1.4744000E-01
6.4800000E+02 1.4643000E-01
6.4848999E+02 1.4522000E-01
6.4896997E+02 1.4452000E-01
6.4945001E+02 1.4418000E-01
6.4992999E+02 1.4337000E-01
6.5040997E+02 1.4263999E-01
6.5090002E+02 1.4191000E-01
6.5138000E+02 1.4101000E-01
6.5185999E+02 1.4061999E-01
6.5234003E+02 1.3985001E-01
6.5283002E+02 1.3879000E-01
6.5331000E+02 1.3858999E-01
6.5378998E+02 1.3783000E-01
6.5427002E+02 1.3665999E-01
6.5475000E+02 1.3635001E-01
6.5523999E+02 1.3541999E-01
6.5571997E+02 1.3474999E-01
6.5620001E+02 1.3476001E-01
6.5667999E+02 1.3404000E-01
6.5715997E+02 1.3354000E-01
6.5765002E+02 1.3292000E-01
6.5813000E+02 1.3209000E-01
6.5860999E+02 1.3186000E-01
6.5909003E+02 1.3187000E-01
6.5958002E+02 1.3139001E-01
6.6006000E+02 1.3042000E-01
6.6053998E+02 1.2992001E-01
6.6102002E+02 1.2941000E-01
6.6150000E+02 1.2876000E-01
6.6198999E+02 1.2843999E-01
6.6246997E+02 1.2809999E-01
6.6295001E+02 1.2734000E-01
6.6342999E+02 1.2654001E-01
6.6390997E+02 1.2611000E-01
6.6440002E+02 1.2546000E-01
6.6488000E+02 1.2554000E-01
6.6535999E+02 1.2548999E-01
6.6584003E+02 1.2415000E-01
6.6633002E+02 1.2391000E-01
6.6681000E+02 1.2356000E-01
6.6728998E+02 1.2271000E-01
6.6777002E+02 1.2296000E-01
6.6825000E+02 1.2245000E-01
6.6873999E+02 1.2158000E-01
6.6921997E+02 1.2133000E-01
6.6970001E+02 1.2098000E-01
6.7017999E+02 1.2035000E-01
6.7065997E+02 1.1998000E-01
6.7115002E+02 1.1998000E-01
6.7163000E+02 1.1917000E-01
6.7210999E+02 1.1834000E-01
6.7259003E+02 1.1799000E-01
6.7308002E+02 1.1731000E-01
6.7356000E+02 1.1690000E-01
6.7403998E+02 1.1674000E-01
6.7452002E+02 1.1621000E-01
6.7500000E+02 1.1566000E-01
6.7548999E+02 1.1565000E-01
6.7596997E+02 1.1503000E-01
6.7645001E+02 1.1453000E-01
6.7692999E+02 1.1478000E-01
6.7740997E+02 1.1355000E-01
6.7790002E+02 1.1280000E-01
6.7838000E+02 1.1300000E-01
6.7885999E+02 1.1186000E-01
6.7934003E+02 1.1151000E-01
6.7983002E+02 1.1160000E-01
6.8031000E+02 1.1050000E-01
6.8078998E+02 1.0988000E-01
6.8127002E+02 1.0990000E-01
6.8175000E+02 1.0951000E-01
6.8223999E+02 1.0882000E-01
6.8271997E+02 1.0852000E-01
6.8320001E+02 1.0786000E-01
6.8367999E+02 1.0697000E-01
6.8415997E+02 1.0676000E-01
6.8465002E+02 1.0625000E-01
6.8513000E+02 1.0562000E-01
6.8560999E+02 1.0554000E-01
6.8609003E+02 1.0529000E-01
6.8658002E+02 1.0452000E-01
6.8706000E+02 1.0411000E-01
6.8753998E+02 1.0374000E-01
6.8802002E+02 1.0266000E-01
6.8850000E+02 1.0253000E-01
6.8898999E+02 1.0231000E-01
6.8946997E+02 1.0140000E-01
6.8995001E+02 1.0138000E-01
6.9042999E+02 1.0061000E-01
6.9090997E+02 9.9390000E-02
6.9140002E+02 9.9359997E-02
6.9188000E+02 9.9140003E-02
6.9235999E+02 9.8090000E-02
6.9284003E+02 9.7520001E-02
6.9333002E+02 9.7199999E-02
6.9381000E+02 9.6440002E-02
6.9428998E+02 9.6330002E-02
6.9477002E+02 9.5899999E-02
6.9525000E+02 9.4590001E-02
6.9573999E+02 9.4250001E-02
6.9621997E+02 9.4039999E-02
6.9670001E+02 9.3020000E-02
6.9717999E+02 9.2689998E-02
6.9765997E+02 9.2649996E-02
6.9815002E+02 9.1559999E-02
6.9863000E+02 9.0680003E-02
6.9910999E+02 9.0159997E-02
6.9959003E+02 8.9010000E-02
7.0008002E+02 8.8809997E-02
7.0056000E+02 8.8890001E-02
7.0103998E+02 8.7530002E-02
7.0152002E+02 8.7119997E-02
7.0200000E+02 8.7269999E-02
7.0248999E+02 8.5979998E-02
7.0296997E+02 8.5199997E-02
7.0345001E+02 8.5089996E-02
7.0392999E+02 8.4559999E-02
7.0440997E+02 8.4119998E-02
7.0490002E+02 8.3619997E-02
7.0538000E+02 8.2910001E-02
7.0585999E+02 8.2369998E-02
7.0634003E+02 8.2039997E-02
7.0683002E+02 8.1200004E-02
7.0731000E+02 8.0420002E-02
7.0778998E+02 8.0159999E-02
7.0827002E+02 7.9389997E-02
7.0875000E+02 7.8780003E-02
7.0923999E+02 7.8759998E-02
7.0971997E+02 7.8249998E-02
7.1020001E+02 7.7509999E-02
7.1067999E+02 7.7409998E-02
7.1115997E+02 7.6949999E-02
7.1165002E+02 7.5850002E-02
7.1213000E+02 7.5759999E-02
7.1260999E+02 7.5539999E-02
7.1309003E+02 7.4969999E-02
7.1358002E+02 7.4979998E-02
7.1406000E+02 7.3980004E-02
7.1453998E+02 7.2939999E-02
7.1502002E+02 7.2770000E-02
7.1550000E+02 7.2180003E-02
7.1598999E+02 7.1589999E-02
7.1646997E+02 7.1580000E-02
7.1695001E+02 7.1400002E-02
7.1742999E+02 7.0570000E-02
7.1790997E+02 7.0179999E-02
7.1840002E+02 6.9899999E-02
7.1888000E+02 6.9219999E-02
7.1935999E+02 6.8930000E-02
7.1984003E+02 6.8470001E-02
7.2033002E+02 6.7840002E-02
7.2081000E+02 6.7580000E-02
7.2128998E+02 6.7189999E-02
7.2177002E+02 6.6110000E-02
7.2225000E+02 6.5609999E-02
7.2273999E+02 6.6040002E-02
7.2321997E+02 6.5520003E-02
7.2370001E+02 6.5140001E-02
7.2417999E+02 6.4839996E-02
7.2465997E+02 6.3890003E-02
7.2515002E+02 6.3919999E-02
7.2563000E+02 6.3600004E-02
7.2610999E+02 6.2629998E-02
7.2659003E+02 6.2670000E-02
7.2708002E+02 6.2720001E-02
7.2756000E+02 6.1779998E-02
7.2803998E+02 6.0959999E-02
7.2852002E+02 6.1080001E-02
7.2900000E+02 6.0920000E-02
7.2948999E+02 6.0460001E-02
7.2996997E+02 5.9969999E-02
7.3045001E+02 5.9039999E-02
7.3092999E+02 5.8880001E-02
7.3140997E+02 5.8910001E-02
7.3190002E+02 5.8109999E-02
7.3238000E+02 5.7450000E-02
7.3285999E+02 5.7629999E-02
7.3334003E+02 5.7410002E-02
7.3383002E+02 5.6389999E-02
7.3431000E+02 5.6210000E-02
7.3478998E+02 5.5909999E-02
7.3527002E+02 5.5580001E-02
7.3575000E+02 5.5909999E-02
7.3623999E+02 5.5140000E-02
7.3671997E+02 5.4480001E-02
7.3720001E+02 5.4600000E-02
7.3767999E+02 5.3929999E-02
7.3815997E+02 5.2949999E-02
7.3865002E+02 5.2859999E-02
7.3913000E+02 5.2979998E-02
7.3960999E+02 5.2590001E-02
7.4009003E+02 5.2439999E-02
7.4058002E+02 5.1890001E-02
7.4106000E+02 5.1390000E-02
7.4153998E+02 5.1940002E-02
7.4202002E+02 5.1520001E-02
7.4250000E+02 5.0360002E-02
7.4298999E+02 5.0450001E-02
7.4346997E+02 5.0779998E-02
7.4395001E+02 5.0200000E-02
7.4442999E+02 4.9856000E-02
7.4490997E+02 4.9750000E-02
7.4540002E+02 4.9281999E-02
7.4588000E+02 4.9462002E-02
7.4635999E+02 4.9059998E-02
7.4684003E+02 4.8230998E-02
7.4733002E+02 4.8875999E-02
7.4781000E+02 4.8861001E-02
7.4828998E+02 4.7943000E-02
7.4877002E+02 4.7858998E-02
7.4925000E+02 4.7603998E-02
7.4973999E+02 4.7127001E-02
7.5021997E+02 4.7093000E-02
7.5070001E+02 4.6849001E-02
7.5117999E+02 4.6473999E-02
7.5165997E+02 4.6719000E-02
7.5215002E+02 4.6712000E-02
7.5263000E+02 4.6094000E-02
7.5310999E+02 4.6099000E-02
7.5359003E+02 4.6220001E-02
7.5408002E+02 4.5802999E-02
7.5456000E+02 4.5564000E-02
7.5503998E+02 4.5527000E-02
7.5552002E+02 4.5372002E-02
7.5600000E+02 4.5410000E-02
7.5648999E+02 4.5267999E-02
7.5696997E+02 4.4534001E-02
7.5745001E+02 4.4578001E-02
7.5792999E+02 4.4821002E-02
7.5840997E+02 4.4034999E-02
7.5890002E+02 4.3850999E-02
7.5938000E+02 4.4171002E-02
7.5985999E+02 4.3896999E-02
7.6034003E+02 4.3667000E-02
7.6083002E+02 4.3543998E-02
7.6131000E+02 4.3180000E-02
7.6178998E+02 4.3150000E-02
7.6227002E+02 4.3212000E-02
7.6275000E+02 4.2493001E-02
7.6323999E+02 4.2254001E-02
7.6371997E+02 4.2606000E-02
7.6420001E+02 4.2148001E-02
7.6467999E+02 4.1753002E-02
7.6516998E+02 4.1724000E-02
7.6565002E+02 4.1632000E-02
7.6613000E+02 4.1726999E-02
7.6660999E+02 4.1579999E-02
7.6709003E+02 4.1001000E-02
7.6758002E+02 4.0685002E-02
7.6806000E+02 4.1007001E-02
7.6853998E+02 4.0752999E-02
7.6902002E+02 4.0123001E-02
7.6950000E+02 4.0344000E-02
7.6998999E+02 4.0273000E-02
7.7046997E+02 3.9900001E-02
7.7095001E+02 3.9707001E-02
7.7142999E+02 3.9232999E-02
7.7191998E+02 3.9239001E-02
7.7240002E+02 3.9639998E-02
7.7288000E+02 3.9501999E-02
7.7335999E+02 3.9099999E-02
7.7384003E+02 3.9214000E-02
7.7433002E+02 3.9129999E-02
7.7481000E+02 3.8534999E-02
7.7528998E+02 3.8522001E-02
7.7577002E+02 3.8566001E-02
7.7625000E+02 3.8446002E-02
7.7673999E+02 3.8596999E-02
7.7721997E+02 3.8468000E-02
7.7770001E+02 3.8012002E-02
7.7817999E+02 3.7923001E-02
7.7866998E+02 3.7939999E-02
7.7915002E+02 3.7200000E-02
7.7963000E+02 3.7234001E-02
7.8010999E+02 3.7776001E-02
7.8059003E+02 3.7230998E-02
7.8108002E+02 3.7117999E-02
7.8156000E+02 3.6997002E-02
7.8203998E+02 3.6543000E-02
7.8252002E+02 3.6853001E-02
7.8300000E+02 3.6662001E-02
7.8348999E+02 3.5998002E-02
7.8396997E+02 3.6222000E-02
7.8445001E+02 3.6642998E-02
7.8492999E+02 3.5937998E-02
7.8541998E+02 3.5321999E-02
7.8590002E+02 3.5696000E-02
7.8638000E+02 3.5510998E-02
7.8685999E+02 3.5208002E-02
7.8734003E+02 3.5337001E-02
7.8783002E+02 3.5066999E-02
7.8831000E+02 3.5055999E-02
7.8878998E+02 3.5250999E-02
7.8927002E+02 3.4759998E-02
7.8975000E+02 3.4318000E-02
7.9023999E+02 3.4658000E-02
7.9071997E+02 3.4458000E-02
7.9120001E+02 3.3955999E-02
7.9167999E+02 3.4152001E-02
7.9216998E+02 3.3838999E-02
7.9265002E+02 3.3991002E-02
7.9313000E+02 3.4547001E-02
7.9360999E+02 3.3973001E-02
7.9409003E+02 3.3573002E-02
7.9458002E+02 3.3764999E-02
7.9506000E+02 3.3851001E-02
7.9553998E+02 3.3551000E-02
7.9602002E+02 3.3443999E-02
7.9650000E+02 3.3333998E-02
7.9698999E+02 3.2946002E-02
7.9746997E+02 3.3128001E-02
7.9795001E+02 3.3160001E-02
7.9842999E+02 3.3218000E-02
7.9891998E+02 3.3443999E-02
7.9940002E+02 3.3124998E-02
7.9988000E+02 3.2799002E-02
8.0035999E+02 3.2903999E-02
8.0084003E+02 3.3296000E-02
8.0133002E+02 3.3089001E-02
8.0181000E+02 3.2991000E-02
8.0228998E+02 3.3243001E-02
8.0277002E+02 3.2993000E-02
8.0325000E+02 3.3264998E-02
8.0373999E+02 3.3367001E-02
8.0421997E+02 3.3176001E-02
8.0470001E+02 3.3505999E-02
8.0517999E+02 3.3358000E-02
8.0566998E+02 3.3139002E-02
8.0615002E+02 3.3181001E-02
8.0663000E+02 3.3353999E-02
8.0710999E+02 3.3392999E-02
8.0759003E+02 3.3298999E-02
8.0808002E+02 3.3714999E-02
8.0856000E+02 3.3727001E-02
8.0903998E+02 3.3762001E-02
8.0952002E+02 3.4313001E-02
8.1000000E+02 3.4272000E-02
8.1048999E+02 3.4120001E-02
8.1096997E+02 3.4527998E-02
8.1145001E+02 3.4678001E-02
8.1192999E+02 3.4552000E-02
8.1241998E+02 3.5208002E-02
8.1290002E+02 3.5613000E-02
8.1338000E+02 3.5716999E-02
8.1385999E+02 3.6286000E-02
8.1434003E+02 3.6247998E-02
8.1483002E+02 3.6516000E-02
8.1531000E+02 3.7175000E-02
8.1578998E+02 3.7446000E-02
8.1627002E+02 3.8116001E-02
8.1675000E+02 3.8793001E-02
8.1723999E+02 3.9119001E-02
8.1771997E+02 3.9535001E-02
8.1820001E+02 4.0601000E-02
8.1867999E+02 4.1689001E-02
8.1916998E+02 4.2431001E-02
8.1965002E+02 4.3680001E-02
8.2013000E+02 4.4651002E-02
8.2060999E+02 4.5522999E-02
8.2109003E+02 4.7029000E-02
8.2158002E+02 4.8388999E-02
8.2206000E+02 4.9631000E-02
8.2253998E+02 5.1210001E-02
8.2302002E+02 5.2930001E-02
8.2350000E+02 5.4460000E-02
8.2398999E+02 5.6720000E-02
8.2446997E+02 5.9239998E-02
8.2495001E+02 6.1269999E-02
8.2542999E+02 6.4060003E-02
8.2591998E+02 6.6749997E-02
8.2640002E+02 6.9200002E-02
8.2688000E+02 7.2540000E-02
8.2735999E+02 7.5939998E-02
8.2784003E+02 7.9329997E-02
8.2833002E+02 8.3169997E-02
8.2881000E+02 8.7660000E-02
8.2928998E+02 9.2529997E-02
8.2977002E+02 9.7539999E-02
8.3025000E+02 1.0304000E-01
8.3073999E+02 1.0860000E-01
8.3121997E+02 1.1457000E-01
8.3170001E+02 1.2127000E-01
8.3217999E+02 1.2846000E-01
8.3266998E+02 1.3621999E-01
8.3315002E+02 1.4417000E-01
8.3363000E+02 1.5221000E-01
8.3410999E+02 1.6076000E-01
8.3459003E+02 1.6991000E-01
8.3508002E+02 1.7910001E-01
8.3556000E+02 1.8866999E-01
8.3603998E+02 1.9844000E-01
8.3652002E+02 2.0726000E-01
8.3700000E+02 2.1602000E-01
8.3748999E+02 2.2442999E-01
8.3796997E+02 2.3142000E-01
8.3845001E+02 2.3740999E-01
8.3892999E+02 2.4225000E-01
8.3941998E+02 2.4575999E-01
8.3990002E+02 2.4755999E-01
8.4038000E+02 2.4763000E-01
8.4085999E+02 2.4631000E-01
8.4134003E+02 2.4326000E-01
8.4183002E+02 2.3878001E-01
8.4231000E+02 2.3320000E-01
8.4278998E+02 2.2686000E-01
8.4327002E+02 2.2030000E-01
8.4375000E+02 2.1342000E-01
8.4423999E+02 2.0633000E-01
8.4471997E+02 1.9958000E-01
8.4520001E+02 1.9306999E-01
8.4567999E+02 1.8657000E-01
8.4616998E+02 1.8120000E-01
8.4665002E+02 1.7698000E-01
8.4713000E+02 1.7309999E-01
8.4760999E+02 1.7017999E-01
8.4809003E+02 1.6771001E-01
8.4858002E+02 1.6579001E-01
8.4906000E+02 1.6522001E-01
8.4953998E+02 1.6490000E-01
8.5002002E+02 1.6508999E-01
8.5050000E+02 1.6628000E-01
8.5098999E+02 1.6756999E-01
8.5146997E+02 1.6923000E-01
8.5195001E+02 1.7166001E-01
8.5242999E+02 1.7421000E-01
8.5291998E+02 1.7673001E-01
8.5340002E+02 1.7980000E-01
8.5388000E+02 1.8328001E-01
8.5435999E+02 1.8694000E-01
8.5484003E+02 1.9101000E-01
8.5533002E+02 1.9535001E-01
8.5581000E+02 1.9947000E-01
8.5628998E+02 2.0390999E-01
8.5677002E+02 2.0929000E-01
8.5725000E+02 2.1477000E-01
8.5773999E+02 2.2032000E-01
8.5821997E+02 2.2618000E-01
8.5870001E+02 2.3204000E-01
8.5917999E+02 2.3875999E-01
8.5966998E+02 2.4614000E-01
8.6015002E+02 2.5387001E-01
8.6063000E+02 2.6264000E-01
8.6110999E+02 2.7145001E-01
8.6159003E+02 2.8082001E-01
8.6208002E+02 2.9161999E-01
8.6256000E+02 3.0278999E-01
8.6303998E+02 3.1470999E-01
8.6352002E+02 3.2758000E-01
8.6400000E+02 3.4112999E-01
8.6448999E+02 3.5583001E-01
8.6496997E+02 3.7174001E-01
8.6545001E+02 3.8854000E-01
8.6592999E+02 4.0595001E-01
8.6641998E+02 4.2416000E-01
8.6690002E+02 4.4343999E-01
8.6738000E+02 4.6337000E-01
8.6785999E+02 4.8334000E-01
8.6834003E+02 5.0357002E-01
8.6883002E+02 5.2398002E-01
8.6931000E+02 5.4442000E-01
8.6978998E+02 5.6513000E-01
8.7027002E+02 5.8559000E-01
8.7075000E+02 6.0632998E-01
8.7123999E+02 6.2685001E-01
8.7171997E+02 6.4644998E-01
8.7220001E+02 6.6575998E-01
8.7267999E+02 6.8450999E-01
8.7316998E+02 7.0299000E-01
8.7365002E+02 7.2081000E-01
8.7413000E+02 7.3777997E-01
8.7460999E+02 7.5405997E-01
8.7509003E+02 7.6981002E-01
8.7558002E+02 7.8503001E-01
8.7606000E+02 7.9798001E-01
8.7653998E+02 8.1002998E-01
8.7702002E+02 8.2189000E-01
8.7750000E+02 8.3258998E-01
8.7798999E+02 8.4301001E-01
8.7846997E+02 8.5215002E-01
8.7895001E+02 8.6018997E-01
8.7942999E+02 8.6751997E-01
8.7991998E+02 8.7383002E-01
8.8040002E+02 8.8012999E-01
8.8088000E+02 8.8560998E-01
8.8135999E+02 8.9006001E-01
8.8184003E+02 8.9402002E-01
8.8233002E+02 8.9761001E-01
8.8281000E+02 9.0101999E-01
8.8328998E+02 9.0290999E-01
8.8377002E+02 9.0402001E-01
8.8426001E+02 9.0572000E-01
8.8473999E+02 9.0612000E-01
8.8521997E+02 9.0573001E-01
8.8570001E+02 9.0657997E-01
8.8617999E+02 9.0733999E-01
8.8666998E+02 9.0727001E-01
8.8715002E+02 9.0634000E-01
8.8763000E+02 9.0491998E-01
8.8810999E+02 9.0447003E-01
8.8859003E+02 9.0312999E-01
8.8908002E+02 9.0030998E-01
8.8956000E+02 8.9788997E-01
8.9003998E+02 8.9517999E-01
8.9052002E+02 8.9256001E-01
8.9101001E+02 8.8981003E-01
8.9148999E+02 8.8615000E-01
8.9196997E+02 8.8308001E-01
8.9245001E+02 8.8020998E-01
8.9292999E+02 8.7722999E-01
8.9341998E+02 8.7448001E-01
8.9390002E+02 8.7119001E-01
8.9438000E+02 8.6794001E-01
8.9485999E+02 8.6470997E-01
8.9534003E+02 8.6137998E-01
8.9583002E+02 8.5813999E-01
8.9631000E+02 8.5425001E-01
8.9678998E+02 8.5045999E-01
8.9727002E+02 8.4709001E-01
8.9776001E+02 8.4399003E-01
8.9823999E+02 8.4158999E-01
8.9871997E+02 8.3793002E-01
8.9920001E+02 8.3319998E-01
8.9967999E+02 8.2969999E-01
9.0016998E+02 8.2642001E-01
9.0065002E+02 8.2314998E-01
9.0113000E+02 8.2027000E-01
9.0160999E+02 8.1699002E-01
9.0209003E+02 8.1356001E-01
9.0258002E+02 8.1011999E-01
9.0306000E+02 8.0719000E-01
9.0353998E+02 8.0461001E-01
9.0402002E+02 8.0146003E-01
9.0451001E+02 7.9834998E-01
9.0498999E+02 7.9549998E-01
9.0546997E+02 7.9268003E-01
9.0595001E+02 7.8977001E-01
9.0642999E+02 7.8648001E-01
9.0691998E+02 7.8318000E-01
9.0740002E+02 7.8034002E-01
9.0788000E+02 7.7800000E-01
9.0835999E+02 7.7548999E-01
9.0884003E+02 7.7235001E-01
9.0933002E+02 7.6936001E-01
9.0981000E+02 7.6665998E-01
9.1028998E+02 7.6428002E-01
9.1077002E+02 7.6192999E-01
9.1126001E+02 7.5901002E-01
9.1173999E+02 7.5594997E-01
9.1221997E+02 7.5308001E-01
9.1270001E+02 7.5137001E-01
9.1317999E+02 7.4934000E-01
9.1366998E+02 7.4598998E-01
9.1415002E+02 7.4357998E-01
9.1463000E+02 7.4103999E-01
9.1510999E+02 7.3843002E-01
9.1559003E+02 7.3649001E-01
9.1608002E+02 7.3337001E-01
9.1656000E+02 7.3022002E-01
9.1703998E+02 7.2817999E-01
9.1752002E+02 7.2649002E-01
9.1801001E+02 7.2412997E-01
9.1848999E+02 7.2104001E-01
9.1896997E+02 7.1849000E-01
9.1945001E+02 7.1645999E-01
9.1992999E+02 7.1392000E-01
9.2041998E+02 7.1120000E-01
9.2090002E+02 7.0937997E-01
9.2138000E+02 7.0757997E-01
9.2185999E+02 7.0521998E-01
9.2234003E+02 7.0279998E-01
9.2283002E+02 7.0047998E-01
9.2331000E+02 6.9865000E-01
9.2378998E+02 6.9630998E-01
9.2427002E+02 6.9379997E-01
9.2476001E+02 6.9155997E-01
9.2523999E+02 6.8870002E-01
9.2571997E+02 6.8654001E-01
9.2620001E+02 6.8458998E-01
9.2667999E+02 6.8193001E-01
9.2716998E+02 6.7939001E-01
9.2765002E+02 6.7668998E-01
9.2813000E+02 6.7440999E-01
9.2860999E+02 6.7259997E-01
9.2909003E+02 6.7035002E-01
9.2958002E+02 6.6745001E-01
9.3006000E+02 6.6443002E-01
9.3053998E+02 6.6194999E-01
9.3102002E+02 6.5955001E-01
9.3151001E+02 6.5706003E-01
9.3198999E+02 6.5456998E-01
9.3246997E+02 6.5256000E-01
9.3295001E+02 6.5094000E-01
9.3342999E+02 6.4848000E-01
9.3391998E+02 6.4528000E-01
9.3440002E+02 6.4247000E-01
9.3488000E+02 6.4063001E-01
9.3535999E+02 6.3817000E-01
9.3584003E+02 6.3521999E-01
9.3633002E+02 6.3318998E-01
9.3681000E+02 6.3073999E-01
9.3728998E+02 6.2819999E-01
9.3777002E+02 6.2590998E-01
9.3826001E+02 6.2290001E-01
9.3873999E+02 6.2001002E-01
9.3921997E+02 6.1760002E-01
9.3970001E+02 6.1536998E-01
9.4017999E+02 6.1325997E-01
9.4066998E+02 6.1089998E-01
9.4115002E+02 6.0846001E-01
9.4163000E+02 6.0628998E-01
9.4210999E+02 6.0409999E-01
9.4259003E+02 6.0194999E-01
9.4308002E+02 5.9969002E-01
9.4356000E+02 5.9723997E-01
9.4403998E+02 5.9509999E-01
9.4452002E+02 5.9299999E-01
9.4501001E+02 5.9135997E-01
9.4548999E+02 5.9038001E-01
9.4596997E+02 5.8888000E-01
9.4645001E+02 5.8740997E-01
9.4692999E+02 5.8639997E-01
9.4741998E+02 5.8484000E-01
9.4790002E+02 5.8376002E-01
9.4838000E+02 5.8336997E-01
9.4885999E+02 5.8244997E-01
9.4934003E+02 5.8178997E-01
9.4983002E+02 5.8143997E-01
9.5031000E+02 5.8137000E-01
9.5078998E+02 5.8165002E-01
9.5127002E+02 5.8120000E-01
9.5176001E+02 5.8099002E-01
9.5223999E+02 5.8104998E-01
9.5271997E+02 5.8076000E-01
9.5320001E+02 5.8029997E-01
9.5367999E+02 5.7868999E-01
9.5416998E+02 5.7639003E-01
9.5465002E+02 5.7369000E-01
9.5513000E+02 5.6963003E-01
9.5560999E+02 5.6424999E-01
9.5609003E+02 5.5774999E-01
9.5658002E+02 5.5013001E-01
9.5706000E+02 5.4143000E-01
9.5753998E+02 5.3127003E-01
9.5802002E+02 5.2052999E-01
9.5851001E+02 5.1051998E-01
9.5898999E+02 5.0060999E-01
9.5946997E+02 4.9127001E-01
9.5995001E+02 4.8284000E-01
9.6042999E+02 4.7465000E-01
9.6091998E+02 4.6766999E-01
9.6140002E+02 4.6180001E-01
9.6188000E+02 4.5662999E-01
9.6235999E+02 4.5242000E-01
9.6284003E+02 4.4879001E-01
9.6333002E+02 4.4598001E-01
9.6381000E+02 4.4358999E-01
9.6428998E+02 4.4157001E-01
9.6477002E+02 4.4082001E-01
9.6526001E+02 4.4073001E-01
9.6573999E+02 4.4071999E-01
9.6621997E+02 4.4128001E-01
9.6670001E+02 4.4238001E-01
9.6717999E+02 4.4422001E-01
9.6766998E+02 4.4718999E-01
9.6815002E+02 4.5056000E-01
9.6863000E+02 4.5420000E-01
9.6910999E+02 4.5829999E-01
9.6959003E+02 4.6272999E-01
9.7008002E+02 4.6812001E-01
9.7056000E+02 4.7384000E-01
9.7103998E+02 4.7968999E-01
9.7152002E+02 4.8636001E-01
9.7201001E+02 4.9333000E-01
9.7248999E+02 5.0095999E-01
9.7296997E+02 5.0875998E-01
9.7345001E+02 5.1634002E-01
9.7392999E+02 5.2495003E-01
9.7441998E+02 5.3342003E-01
9.7490002E+02 5.4102999E-01
9.7538000E+02 5.4913998E-01
9.7585999E+02 5.5725002E-01
9.7634003E+02 5.6493998E-01
9.7683002E+02 5.7271999E-01
9.7731000E+02 5.7980001E-01
9.7778998E+02 5.8607000E-01
9.7827002E+02 5.9195000E-01
9.7876001E+02 5.9685999E-01
9.7923999E+02 6.0075998E-01
9.7971997E+02 6.0390002E-01
9.8020001E+02 6.0644001E-01
9.8067999E+02 6.0815001E-01
9.8116998E+02 6.0847998E-01
9.8165002E+02 6.0887998E-01
9.8213000E+02 6.0958999E-01
9.8260999E+02 6.0878003E-01
9.8309003E+02 6.0727000E-01
9.8358002E+02 6.0549003E-01
9.8406000E+02 6.0404003E-01
9.8453998E+02 6.0325998E-01
9.8502002E+02 6.0123998E-01
9.8551001E+02 5.9957999E-01
9.8598999E+02 5.9885001E-01
9.8646997E+02 5.9761000E-01
9.8695001E+02 5.9691000E-01
9.8742999E+02 5.9638000E-01
9.8791998E+02 5.9578001E-01
9.8840002E+02 5.9577000E-01
9.8888000E+02 5.9542000E-01
9.8935999E+02 5.9498000E-01
9.8984003E+02 5.9539998E-01
9.9033002E+02 5.9565002E-01
9.9081000E+02 5.9573001E-01
9.9128998E+02 5.9606999E-01
9.9177002E+02 5.9632999E-01
9.9226001E+02 5.9723997E-01
9.9273999E+02 5.9781998E-01
9.9321997E+02 5.9767002E-01
9.9370001E+02 5.9824002E-01
9.9417999E+02 5.9920001E-01
9.9466998E+02 5.9970999E-01
9.9515002E+02 5.9916002E-01
9.9563000E+02 5.9871000E-01
9.9610999E+02 5.9957999E-01
9.9659003E+02 5.9987998E-01
9.9708002E+02 5.9925002E-01
9.9756000E+02 5.9930003E-01
9.9803998E+02 5.9925002E-01
9.9852002E+02 5.9950000E-01
9.9901001E+02 6.0036999E-01
9.9948999E+02 5.9937000E-01
9.9996997E+02 5.9789002E-01
1.0005000E+03 5.9771001E-01
1.0009000E+03 5.9745002E-01
1.0014000E+03 5.9726000E-01
1.0019000E+03 5.9647000E-01
1.0024000E+03 5.9526002E-01
1.0029000E+03 5.9469998E-01
1.0033000E+03 5.9320998E-01
1.0038000E+03 5.9135002E-01
1.0043000E+03 5.9047002E-01
1.0048000E+03 5.8951002E-01
1.0053000E+03 5.8837003E-01
1.0058000E+03 5.8683002E-01
1.0062000E+03 5.8530003E-01
1.0067000E+03 5.8394003E-01
1.0072000E+03 5.8133000E-01
1.0077000E+03 5.7896000E-01
1.0082000E+03 5.7783002E-01
1.0086000E+03 5.7639998E-01
1.0091000E+03 5.7448000E-01
1.0096000E+03 5.7159001E-01
1.0101000E+03 5.6919003E-01
1.0106000E+03 5.6794000E-01
1.0111000E+03 5.6546998E-01
1.0115000E+03 5.6309003E-01
1.0120000E+03 5.6129998E-01
1.0125000E+03 5.5857998E-01
1.0130000E+03 5.5628002E-01
1.0135000E+03 5.5407000E-01
1.0140000E+03 5.5136001E-01
1.0144000E+03 5.4918998E-01
1.0149000E+03 5.4689002E-01
1.0154000E+03 5.4434001E-01
1.0159000E+03 5.4174000E-01
1.0164000E+03 5.3851002E-01
1.0168000E+03 5.3601998E-01
1.0173000E+03 5.3457999E-01
1.0178000E+03 5.3204000E-01
1.0183000E+03 5.2926999E-01
1.0188000E+03 5.2693999E-01
1.0193000E+03 5.2401000E-01
1.0197000E+03 5.2156001E-01
1.0202000E+03 5.1942003E-01
1.0207000E+03 5.1652002E-01
1.0212000E+03 5.1336002E-01
1.0217000E+03 5.1051003E-01
1.0221000E+03 5.0770998E-01
1.0226000E+03 5.0458997E-01
1.0231000E+03 5.0285000E-01
1.0236000E+03 5.0177002E-01
1.0241000E+03 4.9803001E-01
1.0246000E+03 4.9348000E-01
1.0250000E+03 4.9067000E-01
1.0255000E+03 4.8841000E-01
1.0260000E+03 4.8605001E-01
1.0265000E+03 4.8335001E-01
1.0270000E+03 4.8069000E-01
1.0275000E+03 4.7843000E-01
1.0279000E+03 4.7508001E-01
1.0284000E+03 4.7176000E-01
1.0289000E+03 4.6992999E-01
1.0294000E+03 4.6735999E-01
1.0299000E+03 4.6430001E-01
1.0303000E+03 4.6147999E-01
1.0308000E+03 4.5849001E-01
1.0313000E+03 4.5638999E-01
1.0318000E+03 4.5319000E-01
1.0323000E+03 4.4883999E-01
1.0328000E+03 4.4569001E-01
1.0332000E+03 4.4308999E-01
1.0337000E+03 4.4114000E-01
1.0342000E+03 4.3860000E-01
1.0347000E+03 4.3528000E-01
1.0352000E+03 4.3248001E-01
1.0356000E+03 4.2932999E-01
1.0361000E+03 4.2640999E-01
1.0366000E+03 4.2354000E-01
1.0371000E+03 4.2017001E-01
1.0376000E+03 4.1766000E-01
1.0381000E+03 4.1488999E-01
1.0385000E+03 4.1097000E-01
1.0390000E+03 4.0799999E-01
1.0395000E+03 4.0562001E-01
1.0400000E+03 4.0292999E-01
1.0405000E+03 4.0037000E-01
1.0410000E+03 3.9651000E-01
1.0414000E+03 3.9280999E-01
1.0419000E+03 3.9081001E-01
1.0424000E+03 3.8780001E-01
1.0429000E+03 3.8449001E-01
1.0434000E+03 3.8220000E-01
1.0438000E+03 3.7924001E-01
1.0443000E+03 3.7632999E-01
1.0448000E+03 3.7321001E-01
1.0453000E+03 3.6939001E-01
1.0458000E+03 3.6684000E-01
1.0463000E+03 3.6451000E-01
1.0467000E+03 3.6131001E-01
1.0472000E+03 3.5809001E-01
1.0477000E+03 3.5523000E-01
1.0482000E+03 3.5306999E-01
1.0487000E+03 3.5045001E-01
1.0491000E+03 3.4737000E-01
1.0496000E+03 3.4488001E-01
1.0501000E+03 3.4229001E-01
1.0506000E+03 3.3945000E-01
1.0511000E+03 3.3638000E-01
1.0516000E+03 3.3348000E-01
1.0520000E+03 3.3148000E-01
1.0525000E+03 3.2903999E-01
1.0530000E+03 3.2559001E-01
1.0535000E+03 3.2300001E-01
1.0540000E+03 3.2122001E-01
1.0545000E+03 3.1904000E-01
1.0549000E+03 3.1665000E-01
1.0554000E+03 3.1371999E-01
1.0559000E+03 3.1114000E-01
1.0564000E+03 3.0934000E-01
1.0569000E+03 3.0704999E-01
1.0573000E+03 3.0456999E-01
1.0578000E+03 3.0221000E-01
1.0583000E+03 3.0033001E-01
1.0588000E+03 2.9852000E-01
1.0593000E+03 2.9618001E-01
1.0598000E+03 2.9403001E-01
1.0602000E+03 2.9234001E-01
1.0607000E+03 2.9069000E-01
1.0612000E+03 2.8843001E-01
1.0617000E+03 2.8626999E-01
1.0622000E+03 2.8448001E-01
1.0626000E+03 2.8290001E-01
1.0631000E+03 2.8114000E-01
1.0636000E+03 2.7901000E-01
1.0641000E+03 2.7772000E-01
1.0646000E+03 2.7614000E-01
1.0651000E+03 2.7414000E-01
1.0655000E+03 2.7246001E-01
1.0660000E+03 2.7052000E-01
1.0665000E+03 2.6967999E-01
1.0670000E+03 2.6859999E-01
1.0675000E+03 2.6640999E-01
1.0680000E+03 2.6524001E-01
1.0684000E+03 2.6388001E-01
1.0689000E+03 2.6223001E-01
1.0694000E+03 2.6091999E-01
1.0699000E+03 2.5924999E-01
1.0704000E+03 2.5856999E-01
1.0708000E+03 2.5770000E-01
1.0713000E+03 2.5573999E-01
1.0718000E+03 2.5421000E-01
1.0723000E+03 2.5274000E-01
1.0728000E+03 2.5196999E-01
1.0733000E+03 2.5123999E-01
1.0737000E+03 2.4946000E-01
1.0742000E+03 2.4882001E-01
1.0747000E+03 2.4846999E-01
1.0752000E+03 2.4722999E-01
1.0757000E+03 2.4627000E-01
1.0761000E+03 2.4523000E-01
1.0766000E+03 2.4421000E-01
1.0771000E+03 2.4356000E-01
1.0776000E+03 2.4243000E-01
1.0781000E+03 2.4144000E-01
1.0786000E+03 2.4124999E-01
1.0790000E+03 2.4040000E-01
1.0795000E+03 2.3958001E-01
1.0800000E+03 2.3886999E-01
1.0805000E+03 2.3760000E-01
1.0810000E+03 2.3717000E-01
1.0815000E+03 2.3627000E-01
1.0819000E+03 2.3514999E-01
1.0824000E+03 2.3477000E-01
1.0829000E+03 2.3416001E-01
1.0834000E+03 2.3376000E-01
1.0839000E+03 2.3262000E-01
1.0843000E+03 2.3129000E-01
1.0848000E+03 2.3118000E-01
1.0853000E+03 2.3052000E-01
1.0858000E+03 2.2916000E-01
1.0863000E+03 2.2871000E-01
1.0868000E+03 2.2848000E-01
1.0872000E+03 2.2825000E-01
1.0877000E+03 2.2761001E-01
1.0882000E+03 2.2640000E-01
1.0887000E+03 2.2649001E-01
1.0892000E+03 2.2616000E-01
1.0896000E+03 2.2494000E-01
1.0901000E+03 2.2455999E-01
1.0906000E+03 2.2379000E-01
1.0911000E+03 2.2327000E-01
1.0916000E+03 2.2301000E-01
1.0921000E+03 2.2180000E-01
1.0925000E+03 2.2160999E-01
1.0930000E+03 2.2161999E-01
1.0935000E+03 2.2050001E-01
1.0940000E+03 2.2000000E-01
1.0945000E+03 2.1930000E-01
1.0950000E+03 2.1867000E-01
1.0954000E+03 2.1867000E-01
1.0959000E+03 2.1759000E-01
1.0964000E+03 2.1681000E-01
1.0969000E+03 2.1648000E-01
1.0974000E+03 2.1545000E-01
1.0978000E+03 2.1499000E-01
1.0983000E+03 2.1441001E-01
1.0988000E+03 2.1368000E-01
1.0993000E+03 2.1366000E-01
1.0998000E+03 2.1281999E-01
1.1003000E+03 2.1196000E-01
1.1007000E+03 2.1168999E-01
1.1012000E+03 2.1078999E-01
1.1017000E+03 2.1032999E-01
1.1022000E+03 2.0985000E-01
1.1027000E+03 2.0892000E-01
1.1031000E+03 2.0867001E-01
1.1036000E+03 2.0821001E-01
1.1041000E+03 2.0756000E-01
1.1046000E+03 2.0725000E-01
1.1051000E+03 2.0654000E-01
1.1056000E+03 2.0593999E-01
1.1060000E+03 2.0521000E-01
1.1065000E+03 2.0419000E-01
1.1070000E+03 2.0395000E-01
1.1075000E+03 2.0343000E-01
1.1080000E+03 2.0274000E-01
1.1085000E+03 2.0240000E-01
1.1089000E+03 2.0148000E-01
1.1094000E+03 2.0125000E-01
1.1099000E+03 2.0112000E-01
1.1104000E+03 2.0029999E-01
1.1109000E+03 1.9995999E-01
1.1113000E+03 1.9910000E-01
1.1118000E+03 1.9808000E-01
1.1123000E+03 1.9783001E-01
1.1128000E+03 1.9728000E-01
1.1133000E+03 1.9656999E-01
1.1138000E+03 1.9622999E-01
1.1142000E+03 1.9581001E-01
1.1147000E+03 1.9532000E-01
1.1152000E+03 1.9459000E-01
1.1157000E+03 1.9352999E-01
1.1162000E+03 1.9292000E-01
1.1166000E+03 1.9234000E-01
1.1171000E+03 1.9196001E-01
1.1176000E+03 1.9178000E-01
1.1181000E+03 1.9086000E-01
1.1186000E+03 1.9045000E-01
1.1191000E+03 1.8973000E-01
1.1195000E+03 1.8843000E-01
1.1200000E+03 1.8827000E-01
1.1205000E+03 1.8757001E-01
1.1210000E+03 1.8663000E-01
1.1215000E+03 1.8653999E-01
1.1220000E+03 1.8584000E-01
1.1224000E+03 1.8534000E-01
1.1229000E+03 1.8493000E-01
1.1234000E+03 1.8381999E-01
1.1239000E+03 1.8330000E-01
1.1244000E+03 1.8282001E-01
1.1248000E+03 1.8198000E-01
1.1253000E+03 1.8153000E-01
1.1258000E+03 1.8069001E-01
1.1263000E+03 1.7980000E-01
1.1268000E+03 1.7940000E-01
1.1273000E+03 1.7878000E-01
1.1277000E+03 1.7829999E-01
1.1282000E+03 1.7752001E-01
1.1287000E+03 1.7656000E-01
1.1292000E+03 1.7602000E-01
1.1297000E+03 1.7495000E-01
1.1301000E+03 1.7417000E-01
1.1306000E+03 1.7373000E-01
1.1311000E+03 1.7280000E-01
1.1316000E+03 1.7262000E-01
1.1321000E+03 1.7203000E-01
1.1326000E+03 1.7066000E-01
1.1330000E+03 1.7024000E-01
1.1335000E+03 1.6956000E-01
1.1340000E+03 1.6835000E-01
1.1345000E+03 1.6756000E-01
1.1350000E+03 1.6683000E-01
1.1355000E+03 1.6640000E-01
1.1359000E+03 1.6575000E-01
1.1364000E+03 1.6468000E-01
1.1369000E+03 1.6415000E-01
1.1374000E+03 1.6339999E-01
1.1379000E+03 1.6237999E-01
1.1383000E+03 1.6185001E-01
1.1388000E+03 1.6107000E-01
1.1393000E+03 1.6023000E-01
1.1398000E+03 1.5944999E-01
1.1403000E+03 1.5843000E-01
1.1408000E+03 1.5800001E-01
1.1412000E+03 1.5748000E-01
1.1417000E+03 1.5656000E-01
1.1422000E+03 1.5594000E-01
1.1427000E+03 1.5482000E-01
1.1432000E+03 1.5413000E-01
1.1436000E+03 1.5402000E-01
1.1441000E+03 1.5279000E-01
1.1446000E+03 1.5176000E-01
1.1451000E+03 1.5123001E-01
1.1456000E+03 1.5031999E-01
1.1461000E+03 1.4973000E-01
1.1465000E+03 1.4888000E-01
1.1470000E+03 1.4804000E-01
1.1475000E+03 1.4783999E-01
1.1480000E+03 1.4690000E-01
1.1485000E+03 1.4573000E-01
1.1490000E+03 1.4511000E-01
1.1494000E+03 1.4435001E-01
1.1499000E+03 1.4392000E-01
1.1504000E+03 1.4292000E-01
1.1509000E+03 1.4171000E-01
1.1514000E+03 1.4142001E-01
1.1518000E+03 1.4046000E-01
1.1523000E+03 1.3974001E-01
1.1528000E+03 1.3936000E-01
1.1533000E+03 1.3821000E-01
1.1538000E+03 1.3777000E-01
1.1543000E+03 1.3706000E-01
1.1547000E+03 1.3586000E-01
1.1552000E+03 1.3542999E-01
1.1557000E+03 1.3462000E-01
1.1562000E+03 1.3390000E-01
1.1567000E+03 1.3349999E-01
1.1571000E+03 1.3242000E-01
1.1576000E+03 1.3201000E-01
1.1581000E+03 1.3168000E-01
1.1586000E+03 1.3037001E-01
1.1591000E+03 1.2960000E-01
1.1596000E+03 1.2905000E-01
1.1600000E+03 1.2833001E-01
1.1605000E+03 1.2770000E-01
1.1610000E+03 1.2669000E-01
1.1615000E+03 1.2616000E-01
1.1620000E+03 1.2575001E-01
1.1625000E+03 1.2468000E-01
1.1629000E+03 1.2420000E-01
1.1634000E+03 1.2356000E-01
1.1639000E+03 1.2280000E-01
1.1644000E+03 1.2278000E-01
1.1649000E+03 1.2169000E-01
1.1653000E+03 1.2078000E-01
1.1658000E+03 1.2081000E-01
1.1663000E+03 1.1988000E-01
1.1668000E+03 1.1898000E-01
1.1673000E+03 1.1815000E-01
1.1678000E+03 1.1743000E-01
1.1682000E+03 1.1758000E-01
1.1687000E+03 1.1697000E-01
1.1692000E+03 1.1590000E-01
1.1697000E+03 1.1554000E-01
1.1702000E+03 1.1514000E-01
1.1706000E+03 1.1460000E-01
1.1711000E+03 1.1388000E-01
1.1716000E+03 1.1328000E-01
1.1721000E+03 1.1308000E-01
1.1726000E+03 1.1241000E-01
1.1731000E+03 1.1154000E-01
1.1735000E+03 1.1109000E-01
1.1740000E+03 1.1067000E-01
1.1745000E+03 1.1044000E-01
1.1750000E+03 1.0974000E-01
1.1755000E+03 1.0858000E-01
1.1760000E+03 1.0861000E-01
1.1764000E+03 1.0844000E-01
1.1769000E+03 1.0733000E-01
1.1774000E+03 1.0717000E-01
1.1779000E+03 1.0689000E-01
1.1784000E+03 1.0631000E-01
1.1788000E+03 1.0614000E-01
1.1793000E+03 1.0518000E-01
1.1798000E+03 1.0468000E-01
1.1803000E+03 1.0482000E-01
1.1808000E+03 1.0404000E-01
1.1813000E+03 1.0335000E-01
1.1817000E+03 1.0318000E-01
1.1822000E+03 1.0302000E-01
1.1827000E+03 1.0267000E-01
1.1832000E+03 1.0182000E-01
1.1837000E+03 1.0148000E-01
1.1841000E+03 1.0144000E-01
1.1846000E+03 1.0095000E-01
1.1851000E+03 1.0069000E-01
1.1856000E+03 1.0011000E-01
1.1861000E+03 9.9780001E-02
1.1866000E+03 1.0015000E-01
1.1870000E+03 9.9299997E-02
1.1875000E+03 9.8630004E-02
1.1880000E+03 9.8810002E-02
1.1885000E+03 9.8389998E-02
1.1890000E+03 9.8279998E-02
1.1895000E+03 9.7700000E-02
1.1899000E+03 9.6780002E-02
1.1904000E+03 9.7060002E-02
1.1909000E+03 9.6879996E-02
1.1914000E+03 9.6369997E-02
1.1919000E+03 9.6490003E-02
1.1923000E+03 9.6299998E-02
1.1928000E+03 9.6040003E-02
1.1933000E+03 9.5720001E-02
1.1938000E+03 9.5210001E-02
1.1943000E+03 9.5179997E-02
1.1948000E+03 9.5090002E-02
1.1952000E+03 9.4750002E-02
1.1957000E+03 9.4609998E-02
1.1962000E+03 9.4169997E-02
1.1967000E+03 9.4070002E-02
1.1972000E+03 9.3979999E-02
1.1976000E+03 9.3199998E-02
1.1981000E+03 9.3429998E-02
1.1986000E+03 9.3630001E-02
1.1991000E+03 9.3060002E-02
1.1996000E+03 9.3050003E-02
1.2001000E+03 9.2440002E-02
1.2005000E+03 9.2320003E-02
1.2010000E+03 9.2909999E-02
1.2015000E+03 9.2359997E-02
1.2020000E+03 9.2119999E-02
1.2025000E+03 9.2270002E-02
1.2030000E+03 9.1990001E-02
1.2034000E+03 9.1849998E-02
1.2039000E+03 9.1509998E-02
1.2044000E+03 9.1420002E-02
1.2049000E+03 9.1650002E-02
1.2054000E+03 9.1490000E-02
1.2058000E+03 9.1470003E-02
1.2063000E+03 9.1569997E-02
1.2068000E+03 9.1650002E-02
1.2073000E+03 9.1619998E-02
1.2078000E+03 9.0599999E-02
1.2083000E+03 9.0109996E-02
1.2087000E+03 9.0829998E-02
1.2092000E+03 9.0750001E-02
1.2097000E+03 9.0599999E-02
1.2102000E+03 9.0609998E-02
1.2107000E+03 9.0149999E-02
1.2111000E+03 9.0570003E-02
1.2116000E+03 9.0700001E-02
1.2121000E+03 9.0200000E-02
1.2126000E+03 9.0460002E-02
1.2131000E+03 9.0369999E-02
1.2136000E+03 9.0190001E-02
1.2140000E+03 9.0310000E-02
1.2145000E+03 9.0140000E-02
1.2150000E+03 9.0269998E-02
1.2155000E+03 9.0099998E-02
1.2160000E+03 8.9740001E-02
1.2165000E+03 8.9919999E-02
1.2169000E+03 8.9929998E-02
1.2174000E+03 9.0080000E-02
1.2179000E+03 9.0269998E-02
1.2184000E+03 8.9879997E-02
1.2189000E+03 8.9869998E-02
1.2193000E+03 8.9800000E-02
1.2198000E+03 8.9469999E-02
1.2203000E+03 8.9790002E-02
1.2208000E+03 8.9630000E-02
1.2213000E+03 8.9720003E-02
1.2218000E+03 9.0200000E-02
1.2222000E+03 8.9390002E-02
1.2227000E+03 8.9340001E-02
1.2232000E+03 8.9989997E-02
1.2237000E+03 8.9560002E-02
1.2242000E+03 8.9639999E-02
1.2246000E+03 8.9879997E-02
1.2251000E+03 8.9630000E-02
1.2256000E+03 8.9769997E-02
1.2261000E+03 8.9299999E-02
1.2266000E+03 8.8950001E-02
1.2271000E+03 8.9440003E-02
1.2275000E+03 8.9479998E-02
1.2280000E+03 8.9429997E-02
1.2285000E+03 8.9149997E-02
1.2290000E+03 8.9060001E-02
1.2295000E+03 8.9659996E-02
1.2300000E+03 8.9359999E-02
1.2304000E+03 8.8919997E-02
1.2309000E+03 8.8900000E-02
1.2314000E+03 8.8679999E-02
1.2319000E+03 8.9149997E-02
1.2324000E+03 8.9110002E-02
1.2328000E+03 8.8430002E-02
1.2333000E+03 8.8969998E-02
1.2338000E+03 8.8900000E-02
1.2343000E+03 8.8059999E-02
1.2348000E+03 8.8229999E-02
1.2353000E+03 8.8059999E-02
1.2357000E+03 8.7800004E-02
1.2362000E+03 8.7849997E-02
1.2367000E+03 8.7499999E-02
1.2372000E+03 8.7609999E-02
1.2377000E+03 8.7789997E-02
1.2381000E+03 8.7569997E-02
1.2386000E+03 8.7210000E-02
1.2391000E+03 8.6700000E-02
1.2396000E+03 8.6920001E-02
1.2401000E+03 8.7059997E-02
1.2406000E+03 8.6269997E-02
1.2410000E+03 8.6130001E-02
1.2415000E+03 8.6089998E-02
1.2420000E+03 8.5699998E-02
1.2425000E+03 8.5689999E-02
1.2430000E+03 8.4890001E-02
1.2435000E+03 8.4420003E-02
1.2439000E+03 8.4739998E-02
1.2444000E+03 8.3970003E-02
1.2449000E+03 8.3570004E-02
1.2454000E+03 8.3449997E-02
1.2459000E+03 8.2520001E-02
1.2463000E+03 8.2500003E-02
1.2468000E+03 8.2379997E-02
1.2473000E+03 8.1529997E-02
1.2478000E+03 8.1249997E-02
1.2483000E+03 8.0679998E-02
1.2488000E+03 8.0260001E-02
1.2492000E+03 8.0200002E-02
1.2497000E+03 7.9599999E-02
1.2502000E+03 7.9209998E-02
1.2507000E+03 7.8659996E-02
1.2512000E+03 7.8029998E-02
1.2516000E+03 7.8000002E-02
1.2521000E+03 7.7450000E-02
1.2526000E+03 7.6789998E-02
1.2531000E+03 7.6240003E-02
1.2536000E+03 7.5379997E-02
1.2541000E+03 7.5479999E-02
1.2545000E+03 7.5250000E-02
1.2550000E+03 7.4069999E-02
1.2555000E+03 7.3890001E-02
1.2560000E+03 7.3449999E-02
1.2565000E+03 7.2460003E-02
1.2570000E+03 7.2350003E-02
1.2574000E+03 7.1810000E-02
1.2579000E+03 7.1020000E-02
1.2584000E+03 7.0819996E-02
1.2589000E+03 7.0299998E-02
1.2594000E+03 6.9899999E-02
1.2598000E+03 6.9750004E-02
1.2603000E+03 6.9440000E-02
1.2608000E+03 6.8990000E-02
1.2613000E+03 6.8209998E-02
1.2618000E+03 6.7840002E-02
1.2623000E+03 6.7440003E-02
1.2627000E+03 6.6689998E-02
1.2632000E+03 6.6620000E-02
1.2637000E+03 6.6220000E-02
1.2642000E+03 6.5609999E-02
1.2647000E+03 6.5629996E-02
1.2652000E+03 6.4889997E-02
1.2656000E+03 6.4230002E-02
1.2661000E+03 6.4259999E-02
1.2666000E+03 6.3490003E-02
1.2671000E+03 6.3000001E-02
1.2676000E+03 6.2870003E-02
1.2680000E+03 6.2150002E-02
1.2685000E+03 6.1919998E-02
1.2690000E+03 6.1450001E-02
1.2695000E+03 6.0670000E-02
1.2700000E+03 6.0470000E-02
1.2705000E+03 5.9889998E-02
1.2709000E+03 5.9330001E-02
1.2714000E+03 5.9090000E-02
1.2719000E+03 5.8690000E-02
1.2724000E+03 5.8479998E-02
1.2729000E+03 5.7850000E-02
1.2733000E+03 5.7259999E-02
1.2738000E+03 5.7160001E-02
1.2743000E+03 5.6270000E-02
1.2748000E+03 5.5860002E-02
1.2753000E+03 5.5810001E-02
1.2758000E+03 5.4910000E-02
1.2762000E+03 5.4790001E-02
1.2767000E+03 5.4450002E-02
1.2772000E+03 5.3619999E-02
1.2777000E+03 5.3840000E-02
1.2782000E+03 5.3270001E-02
1.2787000E+03 5.2250002E-02
1.2791000E+03 5.2230000E-02
1.2796000E+03 5.1800001E-02
1.2801000E+03 5.1360000E-02
1.2806000E+03 5.1100001E-02
1.2811000E+03 5.0280001E-02
1.2815000E+03 4.9903002E-02
1.2820000E+03 4.9474999E-02
1.2825000E+03 4.8834998E-02
1.2830000E+03 4.8562001E-02
1.2835000E+03 4.8062999E-02
1.2840000E+03 4.7906000E-02
1.2844000E+03 4.7490999E-02
1.2849000E+03 4.6533000E-02
1.2854000E+03 4.6496000E-02
1.2859000E+03 4.6057001E-02
1.2864000E+03 4.5210000E-02
1.2868000E+03 4.5270000E-02
1.2873000E+03 4.4652000E-02
1.2878000E+03 4.4144999E-02
1.2883000E+03 4.4218998E-02
1.2888000E+03 4.3021999E-02
1.2893000E+03 4.2247001E-02
1.2897000E+03 4.2314999E-02
1.2902000E+03 4.1804999E-02
1.2907000E+03 4.1476998E-02
1.2912000E+03 4.0975001E-02
1.2917000E+03 4.0288001E-02
1.2922000E+03 3.9985999E-02
1.2926000E+03 3.9397001E-02
1.2931000E+03 3.9004002E-02
1.2936000E+03 3.8722999E-02
1.2941000E+03 3.8047999E-02
1.2946000E+03 3.7717000E-02
1.2950000E+03 3.7099000E-02
1.2955000E+03 3.6502000E-02
1.2960000E+03 3.6667999E-02
1.2965000E+03 3.6125999E-02
1.2970000E+03 3.5574999E-02
1.2975000E+03 3.5271000E-02
1.2979000E+03 3.4389000E-02
1.2984000E+03 3.4281000E-02
1.2989000E+03 3.3815000E-02
1.2994000E+03 3.2768998E-02
1.2999000E+03 3.2793999E-02
1.3003000E+03 3.2280002E-02
1.3008000E+03 3.1622000E-02
1.3013000E+03 3.1780999E-02
1.3018000E+03 3.1150000E-02
1.3023000E+03 3.0552000E-02
1.3028000E+03 3.0387999E-02
1.3032000E+03 2.9897001E-02
1.3037000E+03 2.9733000E-02
1.3042000E+03 2.9374000E-02
1.3047000E+03 2.8841000E-02
1.3052000E+03 2.8553000E-02
1.3057000E+03 2.7871000E-02
1.3061000E+03 2.7585000E-02
1.3066000E+03 2.7294001E-02
1.3071000E+03 2.6376000E-02
1.3076000E+03 2.6418000E-02
1.3081000E+03 2.6342001E-02
1.3085000E+03 2.5748000E-02
1.3090000E+03 2.5630999E-02
1.3095000E+03 2.4759000E-02
1.3100000E+03 2.4458000E-02
1.3105000E+03 2.4646999E-02
1.3110000E+03 2.3629000E-02
1.3114000E+03 2.3259999E-02
1.3119000E+03 2.3507001E-02
1.3124000E+03 2.3135001E-02
1.3129000E+03 2.2953000E-02
1.3134000E+03 2.2662001E-02
1.3138000E+03 2.1911999E-02
1.3143000E+03 2.1632999E-02
1.3148000E+03 2.1314999E-02
1.3153000E+03 2.0857999E-02
1.3158000E+03 2.0563001E-02
1.3163000E+03 2.0289000E-02
1.3167000E+03 2.0494999E-02
1.3172000E+03 2.0039000E-02
1.3177000E+03 1.9324001E-02
1.3182000E+03 1.9274000E-02
1.3187000E+03 1.8894000E-02
1.3192000E+03 1.8828001E-02
1.3196000E+03 1.8611001E-02
1.3201000E+03 1.7758001E-02
1.3206000E+03 1.7940000E-02
1.3211000E+03 1.7739000E-02
1.3216000E+03 1.6702000E-02
1.3220000E+03 1.6931999E-02
1.3225000E+03 1.6735001E-02
1.3230000E+03 1.6061001E-02
1.3235000E+03 1.6073000E-02
1.3240000E+03 1.5451000E-02
1.3245000E+03 1.5102000E-02
1.3249000E+03 1.5036000E-02
1.3254000E+03 1.4517000E-02
1.3259000E+03 1.4471000E-02
1.3264000E+03 1.4485000E-02
1.3269000E+03 1.4267000E-02
1.3273000E+03 1.3884000E-02
1.3278000E+03 1.3312000E-02
1.3283000E+03 1.3522000E-02
1.3288000E+03 1.3498000E-02
1.3293000E+03 1.2658000E-02
1.3298000E+03 1.2520000E-02
1.3302000E+03 1.2251000E-02
1.3307000E+03 1.2055000E-02
1.3312000E+03 1.2241000E-02
1.3317000E+03 1.1422000E-02
1.3322000E+03 1.1162000E-02
1.3327000E+03 1.1419000E-02
1.3331000E+03 1.0713000E-02
1.3336000E+03 1.0559000E-02
1.3341000E+03 1.0684000E-02
1.3346000E+03 1.0125000E-02
1.3351000E+03 1.0147000E-02
1.3355000E+03 1.0006000E-02
1.3360000E+03 9.6669998E-03
1.3365000E+03 1.0345000E-02
1.3370000E+03 1.0156000E-02
1.3375000E+03 9.4499998E-03
1.3380000E+03 9.3769999E-03
1.3384000E+03 9.3050003E-03
1.3389000E+03 9.8409997E-03
1.3394000E+03 9.5859999E-03
1.3399000E+03 9.0480000E-03
1.3404000E+03 9.2030000E-03
1.3408000E+03 8.2700001E-03
1.3413000E+03 8.0260001E-03
1.3418000E+03 8.1059998E-03
1.3423000E+03 7.2599999E-03
1.3428000E+03 7.5659999E-03
1.3433000E+03 7.5610001E-03
1.3437000E+03 6.9249999E-03
1.3442000E+03 7.2369999E-03
1.3447000E+03 7.0300000E-03
1.3452000E+03 6.7469999E-03
1.3457000E+03 7.0110001E-03
1.3462000E+03 6.4920001E-03
1.3466000E+03 6.2640002E-03
1.3471000E+03 6.4200000E-03
1.3476000E+03 6.0919998E-03
1.3481000E+03 6.1769998E-03
1.3486000E+03 6.1070002E-03
1.3490000E+03 6.0979999E-03
1.3495000E+03 6.2839999E-03
1.3500000E+03 5.6900000E-03
1.3505000E+03 5.6010000E-03
1.3510000E+03 5.6590000E-03
1.3515000E+03 5.4159998E-03
1.3519000E+03 5.7339999E-03
1.3524000E+03 5.2649998E-03
1.3529000E+03 4.9729999E-03
1.3534000E+03 5.4850001E-03
1.3539000E+03 4.9540000E-03
1.3543000E+03 5.0130002E-03
1.3548000E+03 5.5260002E-03
1.3553000E+03 4.6740002E-03
1.3558000E+03 4.5099999E-03
1.3563000E+03 4.8489999E-03
1.3568000E+03 4.3839999E-03
1.3572000E+03 4.5670001E-03
1.3577000E+03 4.7690002E-03
1.3582000E+03 4.4450001E-03
1.3587000E+03 4.4249999E-03
1.3592000E+03 4.1200002E-03
1.3597000E+03 4.0389998E-03
1.3601000E+03 4.0460001E-03
1.3606000E+03 4.1910000E-03
1.3611000E+03 4.8320000E-03
1.3616000E+03 4.1520000E-03
1.3621000E+03 3.7330000E-03
1.3625000E+03 4.4820001E-03
1.3630000E+03 4.3219998E-03
1.3635000E+03 4.2130002E-03
1.3640000E+03 3.9229998E-03
1.3645000E+03 3.0330000E-03
1.3650000E+03 3.1290001E-03
1.3654000E+03 3.0189999E-03
1.3659000E+03 2.8210001E-03
1.3664000E+03 3.5039999E-03
1.3669000E+03 3.1379999E-03
1.3674000E+03 2.7280001E-03
1.3678000E+03 3.2070000E-03
1.3683000E+03 3.1000001E-03
1.3688000E+03 3.1340001E-03
1.3693000E+03 3.0840000E-03
1.3698000E+03 2.6590000E-03
1.3703000E+03 2.7260000E-03
1.3707000E+03 2.5299999E-03
1.3712000E+03 2.4580001E-03
1.3717000E+03 2.8100000E-03
1.3722000E+03 2.7950001E-03
1.3727000E+03 2.8639999E-03
1.3732000E+03 2.7369999E-03
1.3736000E+03 2.8270001E-03
1.3741000E+03 3.1830000E-03
1.3746000E+03 2.5420000E-03
1.3751000E+03 2.3739999E-03
1.3756000E+03 2.6179999E-03
1.3760000E+03 1.9110000E-03
1.3765000E+03 1.9490001E-03
1.3770000E+03 2.3250000E-03
1.3775000E+03 1.9700001E-03
1.3780000E+03 2.3810000E-03
1.3785000E+03 2.3800000E-03
1.3789000E+03 1.5750000E-03
1.3794000E+03 1.8920000E-03
1.3799000E+03 1.7920000E-03
1.3804000E+03 1.1280000E-03
1.3809000E+03 1.0500000E-03
1.3813000E+03 7.4500003E-04
1.3818000E+03 8.1499998E-04
1.3823000E+03 7.3500001E-04
1.3828000E+03 3.3600000E-04
1.3833000E+03 5.2300002E-04
