8.6304001E+01 2.4050999E-02
8.6786003E+01 2.3828000E-02
8.7267998E+01 2.3317000E-02
8.7750000E+01 2.4076000E-02
8.8233002E+01 2.3539999E-02
8.8714996E+01 2.2266001E-02
8.9196999E+01 2.1658000E-02
8.9679001E+01 2.1972001E-02
9.0161003E+01 2.2640999E-02
9.0642998E+01 2.1837000E-02
9.1125999E+01 2.1063000E-02
9.1608002E+01 2.1240000E-02
9.2089996E+01 2.2398001E-02
9.2571999E+01 2.2791000E-02
9.3054001E+01 2.1340000E-02
9.3536003E+01 2.0156000E-02
9.4017998E+01 1.9516001E-02
9.4500999E+01 1.9262001E-02
9.4983002E+01 1.9548999E-02
9.5464996E+01 2.0910000E-02
9.5946999E+01 2.1806000E-02
9.6429001E+01 2.0353001E-02
9.6911003E+01 1.8402999E-02
9.7392998E+01 1.8415000E-02
9.7875999E+01 1.9712999E-02
9.8358002E+01 1.9687001E-02
9.8839996E+01 1.9650999E-02
9.9321999E+01 1.9739000E-02
9.9804001E+01 1.8501000E-02
1.0029000E+02 1.8828999E-02
1.0077000E+02 1.9889001E-02
1.0125000E+02 2.0393001E-02
1.0173000E+02 2.2081001E-02
1.0221000E+02 2.2549000E-02
1.0270000E+02 2.1730000E-02
1.0318000E+02 2.1648001E-02
1.0366000E+02 2.1747001E-02
1.0414000E+02 2.2297001E-02
1.0463000E+02 2.3309000E-02
1.0511000E+02 2.3871999E-02
1.0559000E+02 2.4293000E-02
1.0607000E+02 2.4907000E-02
1.0655000E+02 2.5124000E-02
1.0704000E+02 2.4902999E-02
1.0752000E+02 2.4394000E-02
1.0800000E+02 2.3955001E-02
1.0848000E+02 2.3796000E-02
1.0896000E+02 2.3278000E-02
1.0945000E+02 2.3189999E-02
1.0993000E+02 2.4217000E-02
1.1041000E+02 2.5067000E-02
1.1089000E+02 2.4646999E-02
1.1138000E+02 2.3289001E-02
1.1186000E+02 2.2802001E-02
1.1234000E+02 2.2467000E-02
1.1282000E+02 2.1291001E-02
1.1330000E+02 2.1385999E-02
1.1379000E+02 2.1630000E-02
1.1427000E+02 2.1005001E-02
1.1475000E+02 2.0835999E-02
1.1523000E+02 2.0691000E-02
1.1571000E+02 2.0726001E-02
1.1620000E+02 2.0414000E-02
1.1668000E+02 1.9768000E-02
1.1716000E+02 1.9717000E-02
1.1764000E+02 2.0206001E-02
1.1813000E+02 2.0307001E-02
1.1861000E+02 2.0027000E-02
1.1909000E+02 2.0448999E-02
1.1957000E+02 2.0366000E-02
1.2005000E+02 2.0028001E-02
1.2054000E+02 1.9402999E-02
1.2102000E+02 1.8321000E-02
1.2150000E+02 1.9148000E-02
1.2198000E+02 2.0816000E-02
1.2246000E+02 2.1387000E-02
1.2295000E+02 2.1150000E-02
1.2343000E+02 2.0411000E-02
1.2391000E+02 2.0145001E-02
1.2439000E+02 2.0134000E-02
1.2488000E+02 1.9803001E-02
1.2536000E+02 1.9207001E-02
1.2584000E+02 1.7901000E-02
1.2632000E+02 1.7473999E-02
1.2680000E+02 1.8878000E-02
1.2729000E+02 1.9301999E-02
1.2777000E+02 1.8873001E-02
1.2825000E+02 1.9443000E-02
1.2873000E+02 1.9601000E-02
1.2922000E+02 1.8842001E-02
1.2970000E+02 1.8564999E-02
1.3017999E+02 1.8626999E-02
1.3066000E+02 1.8549999E-02
1.3114000E+02 1.9373000E-02
1.3163000E+02 2.0253999E-02
1.3211000E+02 2.0051001E-02
1.3259000E+02 1.9867999E-02
1.3307001E+02 1.9756000E-02
1.3355000E+02 1.9785000E-02
1.3403999E+02 1.9998999E-02
1.3452000E+02 2.0430000E-02
1.3500000E+02 2.1196000E-02
1.3548000E+02 2.1491000E-02
1.3597000E+02 2.1636000E-02
1.3645000E+02 2.1814000E-02
1.3692999E+02 2.2977000E-02
1.3741000E+02 2.5048999E-02
1.3789000E+02 2.5800001E-02
1.3838000E+02 2.5893999E-02
1.3886000E+02 2.6174000E-02
1.3934000E+02 2.6060000E-02
1.3982001E+02 2.5491999E-02
1.4030000E+02 2.5032001E-02
1.4078999E+02 2.4488000E-02
1.4127000E+02 2.3210000E-02
1.4175000E+02 2.2363000E-02
1.4223000E+02 2.2066001E-02
1.4272000E+02 2.1702999E-02
1.4320000E+02 2.1495000E-02
1.4367999E+02 2.1280000E-02
1.4416000E+02 2.0993000E-02
1.4464000E+02 2.0887000E-02
1.4513000E+02 2.0798000E-02
1.4561000E+02 2.0732000E-02
1.4609000E+02 2.0767000E-02
1.4657001E+02 2.0517999E-02
1.4705000E+02 2.0408001E-02
1.4753999E+02 2.0801000E-02
1.4802000E+02 2.1215999E-02
1.4850000E+02 2.0978000E-02
1.4898000E+02 2.0529000E-02
1.4947000E+02 2.0429000E-02
1.4995000E+02 2.0179000E-02
1.5042999E+02 2.0003000E-02
1.5091000E+02 1.9866001E-02
1.5139000E+02 1.9850999E-02
1.5188000E+02 2.0156000E-02
1.5236000E+02 2.0338999E-02
1.5284000E+02 2.0191001E-02
1.5332001E+02 1.9913999E-02
1.5380000E+02 2.0016000E-02
1.5428999E+02 2.0192999E-02
1.5477000E+02 2.0305000E-02
1.5525000E+02 2.0229001E-02
1.5573000E+02 1.9975999E-02
1.5622000E+02 2.0001000E-02
1.5670000E+02 2.0198001E-02
1.5717999E+02 2.0638000E-02
1.5766000E+02 2.1002000E-02
1.5814000E+02 2.0893000E-02
1.5863000E+02 2.0462999E-02
1.5911000E+02 2.0260001E-02
1.5959000E+02 2.0589000E-02
1.6007001E+02 2.0475000E-02
1.6055000E+02 2.0082001E-02
1.6103999E+02 1.9981001E-02
1.6152000E+02 1.9873001E-02
1.6200000E+02 2.0173000E-02
1.6248000E+02 2.0396000E-02
1.6297000E+02 2.0228000E-02
1.6345000E+02 2.0159001E-02
1.6392999E+02 1.9938000E-02
1.6441000E+02 1.9849000E-02
1.6489000E+02 2.0059001E-02
1.6538000E+02 2.0218000E-02
1.6586000E+02 2.0276999E-02
1.6634000E+02 1.9951999E-02
1.6682001E+02 1.9394999E-02
1.6730000E+02 1.9348999E-02
1.6778999E+02 1.9369001E-02
1.6827000E+02 1.9344000E-02
1.6875000E+02 1.9768000E-02
1.6923000E+02 1.9954000E-02
1.6972000E+02 2.0160999E-02
1.7020000E+02 2.0723000E-02
1.7067999E+02 2.0413000E-02
1.7116000E+02 1.9378001E-02
1.7164000E+02 1.9172000E-02
1.7213000E+02 1.9357000E-02
1.7261000E+02 1.9304000E-02
1.7309000E+02 1.9719001E-02
1.7357001E+02 1.9773999E-02
1.7405000E+02 1.9602001E-02
1.7453999E+02 1.9856000E-02
1.7502000E+02 1.9948000E-02
1.7550000E+02 2.0205000E-02
1.7598000E+02 2.0621000E-02
1.7647000E+02 2.0568000E-02
1.7695000E+02 2.0473000E-02
1.7742999E+02 2.0599000E-02
1.7791000E+02 2.0448999E-02
1.7839000E+02 2.0408001E-02
1.7888000E+02 2.0716000E-02
1.7936000E+02 2.0811999E-02
1.7984000E+02 2.0656999E-02
1.8032001E+02 2.0624001E-02
1.8080000E+02 2.0569000E-02
1.8128999E+02 2.0482000E-02
1.8177000E+02 2.0630000E-02
1.8225000E+02 2.0562001E-02
1.8273000E+02 2.0514000E-02
1.8322000E+02 2.0705000E-02
1.8370000E+02 2.0884000E-02
1.8417999E+02 2.1080000E-02
1.8466000E+02 2.1093000E-02
1.8514000E+02 2.1124000E-02
1.8563000E+02 2.1240000E-02
1.8611000E+02 2.1333000E-02
1.8659000E+02 2.1627000E-02
1.8707001E+02 2.1984000E-02
1.8755000E+02 2.1965999E-02
1.8803999E+02 2.1939000E-02
1.8852000E+02 2.2294000E-02
1.8900000E+02 2.2255000E-02
1.8948000E+02 2.2073001E-02
1.8997000E+02 2.2591000E-02
1.9045000E+02 2.3157001E-02
1.9092999E+02 2.3286000E-02
1.9141000E+02 2.3599001E-02
1.9189000E+02 2.4210000E-02
1.9238000E+02 2.4111999E-02
1.9286000E+02 2.3773000E-02
1.9334000E+02 2.4301000E-02
1.9382001E+02 2.4746999E-02
1.9430000E+02 2.4806000E-02
1.9478999E+02 2.4839999E-02
1.9527000E+02 2.5002001E-02
1.9575000E+02 2.5332000E-02
1.9623000E+02 2.5496000E-02
1.9672000E+02 2.6020000E-02
1.9720000E+02 2.6557000E-02
1.9767999E+02 2.6882000E-02
1.9816000E+02 2.7448000E-02
1.9864000E+02 2.7549000E-02
1.9913000E+02 2.7148001E-02
1.9961000E+02 2.6494000E-02
2.0009000E+02 2.5635000E-02
2.0057001E+02 2.5203001E-02
2.0105000E+02 2.4989000E-02
2.0153999E+02 2.4559001E-02
2.0202000E+02 2.4311000E-02
2.0250000E+02 2.4078000E-02
2.0298000E+02 2.3564000E-02
2.0347000E+02 2.3032000E-02
2.0395000E+02 2.2843000E-02
2.0442999E+02 2.3039000E-02
2.0491000E+02 2.2964999E-02
2.0539000E+02 2.2693999E-02
2.0588000E+02 2.2732001E-02
2.0636000E+02 2.2814000E-02
2.0684000E+02 2.2527000E-02
2.0732001E+02 2.2279000E-02
2.0780000E+02 2.2537000E-02
2.0828999E+02 2.2884000E-02
2.0877000E+02 2.2874000E-02
2.0925000E+02 2.2652000E-02
2.0973000E+02 2.2531999E-02
2.1022000E+02 2.2576001E-02
2.1070000E+02 2.2674000E-02
2.1117999E+02 2.2769000E-02
2.1166000E+02 2.2779001E-02
2.1214000E+02 2.2686999E-02
2.1263000E+02 2.2894001E-02
2.1311000E+02 2.3294000E-02
2.1359000E+02 2.3411000E-02
2.1407001E+02 2.3397001E-02
2.1455000E+02 2.3486000E-02
2.1503999E+02 2.3651000E-02
2.1552000E+02 2.3716999E-02
2.1600000E+02 2.3714000E-02
2.1648000E+02 2.3655999E-02
2.1697000E+02 2.3822000E-02
2.1745000E+02 2.4133001E-02
2.1792999E+02 2.4086000E-02
2.1841000E+02 2.4173999E-02
2.1889000E+02 2.4434000E-02
2.1938000E+02 2.4462000E-02
2.1986000E+02 2.4577999E-02
2.2034000E+02 2.4861000E-02
2.2082001E+02 2.4983000E-02
2.2130000E+02 2.4947001E-02
2.2178999E+02 2.5013000E-02
2.2227000E+02 2.5161000E-02
2.2275000E+02 2.5436999E-02
2.2323000E+02 2.5800999E-02
2.2372000E+02 2.5992000E-02
2.2420000E+02 2.6075000E-02
2.2467999E+02 2.6278000E-02
2.2516000E+02 2.6538000E-02
2.2564000E+02 2.6798001E-02
2.2613000E+02 2.7236000E-02
2.2661000E+02 2.7597001E-02
2.2709000E+02 2.8034000E-02
2.2757001E+02 2.8935000E-02
2.2805000E+02 2.9336000E-02
2.2853999E+02 2.9070999E-02
2.2902000E+02 2.8983001E-02
2.2950000E+02 2.9193001E-02
2.2998000E+02 2.9836001E-02
2.3047000E+02 3.0525001E-02
2.3095000E+02 3.1037999E-02
2.3142999E+02 3.1502001E-02
2.3191000E+02 3.1897001E-02
2.3239000E+02 3.2432999E-02
2.3288000E+02 3.2861002E-02
2.3336000E+02 3.3208001E-02
2.3384000E+02 3.3608001E-02
2.3432001E+02 3.4019001E-02
2.3480000E+02 3.4316000E-02
2.3528999E+02 3.4485999E-02
2.3577000E+02 3.4961998E-02
2.3625000E+02 3.5388000E-02
2.3673000E+02 3.5668999E-02
2.3722000E+02 3.5997000E-02
2.3770000E+02 3.6155999E-02
2.3817999E+02 3.6401998E-02
2.3866000E+02 3.6839001E-02
2.3914000E+02 3.7280001E-02
2.3963000E+02 3.7599001E-02
2.4011000E+02 3.7873000E-02
2.4059000E+02 3.8348000E-02
2.4107001E+02 3.8711000E-02
2.4155000E+02 3.8966998E-02
2.4203999E+02 3.9508998E-02
2.4252000E+02 4.0027998E-02
2.4300000E+02 4.0509000E-02
2.4348000E+02 4.0931001E-02
2.4397000E+02 4.1515000E-02
2.4445000E+02 4.2215999E-02
2.4492999E+02 4.2470001E-02
2.4541000E+02 4.2828001E-02
2.4589000E+02 4.3280002E-02
2.4638000E+02 4.3802999E-02
2.4686000E+02 4.4473998E-02
2.4734000E+02 4.5058999E-02
2.4782001E+02 4.5756999E-02
2.4830000E+02 4.6332002E-02
2.4878999E+02 4.6987999E-02
2.4927000E+02 4.7641002E-02
2.4975000E+02 4.7974002E-02
2.5023000E+02 4.8532002E-02
2.5072000E+02 4.9465999E-02
2.5120000E+02 5.0510999E-02
2.5167999E+02 5.1258001E-02
2.5216000E+02 5.1727999E-02
2.5264000E+02 5.2572999E-02
2.5313000E+02 5.3527001E-02
2.5361000E+02 5.4577000E-02
2.5409000E+02 5.5760998E-02
2.5457001E+02 5.6456000E-02
2.5506000E+02 5.7399999E-02
2.5553999E+02 5.8421999E-02
2.5601999E+02 5.9282999E-02
2.5650000E+02 6.0350001E-02
2.5698001E+02 6.1244000E-02
2.5747000E+02 6.2233001E-02
2.5795001E+02 6.3349999E-02
2.5842999E+02 6.4438999E-02
2.5891000E+02 6.5393999E-02
2.5939001E+02 6.6382997E-02
2.5988000E+02 6.7855999E-02
2.6035999E+02 6.9266997E-02
2.6084000E+02 7.0405997E-02
2.6132001E+02 7.1506001E-02
2.6181000E+02 7.2678000E-02
2.6229001E+02 7.4332997E-02
2.6276999E+02 7.6117001E-02
2.6325000E+02 7.7832997E-02
2.6373001E+02 7.9838999E-02
2.6422000E+02 8.1721999E-02
2.6470001E+02 8.3306000E-02
2.6517999E+02 8.5078001E-02
2.6566000E+02 8.7210998E-02
2.6614001E+02 8.9500003E-02
2.6663000E+02 9.2005998E-02
2.6710999E+02 9.4561003E-02
2.6759000E+02 9.6910998E-02
2.6807001E+02 9.9494003E-02
2.6856000E+02 1.0238000E-01
2.6904001E+02 1.0560000E-01
2.6951999E+02 1.0915000E-01
2.7000000E+02 1.1263000E-01
2.7048001E+02 1.1640000E-01
2.7097000E+02 1.2030000E-01
2.7145001E+02 1.2379000E-01
2.7192999E+02 1.2736000E-01
2.7241000E+02 1.3084000E-01
2.7289001E+02 1.3369000E-01
2.7338000E+02 1.3619000E-01
2.7385999E+02 1.3851000E-01
2.7434000E+02 1.4067000E-01
2.7482001E+02 1.4277001E-01
2.7531000E+02 1.4496000E-01
2.7579001E+02 1.4719000E-01
2.7626999E+02 1.4954001E-01
2.7675000E+02 1.5234999E-01
2.7723001E+02 1.5566000E-01
2.7772000E+02 1.5927000E-01
2.7820001E+02 1.6313000E-01
2.7867999E+02 1.6728000E-01
2.7916000E+02 1.7186999E-01
2.7964001E+02 1.7682999E-01
2.8013000E+02 1.8165000E-01
2.8060999E+02 1.8698999E-01
2.8109000E+02 1.9298001E-01
2.8157001E+02 1.9908001E-01
2.8206000E+02 2.0589000E-01
2.8254001E+02 2.1348999E-01
2.8301999E+02 2.2142000E-01
2.8350000E+02 2.2917999E-01
2.8398001E+02 2.3717000E-01
2.8447000E+02 2.4634001E-01
2.8495001E+02 2.5623000E-01
2.8542999E+02 2.6613000E-01
2.8591000E+02 2.7594000E-01
2.8639001E+02 2.8579000E-01
2.8688000E+02 2.9609001E-01
2.8735999E+02 3.0662999E-01
2.8784000E+02 3.1714001E-01
2.8832001E+02 3.2754999E-01
2.8881000E+02 3.3734000E-01
2.8929001E+02 3.4672999E-01
2.8976999E+02 3.5633999E-01
2.9025000E+02 3.6517999E-01
2.9073001E+02 3.7265000E-01
2.9122000E+02 3.7979001E-01
2.9170001E+02 3.8630000E-01
2.9217999E+02 3.9181000E-01
2.9266000E+02 3.9668000E-01
2.9314001E+02 4.0042999E-01
2.9363000E+02 4.0292001E-01
2.9410999E+02 4.0378001E-01
2.9459000E+02 4.0321001E-01
2.9507001E+02 4.0250999E-01
2.9556000E+02 4.0042001E-01
2.9604001E+02 3.9649001E-01
2.9651999E+02 3.9228001E-01
2.9700000E+02 3.8738999E-01
2.9748001E+02 3.8258001E-01
2.9797000E+02 3.7790000E-01
2.9845001E+02 3.7142000E-01
2.9892999E+02 3.6506000E-01
2.9941000E+02 3.6026999E-01
2.9989001E+02 3.5534000E-01
3.0038000E+02 3.5031000E-01
3.0085999E+02 3.4468001E-01
3.0134000E+02 3.3798000E-01
3.0182001E+02 3.3129999E-01
3.0231000E+02 3.2482001E-01
3.0279001E+02 3.1794000E-01
3.0326999E+02 3.1026000E-01
3.0375000E+02 3.0241999E-01
3.0423001E+02 2.9427999E-01
3.0472000E+02 2.8617001E-01
3.0520001E+02 2.7776000E-01
3.0567999E+02 2.6844001E-01
3.0616000E+02 2.5924000E-01
3.0664001E+02 2.5079000E-01
3.0713000E+02 2.4259999E-01
3.0760999E+02 2.3367000E-01
3.0809000E+02 2.2503000E-01
3.0857001E+02 2.1725000E-01
3.0906000E+02 2.0952000E-01
3.0954001E+02 2.0220999E-01
3.1001999E+02 1.9528000E-01
3.1050000E+02 1.8860000E-01
3.1098001E+02 1.8257999E-01
3.1147000E+02 1.7721000E-01
3.1195001E+02 1.7248000E-01
3.1242999E+02 1.6835999E-01
3.1291000E+02 1.6452999E-01
3.1339001E+02 1.6123000E-01
3.1388000E+02 1.5837000E-01
3.1435999E+02 1.5557000E-01
3.1484000E+02 1.5302999E-01
3.1532001E+02 1.5108000E-01
3.1581000E+02 1.4892000E-01
3.1629001E+02 1.4613999E-01
3.1676999E+02 1.4342999E-01
3.1725000E+02 1.4054000E-01
3.1773001E+02 1.3720000E-01
3.1822000E+02 1.3348000E-01
3.1870001E+02 1.2984000E-01
3.1917999E+02 1.2648000E-01
3.1966000E+02 1.2288000E-01
3.2014001E+02 1.1952000E-01
3.2063000E+02 1.1664000E-01
3.2110999E+02 1.1393000E-01
3.2159000E+02 1.1124000E-01
3.2207001E+02 1.0884000E-01
3.2256000E+02 1.0682000E-01
3.2304001E+02 1.0484000E-01
3.2351999E+02 1.0349000E-01
3.2400000E+02 1.0259000E-01
3.2448001E+02 1.0109000E-01
3.2497000E+02 9.9817000E-02
3.2545001E+02 9.9150002E-02
3.2592999E+02 9.8461002E-02
3.2641000E+02 9.7755998E-02
3.2689001E+02 9.7011000E-02
3.2738000E+02 9.6767001E-02
3.2785999E+02 9.7021997E-02
3.2834000E+02 9.7189002E-02
3.2882001E+02 9.7606003E-02
3.2931000E+02 9.8167002E-02
3.2979001E+02 9.8811001E-02
3.3026999E+02 9.9706002E-02
3.3075000E+02 1.0074000E-01
3.3123001E+02 1.0193000E-01
3.3172000E+02 1.0329000E-01
3.3220001E+02 1.0477000E-01
3.3267999E+02 1.0637000E-01
3.3316000E+02 1.0806000E-01
3.3364001E+02 1.0982000E-01
3.3413000E+02 1.1191000E-01
3.3460999E+02 1.1433000E-01
3.3509000E+02 1.1698000E-01
3.3557001E+02 1.1957000E-01
3.3606000E+02 1.2206000E-01
3.3654001E+02 1.2484000E-01
3.3701999E+02 1.2788001E-01
3.3750000E+02 1.3111000E-01
3.3798001E+02 1.3488001E-01
3.3847000E+02 1.3898000E-01
3.3895001E+02 1.4322001E-01
3.3942999E+02 1.4775001E-01
3.3991000E+02 1.5233999E-01
3.4039001E+02 1.5706000E-01
3.4088000E+02 1.6192999E-01
3.4135999E+02 1.6698000E-01
3.4184000E+02 1.7251000E-01
3.4232001E+02 1.7801000E-01
3.4281000E+02 1.8377000E-01
3.4329001E+02 1.8990000E-01
3.4376999E+02 1.9564000E-01
3.4425000E+02 2.0157000E-01
3.4473001E+02 2.0776001E-01
3.4522000E+02 2.1411000E-01
3.4570001E+02 2.2092000E-01
3.4617999E+02 2.2756000E-01
3.4666000E+02 2.3416001E-01
3.4714001E+02 2.4089000E-01
3.4763000E+02 2.4733000E-01
3.4810999E+02 2.5402001E-01
3.4859000E+02 2.6111999E-01
3.4907001E+02 2.6784000E-01
3.4956000E+02 2.7430999E-01
3.5004001E+02 2.8079000E-01
3.5051999E+02 2.8726000E-01
3.5100000E+02 2.9357001E-01
3.5148001E+02 2.9969001E-01
3.5197000E+02 3.0622000E-01
3.5245001E+02 3.1259000E-01
3.5292999E+02 3.1841999E-01
3.5341000E+02 3.2471001E-01
3.5389001E+02 3.3080000E-01
3.5438000E+02 3.3616000E-01
3.5485999E+02 3.4202000E-01
3.5534000E+02 3.4796000E-01
3.5582001E+02 3.5257000E-01
3.5631000E+02 3.5699001E-01
3.5679001E+02 3.6175001E-01
3.5726999E+02 3.6589000E-01
3.5775000E+02 3.7020999E-01
3.5823001E+02 3.7393001E-01
3.5872000E+02 3.7621000E-01
3.5920001E+02 3.7893999E-01
3.5967999E+02 3.8218999E-01
3.6016000E+02 3.8466999E-01
3.6064001E+02 3.8593000E-01
3.6113000E+02 3.8670999E-01
3.6160999E+02 3.8776001E-01
3.6209000E+02 3.8861999E-01
3.6257001E+02 3.8929000E-01
3.6306000E+02 3.8901001E-01
3.6354001E+02 3.8727999E-01
3.6401999E+02 3.8591000E-01
3.6450000E+02 3.8446999E-01
3.6498001E+02 3.8163000E-01
3.6547000E+02 3.7913001E-01
3.6595001E+02 3.7685999E-01
3.6642999E+02 3.7325001E-01
3.6691000E+02 3.6967000E-01
3.6739001E+02 3.6653000E-01
3.6788000E+02 3.6263001E-01
3.6835999E+02 3.5863000E-01
3.6884000E+02 3.5512000E-01
3.6932001E+02 3.5091999E-01
3.6981000E+02 3.4626999E-01
3.7029001E+02 3.4233999E-01
3.7076999E+02 3.3886999E-01
3.7125000E+02 3.3581001E-01
3.7173001E+02 3.3403000E-01
3.7222000E+02 3.3357000E-01
3.7270001E+02 3.3318001E-01
3.7317999E+02 3.3243999E-01
3.7366000E+02 3.3329001E-01
3.7414001E+02 3.3583999E-01
3.7463000E+02 3.3796000E-01
3.7510999E+02 3.3995000E-01
3.7559000E+02 3.4253001E-01
3.7607001E+02 3.4559000E-01
3.7656000E+02 3.4883001E-01
3.7704001E+02 3.5209000E-01
3.7751999E+02 3.5517001E-01
3.7800000E+02 3.5655001E-01
3.7848001E+02 3.5821000E-01
3.7897000E+02 3.6061999E-01
3.7945001E+02 3.6184999E-01
3.7992999E+02 3.6285001E-01
3.8041000E+02 3.6138001E-01
3.8089001E+02 3.5839999E-01
3.8138000E+02 3.5725999E-01
3.8185999E+02 3.5488999E-01
3.8234000E+02 3.5019001E-01
3.8282001E+02 3.4457999E-01
3.8331000E+02 3.3858001E-01
3.8379001E+02 3.3291000E-01
3.8426999E+02 3.2813999E-01
3.8475000E+02 3.2431000E-01
3.8523001E+02 3.1962001E-01
3.8572000E+02 3.1459999E-01
3.8620001E+02 3.1161001E-01
3.8667999E+02 3.1071001E-01
3.8716000E+02 3.1066000E-01
3.8764999E+02 3.1171000E-01
3.8813000E+02 3.1542999E-01
3.8860999E+02 3.2056999E-01
3.8909000E+02 3.2595000E-01
3.8957001E+02 3.3357000E-01
3.9006000E+02 3.4270000E-01
3.9054001E+02 3.5156000E-01
3.9101999E+02 3.6272001E-01
3.9150000E+02 3.7696001E-01
3.9198001E+02 3.9100999E-01
3.9247000E+02 4.0507999E-01
3.9295001E+02 4.2093000E-01
3.9342999E+02 4.3663001E-01
3.9391000E+02 4.5253000E-01
3.9439999E+02 4.6941000E-01
3.9488000E+02 4.8611000E-01
3.9535999E+02 5.0211000E-01
3.9584000E+02 5.1490998E-01
3.9632001E+02 5.2657002E-01
3.9681000E+02 5.3956997E-01
3.9729001E+02 5.5192000E-01
3.9776999E+02 5.6383002E-01
3.9825000E+02 5.7572001E-01
3.9873001E+02 5.8789003E-01
3.9922000E+02 5.9899998E-01
3.9970001E+02 6.0794002E-01
4.0017999E+02 6.1510998E-01
4.0066000E+02 6.2116998E-01
4.0114999E+02 6.2677997E-01
4.0163000E+02 6.3067001E-01
4.0210999E+02 6.3538998E-01
4.0259000E+02 6.4043999E-01
4.0307001E+02 6.4371997E-01
4.0356000E+02 6.4894003E-01
4.0404001E+02 6.5572000E-01
4.0451999E+02 6.6183001E-01
4.0500000E+02 6.6894001E-01
4.0548001E+02 6.7544001E-01
4.0597000E+02 6.7743999E-01
4.0645001E+02 6.8055999E-01
4.0692999E+02 6.8638998E-01
4.0741000E+02 6.9082999E-01
4.0789999E+02 6.9727999E-01
4.0838000E+02 7.0621997E-01
4.0885999E+02 7.1610999E-01
4.0934000E+02 7.2722000E-01
4.0982001E+02 7.3716998E-01
4.1031000E+02 7.4900001E-01
4.1079001E+02 7.6521999E-01
4.1126999E+02 7.7972001E-01
4.1175000E+02 7.9171997E-01
4.1223001E+02 8.1006002E-01
4.1272000E+02 8.3111000E-01
4.1320001E+02 8.4149998E-01
4.1367999E+02 8.4661001E-01
4.1416000E+02 8.5377997E-01
4.1464999E+02 8.6106002E-01
4.1513000E+02 8.7228000E-01
4.1560999E+02 8.8106000E-01
4.1609000E+02 8.8172001E-01
4.1657001E+02 8.8906002E-01
4.1706000E+02 9.0039003E-01
4.1754001E+02 9.0056002E-01
4.1801999E+02 8.9693999E-01
4.1850000E+02 8.9744002E-01
4.1898001E+02 8.9989001E-01
4.1947000E+02 8.9928001E-01
4.1995001E+02 8.9266998E-01
4.2042999E+02 8.9600003E-01
4.2091000E+02 9.0816998E-01
4.2139999E+02 9.0249997E-01
4.2188000E+02 8.9028001E-01
4.2235999E+02 8.8656002E-01
4.2284000E+02 8.8349998E-01
4.2332001E+02 8.8327998E-01
4.2381000E+02 8.8266999E-01
4.2429001E+02 8.7694001E-01
4.2476999E+02 8.6966997E-01
4.2525000E+02 8.6361003E-01
4.2573001E+02 8.6221999E-01
4.2622000E+02 8.5806000E-01
4.2670001E+02 8.4678000E-01
4.2717999E+02 8.4139001E-01
4.2766000E+02 8.4094000E-01
4.2814999E+02 8.3499998E-01
4.2863000E+02 8.2572001E-01
4.2910999E+02 8.1756002E-01
4.2959000E+02 8.1327999E-01
4.3007001E+02 8.0444002E-01
4.3056000E+02 7.8889000E-01
4.3104001E+02 7.8017002E-01
4.3151999E+02 7.7778000E-01
4.3200000E+02 7.7094001E-01
4.3248001E+02 7.5972003E-01
4.3297000E+02 7.5400001E-01
4.3345001E+02 7.4917001E-01
4.3392999E+02 7.3661000E-01
4.3441000E+02 7.2683001E-01
4.3489999E+02 7.1972001E-01
4.3538000E+02 7.1016997E-01
4.3585999E+02 7.0060998E-01
4.3634000E+02 6.9366997E-01
4.3682001E+02 6.9050002E-01
4.3731000E+02 6.8422002E-01
4.3779001E+02 6.7843997E-01
4.3826999E+02 6.7382997E-01
4.3875000E+02 6.6593999E-01
4.3923001E+02 6.5921998E-01
4.3972000E+02 6.5132999E-01
4.4020001E+02 6.4605999E-01
4.4067999E+02 6.4383000E-01
4.4116000E+02 6.3989002E-01
4.4164999E+02 6.3582999E-01
4.4213000E+02 6.2961000E-01
4.4260999E+02 6.2417001E-01
4.4309000E+02 6.1827999E-01
4.4357001E+02 6.0988998E-01
4.4406000E+02 6.0461003E-01
4.4454001E+02 6.0071999E-01
4.4501999E+02 5.9700000E-01
4.4550000E+02 5.9255999E-01
4.4598001E+02 5.8611000E-01
4.4647000E+02 5.8011001E-01
4.4695001E+02 5.7371998E-01
4.4742999E+02 5.6750000E-01
4.4791000E+02 5.6133002E-01
4.4839999E+02 5.5491000E-01
4.4888000E+02 5.4899001E-01
4.4935999E+02 5.4271001E-01
4.4984000E+02 5.3683001E-01
4.5032001E+02 5.3039002E-01
4.5081000E+02 5.2314001E-01
4.5129001E+02 5.1651001E-01
4.5176999E+02 5.1051003E-01
4.5225000E+02 5.0406998E-01
4.5273001E+02 4.9761999E-01
4.5322000E+02 4.9246001E-01
4.5370001E+02 4.8710999E-01
4.5417999E+02 4.8163000E-01
4.5466000E+02 4.7679001E-01
4.5514999E+02 4.7187999E-01
4.5563000E+02 4.6662000E-01
4.5610999E+02 4.6166000E-01
4.5659000E+02 4.5831999E-01
4.5707001E+02 4.5605999E-01
4.5756000E+02 4.5306000E-01
4.5804001E+02 4.4958001E-01
4.5851999E+02 4.4644001E-01
4.5900000E+02 4.4341999E-01
4.5948001E+02 4.4110999E-01
4.5997000E+02 4.3884000E-01
4.6045001E+02 4.3708000E-01
4.6092999E+02 4.3652999E-01
4.6141000E+02 4.3612000E-01
4.6189999E+02 4.3586001E-01
4.6238000E+02 4.3428999E-01
4.6285999E+02 4.3173000E-01
4.6334000E+02 4.3022999E-01
4.6382001E+02 4.3057999E-01
4.6431000E+02 4.3153000E-01
4.6479001E+02 4.3147001E-01
4.6526999E+02 4.3234000E-01
4.6575000E+02 4.3353000E-01
4.6623001E+02 4.3346000E-01
4.6672000E+02 4.3338001E-01
4.6720001E+02 4.3493000E-01
4.6767999E+02 4.3765000E-01
4.6816000E+02 4.3910000E-01
4.6864999E+02 4.4027999E-01
4.6913000E+02 4.4202000E-01
4.6960999E+02 4.4341001E-01
4.7009000E+02 4.4475999E-01
4.7057001E+02 4.4621000E-01
4.7106000E+02 4.4690001E-01
4.7154001E+02 4.4610000E-01
4.7201999E+02 4.4573000E-01
4.7250000E+02 4.4516999E-01
4.7298001E+02 4.4389999E-01
4.7347000E+02 4.4332001E-01
4.7395001E+02 4.4143999E-01
4.7442999E+02 4.3978000E-01
4.7491000E+02 4.3906000E-01
4.7539999E+02 4.3603000E-01
4.7588000E+02 4.3222001E-01
4.7635999E+02 4.2897999E-01
4.7684000E+02 4.2478999E-01
4.7732001E+02 4.2049000E-01
4.7781000E+02 4.1632000E-01
4.7829001E+02 4.1058001E-01
4.7876999E+02 4.0483001E-01
4.7925000E+02 4.0024999E-01
4.7973001E+02 3.9438000E-01
4.8022000E+02 3.8824001E-01
4.8070001E+02 3.8271999E-01
4.8117999E+02 3.7547001E-01
4.8166000E+02 3.6851999E-01
4.8214999E+02 3.6263999E-01
4.8263000E+02 3.5666001E-01
4.8310999E+02 3.5041001E-01
4.8359000E+02 3.4351999E-01
4.8407001E+02 3.3853999E-01
4.8456000E+02 3.3412999E-01
4.8504001E+02 3.2899001E-01
4.8551999E+02 3.2629001E-01
4.8600000E+02 3.2420999E-01
4.8648001E+02 3.2166001E-01
4.8697000E+02 3.2148999E-01
4.8745001E+02 3.2286000E-01
4.8792999E+02 3.2401001E-01
4.8841000E+02 3.2637000E-01
4.8889999E+02 3.2969999E-01
4.8938000E+02 3.3373001E-01
4.8985999E+02 3.3941999E-01
4.9034000E+02 3.4487000E-01
4.9082001E+02 3.5137001E-01
4.9131000E+02 3.6114001E-01
4.9179001E+02 3.7112999E-01
4.9226999E+02 3.7996000E-01
4.9275000E+02 3.9034000E-01
4.9323001E+02 4.0299001E-01
4.9372000E+02 4.1622001E-01
4.9420001E+02 4.3011999E-01
4.9467999E+02 4.4538000E-01
4.9516000E+02 4.6167001E-01
4.9564999E+02 4.7753999E-01
4.9613000E+02 4.9375999E-01
4.9660999E+02 5.1323998E-01
4.9709000E+02 5.3128999E-01
4.9757001E+02 5.4666001E-01
4.9806000E+02 5.6555998E-01
4.9854001E+02 5.8605999E-01
4.9901999E+02 6.0622001E-01
4.9950000E+02 6.2532997E-01
4.9998001E+02 6.4455998E-01
5.0047000E+02 6.6421998E-01
5.0095001E+02 6.8093997E-01
5.0142999E+02 7.0261002E-01
5.0191000E+02 7.2571999E-01
5.0239999E+02 7.4010998E-01
5.0288000E+02 7.5388998E-01
5.0335999E+02 7.7232999E-01
5.0384000E+02 7.8777999E-01
5.0432001E+02 7.9683000E-01
5.0481000E+02 8.0978000E-01
5.0529001E+02 8.2332999E-01
5.0576999E+02 8.2938999E-01
5.0625000E+02 8.3028001E-01
5.0673001E+02 8.3538997E-01
5.0722000E+02 8.4171999E-01
5.0770001E+02 8.2889003E-01
5.0817999E+02 8.1711000E-01
5.0866000E+02 8.2516998E-01
5.0914999E+02 8.3499998E-01
5.0963000E+02 8.3050001E-01
5.1010999E+02 8.1983000E-01
5.1059000E+02 8.1533003E-01
5.1107001E+02 8.1044000E-01
5.1156000E+02 8.0150002E-01
5.1203998E+02 7.9706001E-01
5.1252002E+02 7.9588997E-01
5.1300000E+02 7.9321998E-01
5.1348999E+02 7.8794003E-01
5.1396997E+02 7.8367001E-01
5.1445001E+02 7.8850001E-01
5.1492999E+02 7.9672003E-01
5.1540997E+02 7.9872000E-01
5.1590002E+02 7.9872000E-01
5.1638000E+02 7.9882997E-01
5.1685999E+02 7.9850000E-01
5.1734003E+02 7.9900002E-01
5.1782001E+02 7.9694003E-01
5.1831000E+02 7.9400003E-01
5.1878998E+02 7.9833001E-01
5.1927002E+02 8.0567002E-01
5.1975000E+02 8.0993998E-01
5.2023999E+02 8.1439000E-01
5.2071997E+02 8.1955999E-01
5.2120001E+02 8.2082999E-01
5.2167999E+02 8.2033002E-01
5.2215997E+02 8.2472003E-01
5.2265002E+02 8.2672000E-01
5.2313000E+02 8.2900000E-01
5.2360999E+02 8.3460999E-01
5.2409003E+02 8.3200002E-01
5.2457001E+02 8.2688999E-01
5.2506000E+02 8.2438999E-01
5.2553998E+02 8.2477999E-01
5.2602002E+02 8.2200003E-01
5.2650000E+02 8.1511003E-01
5.2698999E+02 8.1444001E-01
5.2746997E+02 8.1294000E-01
5.2795001E+02 8.0689001E-01
5.2842999E+02 8.0061001E-01
5.2890997E+02 7.9650003E-01
5.2940002E+02 7.9211003E-01
5.2988000E+02 7.8299999E-01
5.3035999E+02 7.7394003E-01
5.3084003E+02 7.6472002E-01
5.3132001E+02 7.5555998E-01
5.3181000E+02 7.4900001E-01
5.3228998E+02 7.4478000E-01
5.3277002E+02 7.3728001E-01
5.3325000E+02 7.2450000E-01
5.3373999E+02 7.1749997E-01
5.3421997E+02 7.1249998E-01
5.3470001E+02 7.0344001E-01
5.3517999E+02 6.9555998E-01
5.3565997E+02 6.8628001E-01
5.3615002E+02 6.7850000E-01
5.3663000E+02 6.7372000E-01
5.3710999E+02 6.6544002E-01
5.3759003E+02 6.5661001E-01
5.3807001E+02 6.4928001E-01
5.3856000E+02 6.4244002E-01
5.3903998E+02 6.3810998E-01
5.3952002E+02 6.3450003E-01
5.4000000E+02 6.2822002E-01
5.4048999E+02 6.2155998E-01
5.4096997E+02 6.1782998E-01
5.4145001E+02 6.1510998E-01
5.4192999E+02 6.1049998E-01
5.4240997E+02 6.0544002E-01
5.4290002E+02 6.0110998E-01
5.4338000E+02 5.9539002E-01
5.4385999E+02 5.9171999E-01
5.4434003E+02 5.9139001E-01
5.4482001E+02 5.8832997E-01
5.4531000E+02 5.8455998E-01
5.4578998E+02 5.8143997E-01
5.4627002E+02 5.7844001E-01
5.4675000E+02 5.7744002E-01
5.4723999E+02 5.7327998E-01
5.4771997E+02 5.6766999E-01
5.4820001E+02 5.6500000E-01
5.4867999E+02 5.5988997E-01
5.4915997E+02 5.5114001E-01
5.4965002E+02 5.4385000E-01
5.5013000E+02 5.3820002E-01
5.5060999E+02 5.3197998E-01
5.5109003E+02 5.2539003E-01
5.5157001E+02 5.1751000E-01
5.5206000E+02 5.0992000E-01
5.5253998E+02 5.0428998E-01
5.5302002E+02 4.9908999E-01
5.5350000E+02 4.9388999E-01
5.5398999E+02 4.8778999E-01
5.5446997E+02 4.8186001E-01
5.5495001E+02 4.7677001E-01
5.5542999E+02 4.7067001E-01
5.5590997E+02 4.6535999E-01
5.5640002E+02 4.6114001E-01
5.5688000E+02 4.5587000E-01
5.5735999E+02 4.5048001E-01
5.5784003E+02 4.4553000E-01
5.5832001E+02 4.4124001E-01
5.5881000E+02 4.3669999E-01
5.5928998E+02 4.3105999E-01
5.5977002E+02 4.2653999E-01
5.6025000E+02 4.2245999E-01
5.6073999E+02 4.1729000E-01
5.6121997E+02 4.1141000E-01
5.6170001E+02 4.0597999E-01
5.6217999E+02 4.0182000E-01
5.6265997E+02 3.9684999E-01
5.6315002E+02 3.9177999E-01
5.6363000E+02 3.8809001E-01
5.6410999E+02 3.8367999E-01
5.6459003E+02 3.7902001E-01
5.6507001E+02 3.7548000E-01
5.6556000E+02 3.7070000E-01
5.6603998E+02 3.6478001E-01
5.6652002E+02 3.6000001E-01
5.6700000E+02 3.5589999E-01
5.6748999E+02 3.5185999E-01
5.6796997E+02 3.4717000E-01
5.6845001E+02 3.4189001E-01
5.6892999E+02 3.3691999E-01
5.6940997E+02 3.3265001E-01
5.6990002E+02 3.2894999E-01
5.7038000E+02 3.2444999E-01
5.7085999E+02 3.1998000E-01
5.7134003E+02 3.1720999E-01
5.7182001E+02 3.1419000E-01
5.7231000E+02 3.0965999E-01
5.7278998E+02 3.0551001E-01
5.7327002E+02 3.0237001E-01
5.7375000E+02 2.9903001E-01
5.7423999E+02 2.9510999E-01
5.7471997E+02 2.9109001E-01
5.7520001E+02 2.8786001E-01
5.7567999E+02 2.8487000E-01
5.7615997E+02 2.8061000E-01
5.7665002E+02 2.7702001E-01
5.7713000E+02 2.7537000E-01
5.7760999E+02 2.7311999E-01
5.7809003E+02 2.7052999E-01
5.7857001E+02 2.6824999E-01
5.7906000E+02 2.6538000E-01
5.7953998E+02 2.6214999E-01
5.8002002E+02 2.5887001E-01
5.8050000E+02 2.5626001E-01
5.8098999E+02 2.5358000E-01
5.8146997E+02 2.5075999E-01
5.8195001E+02 2.4933000E-01
5.8242999E+02 2.4853000E-01
5.8290997E+02 2.4686000E-01
5.8340002E+02 2.4518000E-01
5.8388000E+02 2.4433000E-01
5.8435999E+02 2.4363001E-01
5.8484003E+02 2.4305999E-01
5.8532001E+02 2.4216001E-01
5.8581000E+02 2.4077000E-01
5.8628998E+02 2.4037001E-01
5.8677002E+02 2.4062000E-01
5.8725000E+02 2.4099000E-01
5.8773999E+02 2.4177000E-01
5.8821997E+02 2.4212000E-01
5.8870001E+02 2.4349999E-01
5.8917999E+02 2.4538000E-01
5.8965997E+02 2.4596000E-01
5.9015002E+02 2.4772000E-01
5.9063000E+02 2.5077999E-01
5.9110999E+02 2.5338000E-01
5.9159003E+02 2.5578001E-01
5.9207001E+02 2.5927001E-01
5.9256000E+02 2.6447001E-01
5.9303998E+02 2.7022001E-01
5.9352002E+02 2.7609000E-01
5.9400000E+02 2.8114000E-01
5.9448999E+02 2.8503999E-01
5.9496997E+02 2.9041001E-01
5.9545001E+02 2.9811001E-01
5.9592999E+02 3.0577999E-01
5.9640997E+02 3.1376001E-01
5.9690002E+02 3.2178000E-01
5.9738000E+02 3.2793000E-01
5.9785999E+02 3.3511001E-01
5.9834003E+02 3.4283000E-01
5.9882001E+02 3.5167000E-01
5.9931000E+02 3.6291000E-01
5.9978998E+02 3.7105000E-01
6.0027002E+02 3.7634000E-01
6.0075000E+02 3.9644000E-01
6.0123999E+02 4.0645999E-01
6.0171997E+02 4.1376999E-01
6.0220001E+02 4.1960999E-01
6.0267999E+02 4.2776999E-01
6.0315997E+02 4.3386999E-01
6.0365002E+02 4.3891999E-01
6.0413000E+02 4.4595999E-01
6.0460999E+02 4.5179999E-01
6.0509003E+02 4.5675001E-01
6.0557001E+02 4.6248999E-01
6.0606000E+02 4.6676999E-01
6.0653998E+02 4.6970999E-01
6.0702002E+02 4.7459000E-01
6.0750000E+02 4.7894001E-01
6.0798999E+02 4.8146001E-01
6.0846997E+02 4.8614001E-01
6.0895001E+02 4.8886999E-01
6.0942999E+02 4.8884001E-01
6.0990997E+02 4.9200001E-01
6.1040002E+02 4.9438000E-01
6.1088000E+02 4.9364999E-01
6.1135999E+02 4.9579000E-01
6.1184003E+02 4.9913999E-01
6.1232001E+02 4.9871001E-01
6.1281000E+02 4.9803999E-01
6.1328998E+02 4.9908999E-01
6.1377002E+02 4.9976000E-01
6.1425000E+02 5.0050998E-01
6.1473999E+02 4.9888000E-01
6.1521997E+02 4.9423999E-01
6.1570001E+02 4.9280000E-01
6.1617999E+02 4.9415001E-01
6.1665997E+02 4.9230000E-01
6.1715002E+02 4.8936999E-01
6.1763000E+02 4.8835000E-01
6.1810999E+02 4.8635000E-01
6.1859003E+02 4.8379001E-01
6.1907001E+02 4.8209000E-01
6.1956000E+02 4.7889999E-01
6.2003998E+02 4.7652999E-01
6.2052002E+02 4.7577000E-01
6.2100000E+02 4.7141001E-01
6.2148999E+02 4.6748000E-01
6.2196997E+02 4.6621001E-01
6.2245001E+02 4.6245000E-01
6.2292999E+02 4.5969000E-01
6.2340997E+02 4.5822999E-01
6.2390002E+02 4.5381001E-01
6.2438000E+02 4.5069000E-01
6.2485999E+02 4.4913000E-01
6.2534003E+02 4.4407001E-01
6.2582001E+02 4.3955001E-01
6.2631000E+02 4.3733999E-01
6.2678998E+02 4.3360999E-01
6.2727002E+02 4.2965001E-01
6.2775000E+02 4.2638001E-01
6.2823999E+02 4.2296001E-01
6.2871997E+02 4.1872001E-01
6.2920001E+02 4.1501001E-01
6.2967999E+02 4.1134000E-01
6.3015997E+02 4.0773001E-01
6.3065002E+02 4.0674999E-01
6.3113000E+02 4.0439001E-01
6.3160999E+02 3.9954999E-01
6.3209003E+02 3.9589000E-01
6.3258002E+02 3.9328000E-01
6.3306000E+02 3.9010999E-01
6.3353998E+02 3.8712999E-01
6.3402002E+02 3.8424000E-01
6.3450000E+02 3.8062999E-01
6.3498999E+02 3.7919000E-01
6.3546997E+02 3.7685999E-01
6.3595001E+02 3.7213999E-01
6.3642999E+02 3.7013999E-01
6.3690997E+02 3.6840001E-01
6.3740002E+02 3.6502999E-01
6.3788000E+02 3.6322999E-01
6.3835999E+02 3.6120000E-01
6.3884003E+02 3.5769001E-01
6.3933002E+02 3.5589001E-01
6.3981000E+02 3.5422999E-01
6.4028998E+02 3.5100999E-01
6.4077002E+02 3.4920999E-01
6.4125000E+02 3.4753999E-01
6.4173999E+02 3.4404999E-01
6.4221997E+02 3.4255999E-01
6.4270001E+02 3.4255001E-01
6.4317999E+02 3.3952999E-01
6.4365997E+02 3.3724999E-01
6.4415002E+02 3.3656999E-01
6.4463000E+02 3.3355001E-01
6.4510999E+02 3.3219999E-01
6.4559003E+02 3.3197001E-01
6.4608002E+02 3.2878000E-01
6.4656000E+02 3.2695001E-01
6.4703998E+02 3.2646999E-01
6.4752002E+02 3.2416001E-01
6.4800000E+02 3.2268000E-01
6.4848999E+02 3.2205001E-01
6.4896997E+02 3.1979999E-01
6.4945001E+02 3.1760001E-01
6.4992999E+02 3.1709999E-01
6.5040997E+02 3.1641999E-01
6.5090002E+02 3.1490999E-01
6.5138000E+02 3.1387001E-01
6.5185999E+02 3.1253001E-01
6.5234003E+02 3.1110001E-01
6.5283002E+02 3.1047001E-01
6.5331000E+02 3.0868000E-01
6.5378998E+02 3.0750000E-01
6.5427002E+02 3.0884999E-01
6.5475000E+02 3.0735999E-01
6.5523999E+02 3.0447000E-01
6.5571997E+02 3.0504000E-01
6.5620001E+02 3.0384001E-01
6.5667999E+02 3.0107000E-01
6.5715997E+02 3.0203000E-01
6.5765002E+02 3.0230001E-01
6.5813000E+02 3.0028999E-01
6.5860999E+02 3.0006000E-01
6.5909003E+02 2.9863000E-01
6.5958002E+02 2.9616001E-01
6.6006000E+02 2.9688999E-01
6.6053998E+02 2.9688001E-01
6.6102002E+02 2.9479000E-01
6.6150000E+02 2.9448000E-01
6.6198999E+02 2.9429001E-01
6.6246997E+02 2.9282999E-01
6.6295001E+02 2.9249999E-01
6.6342999E+02 2.9203001E-01
6.6390997E+02 2.8963000E-01
6.6440002E+02 2.8891000E-01
6.6488000E+02 2.8933001E-01
6.6535999E+02 2.8722000E-01
6.6584003E+02 2.8665000E-01
6.6633002E+02 2.8740001E-01
6.6681000E+02 2.8512999E-01
6.6728998E+02 2.8391999E-01
6.6777002E+02 2.8419000E-01
6.6825000E+02 2.8270000E-01
6.6873999E+02 2.8261000E-01
6.6921997E+02 2.8323001E-01
6.6970001E+02 2.8123000E-01
6.7017999E+02 2.8005999E-01
6.7065997E+02 2.8038999E-01
6.7115002E+02 2.7882999E-01
6.7163000E+02 2.7770999E-01
6.7210999E+02 2.7788001E-01
6.7259003E+02 2.7621999E-01
6.7308002E+02 2.7485001E-01
6.7356000E+02 2.7552000E-01
6.7403998E+02 2.7436000E-01
6.7452002E+02 2.7210000E-01
6.7500000E+02 2.7294999E-01
6.7548999E+02 2.7283001E-01
6.7596997E+02 2.7083001E-01
6.7645001E+02 2.7127001E-01
6.7692999E+02 2.6982999E-01
6.7740997E+02 2.6749000E-01
6.7790002E+02 2.6853999E-01
6.7838000E+02 2.6751000E-01
6.7885999E+02 2.6521999E-01
6.7934003E+02 2.6614001E-01
6.7983002E+02 2.6513001E-01
6.8031000E+02 2.6242000E-01
6.8078998E+02 2.6310000E-01
6.8127002E+02 2.6267001E-01
6.8175000E+02 2.6034999E-01
6.8223999E+02 2.6064000E-01
6.8271997E+02 2.6032999E-01
6.8320001E+02 2.5859001E-01
6.8367999E+02 2.5860000E-01
6.8415997E+02 2.5854999E-01
6.8465002E+02 2.5705999E-01
6.8513000E+02 2.5661999E-01
6.8560999E+02 2.5641999E-01
6.8609003E+02 2.5444999E-01
6.8658002E+02 2.5396001E-01
6.8706000E+02 2.5389001E-01
6.8753998E+02 2.5159001E-01
6.8802002E+02 2.5095999E-01
6.8850000E+02 2.5099999E-01
6.8898999E+02 2.4908000E-01
6.8946997E+02 2.4856000E-01
6.8995001E+02 2.4831000E-01
6.9042999E+02 2.4596000E-01
6.9090997E+02 2.4539000E-01
6.9140002E+02 2.4570000E-01
6.9188000E+02 2.4381000E-01
6.9235999E+02 2.4301000E-01
6.9284003E+02 2.4302000E-01
6.9333002E+02 2.4084000E-01
6.9381000E+02 2.3952000E-01
6.9428998E+02 2.3970000E-01
6.9477002E+02 2.3796999E-01
6.9525000E+02 2.3672999E-01
6.9573999E+02 2.3724000E-01
6.9621997E+02 2.3579000E-01
6.9670001E+02 2.3380999E-01
6.9717999E+02 2.3360001E-01
6.9765997E+02 2.3229000E-01
6.9815002E+02 2.3063999E-01
6.9863000E+02 2.3098999E-01
6.9910999E+02 2.2984000E-01
6.9959003E+02 2.2792000E-01
7.0008002E+02 2.2808000E-01
7.0056000E+02 2.2665000E-01
7.0103998E+02 2.2454000E-01
7.0152002E+02 2.2477999E-01
7.0200000E+02 2.2360000E-01
7.0248999E+02 2.2137000E-01
7.0296997E+02 2.2160000E-01
7.0345001E+02 2.2097000E-01
7.0392999E+02 2.1908000E-01
7.0440997E+02 2.1866000E-01
7.0490002E+02 2.1751000E-01
7.0538000E+02 2.1590000E-01
7.0585999E+02 2.1614000E-01
7.0634003E+02 2.1565001E-01
7.0683002E+02 2.1380000E-01
7.0731000E+02 2.1370000E-01
7.0778998E+02 2.1324000E-01
7.0827002E+02 2.1088000E-01
7.0875000E+02 2.1026000E-01
7.0923999E+02 2.0979001E-01
7.0971997E+02 2.0749000E-01
7.1020001E+02 2.0728000E-01
7.1067999E+02 2.0748000E-01
7.1115997E+02 2.0531000E-01
7.1165002E+02 2.0500000E-01
7.1213000E+02 2.0509000E-01
7.1260999E+02 2.0288000E-01
7.1309003E+02 2.0232999E-01
7.1358002E+02 2.0217000E-01
7.1406000E+02 2.0008001E-01
7.1453998E+02 1.9946000E-01
7.1502002E+02 1.9936000E-01
7.1550000E+02 1.9741000E-01
7.1598999E+02 1.9676000E-01
7.1646997E+02 1.9709000E-01
7.1695001E+02 1.9560000E-01
7.1742999E+02 1.9473000E-01
7.1790997E+02 1.9481000E-01
7.1840002E+02 1.9329999E-01
7.1888000E+02 1.9261000E-01
7.1935999E+02 1.9292000E-01
7.1984003E+02 1.9104999E-01
7.2033002E+02 1.8980999E-01
7.2081000E+02 1.9025999E-01
7.2128998E+02 1.8882000E-01
7.2177002E+02 1.8741000E-01
7.2225000E+02 1.8793000E-01
7.2273999E+02 1.8674000E-01
7.2321997E+02 1.8529999E-01
7.2370001E+02 1.8585999E-01
7.2417999E+02 1.8437000E-01
7.2465997E+02 1.8279000E-01
7.2515002E+02 1.8370000E-01
7.2563000E+02 1.8274000E-01
7.2610999E+02 1.8129000E-01
7.2659003E+02 1.8173000E-01
7.2708002E+02 1.8048000E-01
7.2756000E+02 1.7870000E-01
7.2803998E+02 1.7895000E-01
7.2852002E+02 1.7804000E-01
7.2900000E+02 1.7645000E-01
7.2948999E+02 1.7698000E-01
7.2996997E+02 1.7639001E-01
7.3045001E+02 1.7440000E-01
7.3092999E+02 1.7468999E-01
7.3140997E+02 1.7444000E-01
7.3190002E+02 1.7229000E-01
7.3238000E+02 1.7230000E-01
7.3285999E+02 1.7253999E-01
7.3334003E+02 1.7078000E-01
7.3383002E+02 1.7059000E-01
7.3431000E+02 1.7051999E-01
7.3478998E+02 1.6874000E-01
7.3527002E+02 1.6886000E-01
7.3575000E+02 1.6881000E-01
7.3623999E+02 1.6672000E-01
7.3671997E+02 1.6700000E-01
7.3720001E+02 1.6750000E-01
7.3767999E+02 1.6541000E-01
7.3815997E+02 1.6482000E-01
7.3865002E+02 1.6495000E-01
7.3913000E+02 1.6355000E-01
7.3960999E+02 1.6339000E-01
7.4009003E+02 1.6350999E-01
7.4058002E+02 1.6189000E-01
7.4106000E+02 1.6180000E-01
7.4153998E+02 1.6249000E-01
7.4202002E+02 1.6065000E-01
7.4250000E+02 1.5975000E-01
7.4298999E+02 1.6022000E-01
7.4346997E+02 1.5860000E-01
7.4395001E+02 1.5797000E-01
7.4442999E+02 1.5909000E-01
7.4490997E+02 1.5791000E-01
7.4540002E+02 1.5699001E-01
7.4588000E+02 1.5747000E-01
7.4635999E+02 1.5569000E-01
7.4684003E+02 1.5473001E-01
7.4733002E+02 1.5578000E-01
7.4781000E+02 1.5474001E-01
7.4828998E+02 1.5392999E-01
7.4877002E+02 1.5459999E-01
7.4925000E+02 1.5331000E-01
7.4973999E+02 1.5238000E-01
7.5021997E+02 1.5343000E-01
7.5070001E+02 1.5249000E-01
7.5117999E+02 1.5119000E-01
7.5165997E+02 1.5209000E-01
7.5215002E+02 1.5161000E-01
7.5263000E+02 1.5046000E-01
7.5310999E+02 1.5110999E-01
7.5359003E+02 1.5030999E-01
7.5408002E+02 1.4888000E-01
7.5456000E+02 1.4980000E-01
7.5503998E+02 1.4943001E-01
7.5552002E+02 1.4809000E-01
7.5600000E+02 1.4913000E-01
7.5648999E+02 1.4872000E-01
7.5696997E+02 1.4701000E-01
7.5745001E+02 1.4816999E-01
7.5792999E+02 1.4833000E-01
7.5840997E+02 1.4648999E-01
7.5890002E+02 1.4707001E-01
7.5938000E+02 1.4714999E-01
7.5985999E+02 1.4563000E-01
7.6034003E+02 1.4620000E-01
7.6083002E+02 1.4614999E-01
7.6131000E+02 1.4460000E-01
7.6178998E+02 1.4520000E-01
7.6227002E+02 1.4573000E-01
7.6275000E+02 1.4429000E-01
7.6323999E+02 1.4427000E-01
7.6371997E+02 1.4485000E-01
7.6420001E+02 1.4347000E-01
7.6467999E+02 1.4323001E-01
7.6516998E+02 1.4393000E-01
7.6565002E+02 1.4262000E-01
7.6613000E+02 1.4248000E-01
7.6660999E+02 1.4331000E-01
7.6709003E+02 1.4188001E-01
7.6758002E+02 1.4182000E-01
7.6806000E+02 1.4303000E-01
7.6853998E+02 1.4139999E-01
7.6902002E+02 1.4071000E-01
7.6950000E+02 1.4178000E-01
7.6998999E+02 1.4049000E-01
7.7046997E+02 1.4019001E-01
7.7095001E+02 1.4140999E-01
7.7142999E+02 1.4015000E-01
7.7191998E+02 1.3937999E-01
7.7240002E+02 1.4035000E-01
7.7288000E+02 1.3943000E-01
7.7335999E+02 1.3860001E-01
7.7384003E+02 1.3993999E-01
7.7433002E+02 1.3931000E-01
7.7481000E+02 1.3823000E-01
7.7528998E+02 1.3946000E-01
7.7577002E+02 1.3871001E-01
7.7625000E+02 1.3754000E-01
7.7673999E+02 1.3869999E-01
7.7721997E+02 1.3790999E-01
7.7770001E+02 1.3648000E-01
7.7817999E+02 1.3784000E-01
7.7866998E+02 1.3743000E-01
7.7915002E+02 1.3569000E-01
7.7963000E+02 1.3718000E-01
7.8010999E+02 1.3719000E-01
7.8059003E+02 1.3525000E-01
7.8108002E+02 1.3620000E-01
7.8156000E+02 1.3601001E-01
7.8203998E+02 1.3432001E-01
7.8252002E+02 1.3528000E-01
7.8300000E+02 1.3516000E-01
7.8348999E+02 1.3348000E-01
7.8396997E+02 1.3434000E-01
7.8445001E+02 1.3450000E-01
7.8492999E+02 1.3279000E-01
7.8541998E+02 1.3345000E-01
7.8590002E+02 1.3386001E-01
7.8638000E+02 1.3200000E-01
7.8685999E+02 1.3260999E-01
7.8734003E+02 1.3356000E-01
7.8783002E+02 1.3166000E-01
7.8831000E+02 1.3154000E-01
7.8878998E+02 1.3231000E-01
7.8927002E+02 1.3083000E-01
7.8975000E+02 1.3112999E-01
7.9023999E+02 1.3222000E-01
7.9071997E+02 1.3030000E-01
7.9120001E+02 1.3004000E-01
7.9167999E+02 1.3146999E-01
7.9216998E+02 1.3014001E-01
7.9265002E+02 1.2976000E-01
7.9313000E+02 1.3060001E-01
7.9360999E+02 1.2909000E-01
7.9409003E+02 1.2896000E-01
7.9458002E+02 1.3033000E-01
7.9506000E+02 1.2920000E-01
7.9553998E+02 1.2869000E-01
7.9602002E+02 1.2975000E-01
7.9650000E+02 1.2861000E-01
7.9698999E+02 1.2800001E-01
7.9746997E+02 1.2957001E-01
7.9795001E+02 1.2906000E-01
7.9842999E+02 1.2827000E-01
7.9891998E+02 1.2953000E-01
7.9940002E+02 1.2857001E-01
7.9988000E+02 1.2709001E-01
8.0035999E+02 1.2850000E-01
8.0084003E+02 1.2840000E-01
8.0133002E+02 1.2760000E-01
8.0181000E+02 1.2921999E-01
8.0228998E+02 1.2867001E-01
8.0277002E+02 1.2723000E-01
8.0325000E+02 1.2887000E-01
8.0373999E+02 1.2885000E-01
8.0421997E+02 1.2740000E-01
8.0470001E+02 1.2857001E-01
8.0517999E+02 1.2856001E-01
8.0566998E+02 1.2738000E-01
8.0615002E+02 1.2932999E-01
8.0663000E+02 1.3026001E-01
8.0710999E+02 1.2874000E-01
8.0759003E+02 1.2996000E-01
8.0808002E+02 1.3097000E-01
8.0856000E+02 1.2964000E-01
8.0903998E+02 1.3056000E-01
8.0952002E+02 1.3169999E-01
8.1000000E+02 1.3060001E-01
8.1048999E+02 1.3144000E-01
8.1096997E+02 1.3307001E-01
8.1145001E+02 1.3192999E-01
8.1192999E+02 1.3248000E-01
8.1241998E+02 1.3415000E-01
8.1290002E+02 1.3302000E-01
8.1338000E+02 1.3392000E-01
8.1385999E+02 1.3593000E-01
8.1434003E+02 1.3489000E-01
8.1483002E+02 1.3558000E-01
8.1531000E+02 1.3756999E-01
8.1578998E+02 1.3676000E-01
8.1627002E+02 1.3755000E-01
8.1675000E+02 1.3992000E-01
8.1723999E+02 1.3934000E-01
8.1771997E+02 1.3992999E-01
8.1820001E+02 1.4245000E-01
8.1867999E+02 1.4233001E-01
8.1916998E+02 1.4291000E-01
8.1965002E+02 1.4563000E-01
8.2013000E+02 1.4618000E-01
8.2060999E+02 1.4707001E-01
8.2109003E+02 1.5044001E-01
8.2158002E+02 1.5157001E-01
8.2206000E+02 1.5234999E-01
8.2253998E+02 1.5627000E-01
8.2302002E+02 1.5824001E-01
8.2350000E+02 1.5903001E-01
8.2398999E+02 1.6301000E-01
8.2446997E+02 1.6549000E-01
8.2495001E+02 1.6680001E-01
8.2542999E+02 1.7140000E-01
8.2591998E+02 1.7477000E-01
8.2640002E+02 1.7705999E-01
8.2688000E+02 1.8252000E-01
8.2735999E+02 1.8648000E-01
8.2784003E+02 1.8908000E-01
8.2833002E+02 1.9520999E-01
8.2881000E+02 2.0063999E-01
8.2928998E+02 2.0455000E-01
8.2977002E+02 2.1156999E-01
8.3025000E+02 2.1834999E-01
8.3073999E+02 2.2360000E-01
8.3121997E+02 2.3180000E-01
8.3170001E+02 2.4021000E-01
8.3217999E+02 2.4675000E-01
8.3266998E+02 2.5611001E-01
8.3315002E+02 2.6625001E-01
8.3363000E+02 2.7450001E-01
8.3410999E+02 2.8564000E-01
8.3459003E+02 2.9741001E-01
8.3508002E+02 3.0634001E-01
8.3556000E+02 3.1801999E-01
8.3603998E+02 3.3112001E-01
8.3652002E+02 3.4090000E-01
8.3700000E+02 3.5231000E-01
8.3748999E+02 3.6467999E-01
8.3796997E+02 3.7314001E-01
8.3845001E+02 3.8234001E-01
8.3892999E+02 3.9234999E-01
8.3941998E+02 3.9803001E-01
8.3990002E+02 4.0268001E-01
8.4038000E+02 4.0698999E-01
8.4085999E+02 4.0651000E-01
8.4134003E+02 4.0501001E-01
8.4183002E+02 4.0384001E-01
8.4231000E+02 3.9815000E-01
8.4278998E+02 3.9127001E-01
8.4327002E+02 3.8512999E-01
8.4375000E+02 3.7571001E-01
8.4423999E+02 3.6557001E-01
8.4471997E+02 3.5736999E-01
8.4520001E+02 3.4746000E-01
8.4567999E+02 3.3735999E-01
8.4616998E+02 3.3001000E-01
8.4665002E+02 3.2168001E-01
8.4713000E+02 3.1367999E-01
8.4760999E+02 3.0932000E-01
8.4809003E+02 3.0447999E-01
8.4858002E+02 2.9932001E-01
8.4906000E+02 2.9750001E-01
8.4953998E+02 2.9541999E-01
8.5002002E+02 2.9262999E-01
8.5050000E+02 2.9339999E-01
8.5098999E+02 2.9398000E-01
8.5146997E+02 2.9361001E-01
8.5195001E+02 2.9622999E-01
8.5242999E+02 2.9850999E-01
8.5291998E+02 2.9984000E-01
8.5340002E+02 3.0386999E-01
8.5388000E+02 3.0813000E-01
8.5435999E+02 3.1077000E-01
8.5484003E+02 3.1531000E-01
8.5533002E+02 3.2060000E-01
8.5581000E+02 3.2429999E-01
8.5628998E+02 3.3004001E-01
8.5677002E+02 3.3627999E-01
8.5725000E+02 3.4057000E-01
8.5773999E+02 3.4775999E-01
8.5821997E+02 3.5582000E-01
8.5870001E+02 3.6122999E-01
8.5917999E+02 3.6950001E-01
8.5966998E+02 3.7918001E-01
8.6015002E+02 3.8651001E-01
8.6063000E+02 3.9638001E-01
8.6110999E+02 4.0746999E-01
8.6159003E+02 4.1686001E-01
8.6208002E+02 4.2921001E-01
8.6256000E+02 4.4332999E-01
8.6303998E+02 4.5592001E-01
8.6352002E+02 4.7106001E-01
8.6400000E+02 4.8798001E-01
8.6448999E+02 5.0378001E-01
8.6496997E+02 5.2195001E-01
8.6545001E+02 5.4190999E-01
8.6592999E+02 5.6037998E-01
8.6641998E+02 5.8012998E-01
8.6690002E+02 6.0241997E-01
8.6738000E+02 6.2285000E-01
8.6785999E+02 6.4349997E-01
8.6834003E+02 6.6661000E-01
8.6883002E+02 6.8655998E-01
8.6931000E+02 7.0712000E-01
8.6978998E+02 7.3085999E-01
8.7027002E+02 7.5143999E-01
8.7075000E+02 7.7218002E-01
8.7123999E+02 7.9481000E-01
8.7171997E+02 8.1392002E-01
8.7220001E+02 8.3252001E-01
8.7267999E+02 8.5404998E-01
8.7316998E+02 8.7304997E-01
8.7365002E+02 8.9024001E-01
8.7413000E+02 9.1132998E-01
8.7460999E+02 9.3081999E-01
8.7509003E+02 9.4595999E-01
8.7558002E+02 9.6300000E-01
8.7606000E+02 9.8053998E-01
8.7653998E+02 9.9577999E-01
8.7702002E+02 1.0110000E+00
8.7750000E+02 1.0244000E+00
8.7798999E+02 1.0358000E+00
8.7846997E+02 1.0496000E+00
8.7895001E+02 1.0619000E+00
8.7942999E+02 1.0706000E+00
8.7991998E+02 1.0802000E+00
8.8040002E+02 1.0889000E+00
8.8088000E+02 1.0951000E+00
8.8135999E+02 1.1037000E+00
8.8184003E+02 1.1116000E+00
8.8233002E+02 1.1159000E+00
8.8281000E+02 1.1220000E+00
8.8328998E+02 1.1289001E+00
8.8377002E+02 1.1328000E+00
8.8426001E+02 1.1353000E+00
8.8473999E+02 1.1375000E+00
8.8521997E+02 1.1385000E+00
8.8570001E+02 1.1424000E+00
8.8617999E+02 1.1474000E+00
8.8666998E+02 1.1469001E+00
8.8715002E+02 1.1463000E+00
8.8763000E+02 1.1480000E+00
8.8810999E+02 1.1481000E+00
8.8859003E+02 1.1495000E+00
8.8908002E+02 1.1511000E+00
8.8956000E+02 1.1481000E+00
8.9003998E+02 1.1467000E+00
8.9052002E+02 1.1493000E+00
8.9101001E+02 1.1488000E+00
8.9148999E+02 1.1454999E+00
8.9196997E+02 1.1427000E+00
8.9245001E+02 1.1402000E+00
8.9292999E+02 1.1402000E+00
8.9341998E+02 1.1404001E+00
8.9390002E+02 1.1357000E+00
8.9438000E+02 1.1331000E+00
8.9485999E+02 1.1351000E+00
8.9534003E+02 1.1323000E+00
8.9583002E+02 1.1270000E+00
8.9631000E+02 1.1252000E+00
8.9678998E+02 1.1212000E+00
8.9727002E+02 1.1180000E+00
8.9776001E+02 1.1195000E+00
8.9823999E+02 1.1174999E+00
8.9871997E+02 1.1135000E+00
8.9920001E+02 1.1116000E+00
8.9967999E+02 1.1092000E+00
9.0016998E+02 1.1052999E+00
9.0065002E+02 1.1032000E+00
9.0113000E+02 1.1028000E+00
9.0160999E+02 1.1004000E+00
9.0209003E+02 1.0991000E+00
9.0258002E+02 1.0973001E+00
9.0306000E+02 1.0940000E+00
9.0353998E+02 1.0932000E+00
9.0402002E+02 1.0915000E+00
9.0451001E+02 1.0871000E+00
9.0498999E+02 1.0850000E+00
9.0546997E+02 1.0845000E+00
9.0595001E+02 1.0822001E+00
9.0642999E+02 1.0822999E+00
9.0691998E+02 1.0822001E+00
9.0740002E+02 1.0781000E+00
9.0788000E+02 1.0752000E+00
9.0835999E+02 1.0730000E+00
9.0884003E+02 1.0697000E+00
9.0933002E+02 1.0684000E+00
9.0981000E+02 1.0673000E+00
9.1028998E+02 1.0640000E+00
9.1077002E+02 1.0628000E+00
9.1126001E+02 1.0628999E+00
9.1173999E+02 1.0598000E+00
9.1221997E+02 1.0570000E+00
9.1270001E+02 1.0556999E+00
9.1317999E+02 1.0535001E+00
9.1366998E+02 1.0525000E+00
9.1415002E+02 1.0525000E+00
9.1463000E+02 1.0493000E+00
9.1510999E+02 1.0462000E+00
9.1559003E+02 1.0453000E+00
9.1608002E+02 1.0420001E+00
9.1656000E+02 1.0405000E+00
9.1703998E+02 1.0427001E+00
9.1752002E+02 1.0398999E+00
9.1801001E+02 1.0351000E+00
9.1848999E+02 1.0344000E+00
9.1896997E+02 1.0326999E+00
9.1945001E+02 1.0305001E+00
9.1992999E+02 1.0308000E+00
9.2041998E+02 1.0287000E+00
9.2090002E+02 1.0247999E+00
9.2138000E+02 1.0233001E+00
9.2185999E+02 1.0209000E+00
9.2234003E+02 1.0176001E+00
9.2283002E+02 1.0180000E+00
9.2331000E+02 1.0178000E+00
9.2378998E+02 1.0145000E+00
9.2427002E+02 1.0132999E+00
9.2476001E+02 1.0111001E+00
9.2523999E+02 1.0080000E+00
9.2571997E+02 1.0077000E+00
9.2620001E+02 1.0050000E+00
9.2667999E+02 1.0010999E+00
9.2716998E+02 1.0003999E+00
9.2765002E+02 9.9919999E-01
9.2813000E+02 9.9663001E-01
9.2860999E+02 9.9580997E-01
9.2909003E+02 9.9372000E-01
9.2958002E+02 9.9002999E-01
9.3006000E+02 9.8856997E-01
9.3053998E+02 9.8631001E-01
9.3102002E+02 9.8249000E-01
9.3151001E+02 9.8010999E-01
9.3198999E+02 9.7815001E-01
9.3246997E+02 9.7670001E-01
9.3295001E+02 9.7501999E-01
9.3342999E+02 9.7245997E-01
9.3391998E+02 9.6894002E-01
9.3440002E+02 9.6486998E-01
9.3488000E+02 9.6219999E-01
9.3535999E+02 9.5844001E-01
9.3584003E+02 9.5568001E-01
9.3633002E+02 9.5525998E-01
9.3681000E+02 9.5169002E-01
9.3728998E+02 9.4757998E-01
9.3777002E+02 9.4558001E-01
9.3826001E+02 9.4268000E-01
9.3873999E+02 9.4002998E-01
9.3921997E+02 9.3852001E-01
9.3970001E+02 9.3506002E-01
9.4017999E+02 9.3164998E-01
9.4066998E+02 9.3027002E-01
9.4115002E+02 9.2677999E-01
9.4163000E+02 9.2268002E-01
9.4210999E+02 9.2038000E-01
9.4259003E+02 9.1690999E-01
9.4308002E+02 9.1404003E-01
9.4356000E+02 9.1299999E-01
9.4403998E+02 9.0929002E-01
9.4452002E+02 9.0459001E-01
9.4501001E+02 9.0226001E-01
9.4548999E+02 8.9925998E-01
9.4596997E+02 8.9618999E-01
9.4645001E+02 8.9495999E-01
9.4692999E+02 8.9213997E-01
9.4741998E+02 8.8788998E-01
9.4790002E+02 8.8604999E-01
9.4838000E+02 8.8510001E-01
9.4885999E+02 8.8293999E-01
9.4934003E+02 8.8161999E-01
9.4983002E+02 8.8042003E-01
9.5031000E+02 8.7848997E-01
9.5078998E+02 8.7773001E-01
9.5127002E+02 8.7661999E-01
9.5176001E+02 8.7506998E-01
9.5223999E+02 8.7570000E-01
9.5271997E+02 8.7514001E-01
9.5320001E+02 8.7326998E-01
9.5367999E+02 8.7415999E-01
9.5416998E+02 8.7471002E-01
9.5465002E+02 8.7318999E-01
9.5513000E+02 8.7219000E-01
9.5560999E+02 8.7054002E-01
9.5609003E+02 8.6673999E-01
9.5658002E+02 8.6387002E-01
9.5706000E+02 8.6008000E-01
9.5753998E+02 8.5043001E-01
9.5802002E+02 8.3969998E-01
9.5851001E+02 8.2924998E-01
9.5898999E+02 8.1472999E-01
9.5946997E+02 7.9795998E-01
9.5995001E+02 7.8105003E-01
9.6042999E+02 7.6460999E-01
9.6091998E+02 7.5044000E-01
9.6140002E+02 7.3712999E-01
9.6188000E+02 7.2262001E-01
9.6235999E+02 7.1090001E-01
9.6284003E+02 7.0308000E-01
9.6333002E+02 6.9488001E-01
9.6381000E+02 6.8763000E-01
9.6428998E+02 6.8286002E-01
9.6477002E+02 6.7809999E-01
9.6526001E+02 6.7444998E-01
9.6573999E+02 6.7325997E-01
9.6621997E+02 6.7141002E-01
9.6670001E+02 6.6927999E-01
9.6717999E+02 6.6931999E-01
9.6766998E+02 6.6900003E-01
9.6815002E+02 6.6939002E-01
9.6863000E+02 6.7242002E-01
9.6910999E+02 6.7449999E-01
9.6959003E+02 6.7681998E-01
9.7008002E+02 6.8150997E-01
9.7056000E+02 6.8515003E-01
9.7103998E+02 6.8899000E-01
9.7152002E+02 6.9556999E-01
9.7201001E+02 7.0161003E-01
9.7248999E+02 7.0718002E-01
9.7296997E+02 7.1529001E-01
9.7345001E+02 7.2403002E-01
9.7392999E+02 7.3163998E-01
9.7441998E+02 7.4046999E-01
9.7490002E+02 7.5053000E-01
9.7538000E+02 7.6040000E-01
9.7585999E+02 7.7203000E-01
9.7634003E+02 7.8388000E-01
9.7683002E+02 7.9386997E-01
9.7731000E+02 8.0574000E-01
9.7778998E+02 8.1835002E-01
9.7827002E+02 8.2870001E-01
9.7876001E+02 8.4061998E-01
9.7923999E+02 8.5380000E-01
9.7971997E+02 8.6495000E-01
9.8020001E+02 8.7656999E-01
9.8067999E+02 8.8647997E-01
9.8116998E+02 8.9187998E-01
9.8165002E+02 8.9788002E-01
9.8213000E+02 9.0292001E-01
9.8260999E+02 9.0357000E-01
9.8309003E+02 9.0424001E-01
9.8358002E+02 9.0482002E-01
9.8406000E+02 9.0221000E-01
9.8453998E+02 8.9872998E-01
9.8502002E+02 8.9612001E-01
9.8551001E+02 8.9226002E-01
9.8598999E+02 8.8813001E-01
9.8646997E+02 8.8489997E-01
9.8695001E+02 8.7955999E-01
9.8742999E+02 8.7497997E-01
9.8791998E+02 8.7347001E-01
9.8840002E+02 8.7024999E-01
9.8888000E+02 8.6703002E-01
9.8935999E+02 8.6677003E-01
9.8984003E+02 8.6519998E-01
9.9033002E+02 8.6277997E-01
9.9081000E+02 8.6343002E-01
9.9128998E+02 8.6352003E-01
9.9177002E+02 8.6216998E-01
9.9226001E+02 8.6233997E-01
9.9273999E+02 8.6149001E-01
9.9321997E+02 8.6091000E-01
9.9370001E+02 8.6286998E-01
9.9417999E+02 8.6350000E-01
9.9466998E+02 8.6175001E-01
9.9515002E+02 8.6150998E-01
9.9563000E+02 8.6313999E-01
9.9610999E+02 8.6286002E-01
9.9659003E+02 8.6245000E-01
9.9708002E+02 8.6254001E-01
9.9756000E+02 8.6080998E-01
9.9803998E+02 8.6092001E-01
9.9852002E+02 8.6144000E-01
9.9901001E+02 8.5979998E-01
9.9948999E+02 8.5966998E-01
9.9996997E+02 8.5921001E-01
1.0005000E+03 8.5699999E-01
1.0009000E+03 8.5609001E-01
1.0014000E+03 8.5509002E-01
1.0019000E+03 8.5338998E-01
1.0024000E+03 8.5361999E-01
1.0029000E+03 8.5377002E-01
1.0033000E+03 8.5114002E-01
1.0038000E+03 8.4950000E-01
1.0043000E+03 8.4943002E-01
1.0048000E+03 8.4710002E-01
1.0053000E+03 8.4487998E-01
1.0058000E+03 8.4320003E-01
1.0062000E+03 8.3920997E-01
1.0067000E+03 8.3732998E-01
1.0072000E+03 8.3771998E-01
1.0077000E+03 8.3482999E-01
1.0082000E+03 8.3142000E-01
1.0086000E+03 8.3020997E-01
1.0091000E+03 8.2774001E-01
1.0096000E+03 8.2497001E-01
1.0101000E+03 8.2406998E-01
1.0106000E+03 8.2141000E-01
1.0111000E+03 8.1726003E-01
1.0115000E+03 8.1515998E-01
1.0120000E+03 8.1229001E-01
1.0125000E+03 8.0818999E-01
1.0130000E+03 8.0646002E-01
1.0135000E+03 8.0434000E-01
1.0140000E+03 8.0032003E-01
1.0144000E+03 7.9812002E-01
1.0149000E+03 7.9554999E-01
1.0154000E+03 7.9144001E-01
1.0159000E+03 7.8865999E-01
1.0164000E+03 7.8517997E-01
1.0168000E+03 7.8231001E-01
1.0173000E+03 7.8119999E-01
1.0178000E+03 7.7774000E-01
1.0183000E+03 7.7345997E-01
1.0188000E+03 7.6977003E-01
1.0193000E+03 7.6435000E-01
1.0197000E+03 7.6006001E-01
1.0202000E+03 7.6042002E-01
1.0207000E+03 7.6080000E-01
1.0212000E+03 7.5647002E-01
1.0217000E+03 7.5067002E-01
1.0221000E+03 7.4606001E-01
1.0226000E+03 7.4199998E-01
1.0231000E+03 7.3918003E-01
1.0236000E+03 7.3640001E-01
1.0241000E+03 7.3240000E-01
1.0246000E+03 7.3047000E-01
1.0250000E+03 7.2950000E-01
1.0255000E+03 7.2390997E-01
1.0260000E+03 7.1744001E-01
1.0265000E+03 7.1463001E-01
1.0270000E+03 7.1212000E-01
1.0275000E+03 7.0929003E-01
1.0279000E+03 7.0547998E-01
1.0284000E+03 6.9946003E-01
1.0289000E+03 6.9607002E-01
1.0294000E+03 6.9577998E-01
1.0299000E+03 6.9310999E-01
1.0303000E+03 6.8814999E-01
1.0308000E+03 6.8318999E-01
1.0313000E+03 6.7817003E-01
1.0318000E+03 6.7381001E-01
1.0323000E+03 6.7106003E-01
1.0328000E+03 6.6825998E-01
1.0332000E+03 6.6355997E-01
1.0337000E+03 6.5912998E-01
1.0342000E+03 6.5596002E-01
1.0347000E+03 6.5297002E-01
1.0352000E+03 6.5061998E-01
1.0356000E+03 6.4704001E-01
1.0361000E+03 6.4157999E-01
1.0366000E+03 6.3764000E-01
1.0371000E+03 6.3424999E-01
1.0376000E+03 6.2963998E-01
1.0381000E+03 6.2586999E-01
1.0385000E+03 6.2150002E-01
1.0390000E+03 6.1682999E-01
1.0395000E+03 6.1395001E-01
1.0400000E+03 6.1084998E-01
1.0405000E+03 6.0688001E-01
1.0410000E+03 6.0268003E-01
1.0414000E+03 5.9868997E-01
1.0419000E+03 5.9443003E-01
1.0424000E+03 5.8994001E-01
1.0429000E+03 5.8701003E-01
1.0434000E+03 5.8423001E-01
1.0438000E+03 5.7953000E-01
1.0443000E+03 5.7464999E-01
1.0448000E+03 5.7059002E-01
1.0453000E+03 5.6623000E-01
1.0458000E+03 5.6225002E-01
1.0463000E+03 5.5803001E-01
1.0467000E+03 5.5356997E-01
1.0472000E+03 5.5036998E-01
1.0477000E+03 5.4642999E-01
1.0482000E+03 5.4225999E-01
1.0487000E+03 5.3931999E-01
1.0491000E+03 5.3501999E-01
1.0496000E+03 5.3002000E-01
1.0501000E+03 5.2693999E-01
1.0506000E+03 5.2385002E-01
1.0511000E+03 5.2008998E-01
1.0516000E+03 5.1673001E-01
1.0520000E+03 5.1188999E-01
1.0525000E+03 5.0725001E-01
1.0530000E+03 5.0475001E-01
1.0535000E+03 5.0092000E-01
1.0540000E+03 4.9607000E-01
1.0545000E+03 4.9270999E-01
1.0549000E+03 4.8883000E-01
1.0554000E+03 4.8480001E-01
1.0559000E+03 4.8253000E-01
1.0564000E+03 4.7929001E-01
1.0569000E+03 4.7503000E-01
1.0573000E+03 4.7220001E-01
1.0578000E+03 4.6862999E-01
1.0583000E+03 4.6424001E-01
1.0588000E+03 4.6176001E-01
1.0593000E+03 4.5907000E-01
1.0598000E+03 4.5530999E-01
1.0602000E+03 4.5264000E-01
1.0607000E+03 4.4970000E-01
1.0612000E+03 4.4552001E-01
1.0617000E+03 4.4192001E-01
1.0622000E+03 4.3928000E-01
1.0626000E+03 4.3663999E-01
1.0631000E+03 4.3373999E-01
1.0636000E+03 4.3064001E-01
1.0641000E+03 4.2719001E-01
1.0646000E+03 4.2414999E-01
1.0651000E+03 4.2182001E-01
1.0655000E+03 4.1905999E-01
1.0660000E+03 4.1650000E-01
1.0665000E+03 4.1470999E-01
1.0670000E+03 4.1211000E-01
1.0675000E+03 4.0959999E-01
1.0680000E+03 4.0738001E-01
1.0684000E+03 4.0402001E-01
1.0689000E+03 4.0160999E-01
1.0694000E+03 4.0029001E-01
1.0699000E+03 3.9750999E-01
1.0704000E+03 3.9466000E-01
1.0708000E+03 3.9346999E-01
1.0713000E+03 3.9153999E-01
1.0718000E+03 3.8861001E-01
1.0723000E+03 3.8677001E-01
1.0728000E+03 3.8444000E-01
1.0733000E+03 3.8168001E-01
1.0737000E+03 3.8008001E-01
1.0742000E+03 3.7792000E-01
1.0747000E+03 3.7558001E-01
1.0752000E+03 3.7430000E-01
1.0757000E+03 3.7275001E-01
1.0761000E+03 3.7053001E-01
1.0766000E+03 3.6833999E-01
1.0771000E+03 3.6633000E-01
1.0776000E+03 3.6425999E-01
1.0781000E+03 3.6276001E-01
1.0786000E+03 3.6125001E-01
1.0790000E+03 3.5890001E-01
1.0795000E+03 3.5791001E-01
1.0800000E+03 3.5714000E-01
1.0805000E+03 3.5475001E-01
1.0810000E+03 3.5354999E-01
1.0815000E+03 3.5258999E-01
1.0819000E+03 3.5018000E-01
1.0824000E+03 3.4860000E-01
1.0829000E+03 3.4751999E-01
1.0834000E+03 3.4558001E-01
1.0839000E+03 3.4408000E-01
1.0843000E+03 3.4279001E-01
1.0848000E+03 3.4086999E-01
1.0853000E+03 3.3963001E-01
1.0858000E+03 3.3877000E-01
1.0863000E+03 3.3717000E-01
1.0868000E+03 3.3563000E-01
1.0872000E+03 3.3451000E-01
1.0877000E+03 3.3309001E-01
1.0882000E+03 3.3140999E-01
1.0887000E+03 3.2997000E-01
1.0892000E+03 3.2857001E-01
1.0896000E+03 3.2765999E-01
1.0901000E+03 3.2694000E-01
1.0906000E+03 3.2512000E-01
1.0911000E+03 3.2374001E-01
1.0916000E+03 3.2335001E-01
1.0921000E+03 3.2146999E-01
1.0925000E+03 3.1995001E-01
1.0930000E+03 3.1981000E-01
1.0935000E+03 3.1797999E-01
1.0940000E+03 3.1606001E-01
1.0945000E+03 3.1551999E-01
1.0950000E+03 3.1382999E-01
1.0954000E+03 3.1176999E-01
1.0959000E+03 3.1143001E-01
1.0964000E+03 3.1129000E-01
1.0969000E+03 3.0974001E-01
1.0974000E+03 3.0770999E-01
1.0978000E+03 3.0612999E-01
1.0983000E+03 3.0472001E-01
1.0988000E+03 3.0375999E-01
1.0993000E+03 3.0296999E-01
1.0998000E+03 3.0142000E-01
1.1003000E+03 3.0046999E-01
1.1007000E+03 2.9958001E-01
1.1012000E+03 2.9721999E-01
1.1017000E+03 2.9574001E-01
1.1022000E+03 2.9497001E-01
1.1027000E+03 2.9350001E-01
1.1031000E+03 2.9245999E-01
1.1036000E+03 2.9113001E-01
1.1041000E+03 2.8918999E-01
1.1046000E+03 2.8810999E-01
1.1051000E+03 2.8762001E-01
1.1056000E+03 2.8687999E-01
1.1060000E+03 2.8557000E-01
1.1065000E+03 2.8362000E-01
1.1070000E+03 2.8165999E-01
1.1075000E+03 2.8040999E-01
1.1080000E+03 2.7961001E-01
1.1085000E+03 2.7835000E-01
1.1089000E+03 2.7666000E-01
1.1094000E+03 2.7555999E-01
1.1099000E+03 2.7473000E-01
1.1104000E+03 2.7373001E-01
1.1109000E+03 2.7296999E-01
1.1113000E+03 2.7118000E-01
1.1118000E+03 2.6920000E-01
1.1123000E+03 2.6877999E-01
1.1128000E+03 2.6732001E-01
1.1133000E+03 2.6532000E-01
1.1138000E+03 2.6471999E-01
1.1142000E+03 2.6326999E-01
1.1147000E+03 2.6175001E-01
1.1152000E+03 2.6109999E-01
1.1157000E+03 2.5944999E-01
1.1162000E+03 2.5834000E-01
1.1166000E+03 2.5806999E-01
1.1171000E+03 2.5641000E-01
1.1176000E+03 2.5483999E-01
1.1181000E+03 2.5404000E-01
1.1186000E+03 2.5246999E-01
1.1191000E+03 2.5084001E-01
1.1195000E+03 2.4965000E-01
1.1200000E+03 2.4822000E-01
1.1205000E+03 2.4677999E-01
1.1210000E+03 2.4575000E-01
1.1215000E+03 2.4458000E-01
1.1220000E+03 2.4309000E-01
1.1224000E+03 2.4205001E-01
1.1229000E+03 2.4095000E-01
1.1234000E+03 2.3946001E-01
1.1239000E+03 2.3853000E-01
1.1244000E+03 2.3737000E-01
1.1248000E+03 2.3567000E-01
1.1253000E+03 2.3479000E-01
1.1258000E+03 2.3363000E-01
1.1263000E+03 2.3190001E-01
1.1268000E+03 2.3096000E-01
1.1273000E+03 2.2961999E-01
1.1277000E+03 2.2778000E-01
1.1282000E+03 2.2668999E-01
1.1287000E+03 2.2542000E-01
1.1292000E+03 2.2396000E-01
1.1297000E+03 2.2302000E-01
1.1301000E+03 2.2182000E-01
1.1306000E+03 2.2044000E-01
1.1311000E+03 2.1918000E-01
1.1316000E+03 2.1797000E-01
1.1321000E+03 2.1656001E-01
1.1326000E+03 2.1499000E-01
1.1330000E+03 2.1408001E-01
1.1335000E+03 2.1289000E-01
1.1340000E+03 2.1145000E-01
1.1345000E+03 2.1070001E-01
1.1350000E+03 2.0913000E-01
1.1355000E+03 2.0727000E-01
1.1359000E+03 2.0646000E-01
1.1364000E+03 2.0511000E-01
1.1369000E+03 2.0360000E-01
1.1374000E+03 2.0300999E-01
1.1379000E+03 2.0152000E-01
1.1383000E+03 1.9975001E-01
1.1388000E+03 1.9888000E-01
1.1393000E+03 1.9744000E-01
1.1398000E+03 1.9597000E-01
1.1403000E+03 1.9523001E-01
1.1408000E+03 1.9413000E-01
1.1412000E+03 1.9256000E-01
1.1417000E+03 1.9124000E-01
1.1422000E+03 1.9033000E-01
1.1427000E+03 1.8920000E-01
1.1432000E+03 1.8771000E-01
1.1436000E+03 1.8632001E-01
1.1441000E+03 1.8493000E-01
1.1446000E+03 1.8386000E-01
1.1451000E+03 1.8298000E-01
1.1456000E+03 1.8133999E-01
1.1461000E+03 1.8008000E-01
1.1465000E+03 1.7947000E-01
1.1470000E+03 1.7793000E-01
1.1475000E+03 1.7657000E-01
1.1480000E+03 1.7567000E-01
1.1485000E+03 1.7432000E-01
1.1490000E+03 1.7330000E-01
1.1494000E+03 1.7194000E-01
1.1499000E+03 1.7038999E-01
1.1504000E+03 1.6972999E-01
1.1509000E+03 1.6870999E-01
1.1514000E+03 1.6715001E-01
1.1518000E+03 1.6585000E-01
1.1523000E+03 1.6496000E-01
1.1528000E+03 1.6423000E-01
1.1533000E+03 1.6276000E-01
1.1538000E+03 1.6152000E-01
1.1543000E+03 1.6068000E-01
1.1547000E+03 1.5948001E-01
1.1552000E+03 1.5884000E-01
1.1557000E+03 1.5764000E-01
1.1562000E+03 1.5575001E-01
1.1567000E+03 1.5476000E-01
1.1571000E+03 1.5374000E-01
1.1576000E+03 1.5256999E-01
1.1581000E+03 1.5167999E-01
1.1586000E+03 1.5071000E-01
1.1591000E+03 1.4964999E-01
1.1596000E+03 1.4859000E-01
1.1600000E+03 1.4743000E-01
1.1605000E+03 1.4614999E-01
1.1610000E+03 1.4514001E-01
1.1615000E+03 1.4399000E-01
1.1620000E+03 1.4272000E-01
1.1625000E+03 1.4194000E-01
1.1629000E+03 1.4122000E-01
1.1634000E+03 1.4015999E-01
1.1639000E+03 1.3891000E-01
1.1644000E+03 1.3792001E-01
1.1649000E+03 1.3698000E-01
1.1653000E+03 1.3607000E-01
1.1658000E+03 1.3497999E-01
1.1663000E+03 1.3336000E-01
1.1668000E+03 1.3265000E-01
1.1673000E+03 1.3235000E-01
1.1678000E+03 1.3091999E-01
1.1682000E+03 1.2972000E-01
1.1687000E+03 1.2921000E-01
1.1692000E+03 1.2856001E-01
1.1697000E+03 1.2779000E-01
1.1702000E+03 1.2643000E-01
1.1706000E+03 1.2503000E-01
1.1711000E+03 1.2439000E-01
1.1716000E+03 1.2346000E-01
1.1721000E+03 1.2236000E-01
1.1726000E+03 1.2156000E-01
1.1731000E+03 1.2083000E-01
1.1735000E+03 1.2004000E-01
1.1740000E+03 1.1895000E-01
1.1745000E+03 1.1824000E-01
1.1750000E+03 1.1770000E-01
1.1755000E+03 1.1682000E-01
1.1760000E+03 1.1597000E-01
1.1764000E+03 1.1493000E-01
1.1769000E+03 1.1407000E-01
1.1774000E+03 1.1372000E-01
1.1779000E+03 1.1265000E-01
1.1784000E+03 1.1143000E-01
1.1788000E+03 1.1096000E-01
1.1793000E+03 1.1024000E-01
1.1798000E+03 1.0961000E-01
1.1803000E+03 1.0914000E-01
1.1808000E+03 1.0817000E-01
1.1813000E+03 1.0757000E-01
1.1817000E+03 1.0710000E-01
1.1822000E+03 1.0610000E-01
1.1827000E+03 1.0537000E-01
1.1832000E+03 1.0511000E-01
1.1837000E+03 1.0457000E-01
1.1841000E+03 1.0354000E-01
1.1846000E+03 1.0271000E-01
1.1851000E+03 1.0250000E-01
1.1856000E+03 1.0204000E-01
1.1861000E+03 1.0115000E-01
1.1866000E+03 1.0040000E-01
1.1870000E+03 9.9708997E-02
1.1875000E+03 9.9397004E-02
1.1880000E+03 9.8921001E-02
1.1885000E+03 9.7796001E-02
1.1890000E+03 9.7510003E-02
1.1895000E+03 9.7451001E-02
1.1899000E+03 9.6349001E-02
1.1904000E+03 9.5537998E-02
1.1909000E+03 9.5013998E-02
1.1914000E+03 9.4466999E-02
1.1919000E+03 9.4361000E-02
1.1923000E+03 9.3777001E-02
1.1928000E+03 9.3069002E-02
1.1933000E+03 9.2984997E-02
1.1938000E+03 9.2693001E-02
1.1943000E+03 9.1880001E-02
1.1948000E+03 9.1087997E-02
1.1952000E+03 9.0645999E-02
1.1957000E+03 9.0268999E-02
1.1962000E+03 8.9805998E-02
1.1967000E+03 8.9515001E-02
1.1972000E+03 8.9086004E-02
1.1976000E+03 8.8481002E-02
1.1981000E+03 8.8290997E-02
1.1986000E+03 8.7865002E-02
1.1991000E+03 8.7176003E-02
1.1996000E+03 8.7105997E-02
1.2001000E+03 8.6617000E-02
1.2005000E+03 8.5868001E-02
1.2010000E+03 8.5755996E-02
1.2015000E+03 8.5221000E-02
1.2020000E+03 8.4761001E-02
1.2025000E+03 8.4651001E-02
1.2030000E+03 8.3927996E-02
1.2034000E+03 8.3699003E-02
1.2039000E+03 8.3874002E-02
1.2044000E+03 8.3417997E-02
1.2049000E+03 8.2993001E-02
1.2054000E+03 8.2635000E-02
1.2058000E+03 8.2221001E-02
1.2063000E+03 8.1924997E-02
1.2068000E+03 8.1727996E-02
1.2073000E+03 8.1533998E-02
1.2078000E+03 8.1166998E-02
1.2083000E+03 8.0939002E-02
1.2087000E+03 8.0268003E-02
1.2092000E+03 7.9336002E-02
1.2097000E+03 7.9553999E-02
1.2102000E+03 7.9710998E-02
1.2107000E+03 7.8971997E-02
1.2111000E+03 7.8635000E-02
1.2116000E+03 7.8349002E-02
1.2121000E+03 7.7812001E-02
1.2126000E+03 7.7711001E-02
1.2131000E+03 7.7156998E-02
1.2136000E+03 7.6334000E-02
1.2140000E+03 7.6566003E-02
1.2145000E+03 7.6508999E-02
1.2150000E+03 7.5870998E-02
1.2155000E+03 7.6030001E-02
1.2160000E+03 7.6064996E-02
1.2165000E+03 7.5537004E-02
1.2169000E+03 7.5052999E-02
1.2174000E+03 7.4533001E-02
1.2179000E+03 7.4228004E-02
1.2184000E+03 7.4277997E-02
1.2189000E+03 7.4083000E-02
1.2193000E+03 7.3183000E-02
1.2198000E+03 7.2806999E-02
1.2203000E+03 7.3273003E-02
1.2208000E+03 7.2770998E-02
1.2213000E+03 7.2149001E-02
1.2218000E+03 7.2283998E-02
1.2222000E+03 7.1636997E-02
1.2227000E+03 7.1163997E-02
1.2232000E+03 7.1259998E-02
1.2237000E+03 7.0527002E-02
1.2242000E+03 7.0285000E-02
1.2246000E+03 7.0528999E-02
1.2251000E+03 6.9884002E-02
1.2256000E+03 6.9549002E-02
1.2261000E+03 6.9398001E-02
1.2266000E+03 6.8682000E-02
1.2271000E+03 6.8415001E-02
1.2275000E+03 6.8278998E-02
1.2280000E+03 6.7823999E-02
1.2285000E+03 6.7496002E-02
1.2290000E+03 6.7165002E-02
1.2295000E+03 6.6771001E-02
1.2300000E+03 6.6234000E-02
1.2304000E+03 6.6064000E-02
1.2309000E+03 6.5998003E-02
1.2314000E+03 6.5217003E-02
1.2319000E+03 6.5146998E-02
1.2324000E+03 6.5159000E-02
1.2328000E+03 6.4179003E-02
1.2333000E+03 6.3951001E-02
1.2338000E+03 6.3520998E-02
1.2343000E+03 6.2500000E-02
1.2348000E+03 6.2501997E-02
1.2353000E+03 6.2143002E-02
1.2357000E+03 6.1239999E-02
1.2362000E+03 6.1418999E-02
1.2367000E+03 6.1310001E-02
1.2372000E+03 6.0378000E-02
1.2377000E+03 6.0215998E-02
1.2381000E+03 5.9880000E-02
1.2386000E+03 5.8989000E-02
1.2391000E+03 5.8888000E-02
1.2396000E+03 5.8719002E-02
1.2401000E+03 5.7810999E-02
1.2406000E+03 5.7413999E-02
1.2410000E+03 5.7484001E-02
1.2415000E+03 5.6659002E-02
1.2420000E+03 5.5798002E-02
1.2425000E+03 5.5775002E-02
1.2430000E+03 5.5101998E-02
1.2435000E+03 5.4496001E-02
1.2439000E+03 5.4650001E-02
1.2444000E+03 5.3656999E-02
1.2449000E+03 5.2825999E-02
1.2454000E+03 5.3052999E-02
1.2459000E+03 5.2103002E-02
1.2463000E+03 5.1139001E-02
1.2468000E+03 5.1003002E-02
1.2473000E+03 5.0090998E-02
1.2478000E+03 4.9415998E-02
1.2483000E+03 4.9435001E-02
1.2488000E+03 4.8889998E-02
1.2492000E+03 4.8114002E-02
1.2497000E+03 4.7660999E-02
1.2502000E+03 4.7081001E-02
1.2507000E+03 4.6087001E-02
1.2512000E+03 4.5499999E-02
1.2516000E+03 4.5212999E-02
1.2521000E+03 4.4241998E-02
1.2526000E+03 4.3754999E-02
1.2531000E+03 4.3519001E-02
1.2536000E+03 4.2272002E-02
1.2541000E+03 4.1924998E-02
1.2545000E+03 4.1857999E-02
1.2550000E+03 4.0445998E-02
1.2555000E+03 4.0025000E-02
1.2560000E+03 3.9877001E-02
1.2565000E+03 3.8624000E-02
1.2570000E+03 3.8419999E-02
1.2574000E+03 3.8194999E-02
1.2579000E+03 3.6982000E-02
1.2584000E+03 3.6781002E-02
1.2589000E+03 3.6694001E-02
1.2594000E+03 3.5681002E-02
1.2598000E+03 3.5112001E-02
1.2603000E+03 3.4926999E-02
1.2608000E+03 3.4226999E-02
1.2613000E+03 3.3606999E-02
1.2618000E+03 3.3417001E-02
1.2623000E+03 3.2650001E-02
1.2627000E+03 3.1886000E-02
1.2632000E+03 3.2228999E-02
1.2637000E+03 3.1899001E-02
1.2642000E+03 3.1005001E-02
1.2647000E+03 3.1134000E-02
1.2652000E+03 3.0354001E-02
1.2656000E+03 2.9223001E-02
1.2661000E+03 2.9456999E-02
1.2666000E+03 2.8767001E-02
1.2671000E+03 2.7841000E-02
1.2676000E+03 2.8105000E-02
1.2680000E+03 2.7488999E-02
1.2685000E+03 2.6709000E-02
1.2690000E+03 2.6617000E-02
1.2695000E+03 2.5900001E-02
1.2700000E+03 2.5398999E-02
1.2705000E+03 2.5392000E-02
1.2709000E+03 2.4808001E-02
1.2714000E+03 2.4107000E-02
1.2719000E+03 2.3887999E-02
1.2724000E+03 2.3450000E-02
1.2729000E+03 2.2533000E-02
1.2733000E+03 2.2404000E-02
1.2738000E+03 2.2577999E-02
1.2743000E+03 2.1840001E-02
1.2748000E+03 2.1614000E-02
1.2753000E+03 2.1475000E-02
1.2758000E+03 2.0119000E-02
1.2762000E+03 1.9599000E-02
1.2767000E+03 1.9659000E-02
1.2772000E+03 1.8785000E-02
1.2777000E+03 1.8662000E-02
1.2782000E+03 1.8587001E-02
1.2787000E+03 1.7506000E-02
1.2791000E+03 1.7501000E-02
1.2796000E+03 1.7542999E-02
1.2801000E+03 1.6391000E-02
1.2806000E+03 1.6088000E-02
1.2811000E+03 1.6294001E-02
1.2815000E+03 1.5624000E-02
1.2820000E+03 1.5037000E-02
1.2825000E+03 1.5022000E-02
1.2830000E+03 1.4669000E-02
1.2835000E+03 1.4289000E-02
1.2840000E+03 1.4335000E-02
1.2844000E+03 1.3630000E-02
1.2849000E+03 1.2837000E-02
1.2854000E+03 1.3123000E-02
1.2859000E+03 1.2864000E-02
1.2864000E+03 1.2201000E-02
1.2868000E+03 1.2471000E-02
1.2873000E+03 1.2055000E-02
1.2878000E+03 1.1209000E-02
1.2883000E+03 1.1403000E-02
1.2888000E+03 1.0933000E-02
1.2893000E+03 1.0261000E-02
1.2897000E+03 1.0421000E-02
1.2902000E+03 9.7802002E-03
1.2907000E+03 9.2994999E-03
1.2912000E+03 9.5747001E-03
1.2917000E+03 9.0880003E-03
1.2922000E+03 8.6006001E-03
1.2926000E+03 8.6700004E-03
1.2931000E+03 8.3876997E-03
1.2936000E+03 7.7443002E-03
1.2941000E+03 7.5031002E-03
1.2946000E+03 7.5059002E-03
1.2950000E+03 6.9030002E-03
1.2955000E+03 6.5351999E-03
1.2960000E+03 6.5977001E-03
1.2965000E+03 6.1252001E-03
1.2970000E+03 6.1761001E-03
1.2975000E+03 6.2962999E-03
1.2979000E+03 5.4394999E-03
1.2984000E+03 5.4478999E-03
1.2989000E+03 5.6600999E-03
1.2994000E+03 4.7130999E-03
1.2999000E+03 4.6303999E-03
