1.6103999E+02 8.2954997E-04
1.6152000E+02 1.1781000E-03
1.6200000E+02 1.8265001E-03
1.6248000E+02 2.7381000E-03
1.6297000E+02 3.7012000E-03
1.6345000E+02 4.4065998E-03
1.6392999E+02 4.9981000E-03
1.6441000E+02 6.0777999E-03
1.6489000E+02 7.3707998E-03
1.6538000E+02 8.3390996E-03
1.6586000E+02 8.6692004E-03
1.6634000E+02 7.7474001E-03
1.6682001E+02 8.4541002E-03
1.6730000E+02 1.2484000E-02
1.6778999E+02 1.5417000E-02
1.6827000E+02 1.7039999E-02
1.6875000E+02 1.8608000E-02
1.6923000E+02 2.0540999E-02
1.6972000E+02 2.0832000E-02
1.7020000E+02 1.7571000E-02
1.7067999E+02 1.9312000E-02
1.7116000E+02 2.6217001E-02
1.7164000E+02 2.9966000E-02
1.7213000E+02 3.2248002E-02
1.7261000E+02 3.4561999E-02
1.7309000E+02 3.3390999E-02
1.7357001E+02 3.3484999E-02
1.7405000E+02 3.8502999E-02
1.7453999E+02 4.1839998E-02
1.7502000E+02 4.3965001E-02
1.7550000E+02 4.4070002E-02
1.7598000E+02 4.1028000E-02
1.7647000E+02 4.4220001E-02
1.7695000E+02 4.8650000E-02
1.7742999E+02 4.7696002E-02
1.7791000E+02 5.0574999E-02
1.7839000E+02 5.5601999E-02
1.7888000E+02 5.7243999E-02
1.7936000E+02 6.0842000E-02
1.7984000E+02 6.6214003E-02
1.8032001E+02 7.1350001E-02
1.8080000E+02 7.5631998E-02
1.8128999E+02 7.8337997E-02
1.8177000E+02 8.3871998E-02
1.8225000E+02 9.0970002E-02
1.8273000E+02 9.5301002E-02
1.8322000E+02 9.7677000E-02
1.8370000E+02 1.0018000E-01
1.8417999E+02 1.0333000E-01
1.8466000E+02 1.0502000E-01
1.8514000E+02 1.0446000E-01
1.8563000E+02 1.0266000E-01
1.8611000E+02 1.0030000E-01
1.8659000E+02 9.7007997E-02
1.8707001E+02 9.3699001E-02
1.8755000E+02 8.9316003E-02
1.8803999E+02 8.2007997E-02
1.8852000E+02 7.8271002E-02
1.8900000E+02 7.7969998E-02
1.8948000E+02 7.5368002E-02
1.8997000E+02 7.2587997E-02
1.9045000E+02 7.0656002E-02
1.9092999E+02 6.8925999E-02
1.9141000E+02 6.7708001E-02
1.9189000E+02 6.6422999E-02
1.9238000E+02 6.5766998E-02
1.9286000E+02 6.5132000E-02
1.9334000E+02 6.3812003E-02
1.9382001E+02 6.2922999E-02
1.9430000E+02 6.2206998E-02
1.9478999E+02 6.4365000E-02
1.9527000E+02 6.7576997E-02
1.9575000E+02 6.7727998E-02
1.9623000E+02 6.9450997E-02
1.9672000E+02 7.1969002E-02
1.9720000E+02 7.2002001E-02
1.9767999E+02 7.2566003E-02
1.9816000E+02 7.5104997E-02
1.9864000E+02 7.7316001E-02
1.9913000E+02 7.8391001E-02
1.9961000E+02 7.9480998E-02
2.0009000E+02 7.9623997E-02
2.0057001E+02 8.0150001E-02
2.0105000E+02 8.0721997E-02
2.0153999E+02 8.1924997E-02
2.0202000E+02 7.8796998E-02
2.0250000E+02 6.3689999E-02
2.0298000E+02 5.9955001E-02
2.0347000E+02 7.2025999E-02
2.0395000E+02 7.5939998E-02
2.0442999E+02 7.4996002E-02
2.0491000E+02 7.4441999E-02
2.0539000E+02 7.3270999E-02
2.0588000E+02 7.2117001E-02
2.0636000E+02 7.0912004E-02
2.0684000E+02 6.9052003E-02
2.0732001E+02 6.7605004E-02
2.0780000E+02 6.4975999E-02
2.0828999E+02 5.7990000E-02
2.0877000E+02 5.5691998E-02
2.0925000E+02 5.8915000E-02
2.0973000E+02 5.9289001E-02
2.1022000E+02 5.8290001E-02
2.1070000E+02 5.6892999E-02
2.1117999E+02 5.5489000E-02
2.1166000E+02 5.5415001E-02
2.1214000E+02 5.2714001E-02
2.1263000E+02 4.9066000E-02
2.1311000E+02 5.0383002E-02
2.1359000E+02 5.0542001E-02
2.1407001E+02 4.8131999E-02
2.1455000E+02 4.7722999E-02
2.1503999E+02 4.8317000E-02
2.1552000E+02 4.9922999E-02
2.1600000E+02 5.0949998E-02
2.1648000E+02 5.0774001E-02
2.1697000E+02 5.0749999E-02
2.1745000E+02 5.0983001E-02
2.1792999E+02 5.1275998E-02
2.1841000E+02 5.1904999E-02
2.1889000E+02 5.2565001E-02
2.1938000E+02 5.2928999E-02
2.1986000E+02 5.3222999E-02
2.2034000E+02 5.3569999E-02
2.2082001E+02 5.4025002E-02
2.2130000E+02 5.0928000E-02
2.2178999E+02 4.7927000E-02
2.2227000E+02 5.1146999E-02
2.2275000E+02 5.4295000E-02
2.2323000E+02 5.3383000E-02
2.2372000E+02 5.1194001E-02
2.2420000E+02 5.2676000E-02
2.2467999E+02 5.5268001E-02
2.2516000E+02 5.5789001E-02
2.2564000E+02 5.5477001E-02
2.2613000E+02 5.2113999E-02
2.2661000E+02 5.1782999E-02
2.2709000E+02 5.4630000E-02
2.2757001E+02 5.1095001E-02
2.2805000E+02 4.9095001E-02
2.2853999E+02 5.3653002E-02
2.2902000E+02 5.5883002E-02
2.2950000E+02 5.6146000E-02
2.2998000E+02 5.6536000E-02
2.3047000E+02 5.5358998E-02
2.3095000E+02 5.4359000E-02
2.3142999E+02 5.5240002E-02
2.3191000E+02 5.6079999E-02
2.3239000E+02 5.6683000E-02
2.3288000E+02 5.6938000E-02
2.3336000E+02 5.6416001E-02
2.3384000E+02 5.7346001E-02
2.3432001E+02 5.8710001E-02
2.3480000E+02 5.9268001E-02
2.3528999E+02 5.9817001E-02
2.3577000E+02 6.0391001E-02
2.3625000E+02 6.1361998E-02
2.3673000E+02 6.2297001E-02
2.3722000E+02 6.3157000E-02
2.3770000E+02 6.4255998E-02
2.3817999E+02 6.5408997E-02
2.3866000E+02 6.6551000E-02
2.3914000E+02 6.7855000E-02
2.3963000E+02 6.9210000E-02
2.4011000E+02 7.0583001E-02
2.4059000E+02 7.1877003E-02
2.4107001E+02 7.3161997E-02
2.4155000E+02 7.4676000E-02
2.4203999E+02 7.6421000E-02
2.4252000E+02 7.8293003E-02
2.4300000E+02 7.9985000E-02
2.4348000E+02 8.1804998E-02
2.4397000E+02 8.2143001E-02
2.4445000E+02 8.2939997E-02
2.4492999E+02 8.4510997E-02
2.4541000E+02 8.3766997E-02
2.4589000E+02 8.6443998E-02
2.4638000E+02 9.1481000E-02
2.4686000E+02 9.4805002E-02
2.4734000E+02 9.5758997E-02
2.4782001E+02 9.3662001E-02
2.4830000E+02 9.6398003E-02
2.4878999E+02 1.0216000E-01
2.4927000E+02 1.0520000E-01
2.4975000E+02 1.0855000E-01
2.5023000E+02 1.1200000E-01
2.5072000E+02 1.1522000E-01
2.5120000E+02 1.1806000E-01
2.5167999E+02 1.2135000E-01
2.5216000E+02 1.2469000E-01
2.5264000E+02 1.2766001E-01
2.5313000E+02 1.3036001E-01
2.5361000E+02 1.2576000E-01
2.5409000E+02 1.2239000E-01
2.5457001E+02 1.3110000E-01
2.5506000E+02 1.3732000E-01
2.5553999E+02 1.3917001E-01
2.5601999E+02 1.4095999E-01
2.5650000E+02 1.4189000E-01
2.5698001E+02 1.4289001E-01
2.5747000E+02 1.4376000E-01
2.5795001E+02 1.4482000E-01
2.5842999E+02 1.4553000E-01
2.5891000E+02 1.4595000E-01
2.5939001E+02 1.4674000E-01
2.5988000E+02 1.4735000E-01
2.6035999E+02 1.4805999E-01
2.6084000E+02 1.4902000E-01
2.6132001E+02 1.4985999E-01
2.6181000E+02 1.5071000E-01
2.6229001E+02 1.5162000E-01
2.6276999E+02 1.5255000E-01
2.6325000E+02 1.5355000E-01
2.6373001E+02 1.5490000E-01
2.6422000E+02 1.5711001E-01
2.6470001E+02 1.5889999E-01
2.6517999E+02 1.6096000E-01
2.6566000E+02 1.6215000E-01
2.6614001E+02 1.6193999E-01
2.6663000E+02 1.6492000E-01
2.6710999E+02 1.6886000E-01
2.6759000E+02 1.7159000E-01
2.6807001E+02 1.7483000E-01
2.6856000E+02 1.7832001E-01
2.6904001E+02 1.8195000E-01
2.6951999E+02 1.8528999E-01
2.7000000E+02 1.8860000E-01
2.7048001E+02 1.9214000E-01
2.7097000E+02 1.9577000E-01
2.7145001E+02 1.9938000E-01
2.7192999E+02 2.0298000E-01
2.7241000E+02 2.0686001E-01
2.7289001E+02 2.1078999E-01
2.7338000E+02 2.1505000E-01
2.7385999E+02 2.1995001E-01
2.7434000E+02 2.2452000E-01
2.7482001E+02 2.2899000E-01
2.7531000E+02 2.3342000E-01
2.7579001E+02 2.3668000E-01
2.7626999E+02 2.4101999E-01
2.7675000E+02 2.4680001E-01
2.7723001E+02 2.5305000E-01
2.7772000E+02 2.5637999E-01
2.7820001E+02 2.5512999E-01
2.7867999E+02 2.6043999E-01
2.7916000E+02 2.7186000E-01
2.7964001E+02 2.7855000E-01
2.8013000E+02 2.8150001E-01
2.8060999E+02 2.8641000E-01
2.8109000E+02 2.9431999E-01
2.8157001E+02 2.9923999E-01
2.8206000E+02 3.0072999E-01
2.8254001E+02 3.0656001E-01
2.8301999E+02 3.1505001E-01
2.8350000E+02 3.2154000E-01
2.8398001E+02 3.2714999E-01
2.8447000E+02 3.3245000E-01
2.8495001E+02 3.3770999E-01
2.8542999E+02 3.4292001E-01
2.8591000E+02 3.4818000E-01
2.8639001E+02 3.5363001E-01
2.8688000E+02 3.5905001E-01
2.8735999E+02 3.6467999E-01
2.8784000E+02 3.6991000E-01
2.8832001E+02 3.7564999E-01
2.8881000E+02 3.7992999E-01
2.8929001E+02 3.8115999E-01
2.8976999E+02 3.8628000E-01
2.9025000E+02 3.9414001E-01
2.9073001E+02 3.9938000E-01
2.9122000E+02 4.0518001E-01
2.9170001E+02 4.1115001E-01
2.9217999E+02 4.1611001E-01
2.9266000E+02 4.2098001E-01
2.9314001E+02 4.2578000E-01
2.9363000E+02 4.3081000E-01
2.9410999E+02 4.3562999E-01
2.9459000E+02 4.4029000E-01
2.9507001E+02 4.4474000E-01
2.9556000E+02 4.4937000E-01
2.9604001E+02 4.5396000E-01
2.9651999E+02 4.5840999E-01
2.9700000E+02 4.6268001E-01
2.9748001E+02 4.6724999E-01
2.9797000E+02 4.7128001E-01
2.9845001E+02 4.7433999E-01
2.9892999E+02 4.7907999E-01
2.9941000E+02 4.8387000E-01
2.9989001E+02 4.8769000E-01
3.0038000E+02 4.9193999E-01
3.0085999E+02 4.9671999E-01
3.0134000E+02 4.9913999E-01
3.0182001E+02 5.0107998E-01
3.0231000E+02 5.0537997E-01
3.0279001E+02 5.0386000E-01
3.0326999E+02 5.0440001E-01
3.0375000E+02 5.1492000E-01
3.0423001E+02 5.2197999E-01
3.0472000E+02 5.2512002E-01
3.0520001E+02 5.2898002E-01
3.0567999E+02 5.3252000E-01
3.0616000E+02 5.3640997E-01
3.0664001E+02 5.4049999E-01
3.0713000E+02 5.4373997E-01
3.0760999E+02 5.4664999E-01
3.0809000E+02 5.4974002E-01
3.0857001E+02 5.5274999E-01
3.0906000E+02 5.5553001E-01
3.0954001E+02 5.5822003E-01
3.1001999E+02 5.6150001E-01
3.1050000E+02 5.6480002E-01
3.1098001E+02 5.6774002E-01
3.1147000E+02 5.7069999E-01
3.1195001E+02 5.7359999E-01
3.1242999E+02 5.7691997E-01
3.1291000E+02 5.8010000E-01
3.1339001E+02 5.8256000E-01
3.1388000E+02 5.8522999E-01
3.1435999E+02 5.8736998E-01
3.1484000E+02 5.8849001E-01
3.1532001E+02 5.9086001E-01
3.1581000E+02 5.9398001E-01
3.1629001E+02 5.9597999E-01
3.1676999E+02 5.9779000E-01
3.1725000E+02 5.9974998E-01
3.1773001E+02 6.0074002E-01
3.1822000E+02 6.0122001E-01
3.1870001E+02 6.0181999E-01
3.1917999E+02 6.0224998E-01
3.1966000E+02 6.0237998E-01
3.2014001E+02 6.0194999E-01
3.2063000E+02 6.0127002E-01
3.2110999E+02 6.0044003E-01
3.2159000E+02 5.9972000E-01
3.2207001E+02 5.9900999E-01
3.2256000E+02 5.9816998E-01
3.2304001E+02 5.9663999E-01
3.2351999E+02 5.9153998E-01
3.2400000E+02 5.8765000E-01
3.2448001E+02 5.8945000E-01
3.2497000E+02 5.8971000E-01
3.2545001E+02 5.8741999E-01
3.2592999E+02 5.8503997E-01
3.2641000E+02 5.8301997E-01
3.2689001E+02 5.8104998E-01
3.2738000E+02 5.7489002E-01
3.2785999E+02 5.6983000E-01
3.2834000E+02 5.7037997E-01
3.2882001E+02 5.7023001E-01
3.2931000E+02 5.6796002E-01
3.2979001E+02 5.6498998E-01
3.3026999E+02 5.6237000E-01
3.3075000E+02 5.5984002E-01
3.3123001E+02 5.5664998E-01
3.3172000E+02 5.5374002E-01
3.3220001E+02 5.5097002E-01
3.3267999E+02 5.4749000E-01
3.3316000E+02 5.4413998E-01
3.3364001E+02 5.4102999E-01
3.3413000E+02 5.3709000E-01
3.3460999E+02 5.3174001E-01
3.3509000E+02 5.2623999E-01
3.3557001E+02 5.2328998E-01
3.3606000E+02 5.2082998E-01
3.3654001E+02 5.1734000E-01
3.3701999E+02 5.1389003E-01
3.3750000E+02 5.0974000E-01
3.3798001E+02 5.0501001E-01
3.3847000E+02 5.0059998E-01
3.3895001E+02 4.9654001E-01
3.3942999E+02 4.9217999E-01
3.3991000E+02 4.8765999E-01
3.4039001E+02 4.8269999E-01
3.4088000E+02 4.7786000E-01
3.4135999E+02 4.7391999E-01
3.4184000E+02 4.6992001E-01
3.4232001E+02 4.6588999E-01
3.4281000E+02 4.6086001E-01
3.4329001E+02 4.5534000E-01
3.4376999E+02 4.5146000E-01
3.4425000E+02 4.4782999E-01
3.4473001E+02 4.4371000E-01
3.4522000E+02 4.3992001E-01
3.4570001E+02 4.3583000E-01
3.4617999E+02 4.3206000E-01
3.4666000E+02 4.2888999E-01
3.4714001E+02 4.2548999E-01
3.4763000E+02 4.2234999E-01
3.4810999E+02 4.1935000E-01
3.4859000E+02 4.1749999E-01
3.4907001E+02 4.1591999E-01
3.4956000E+02 4.1233000E-01
3.5004001E+02 4.0994999E-01
3.5051999E+02 4.1021001E-01
3.5100000E+02 4.1001999E-01
3.5148001E+02 4.0729001E-01
3.5197000E+02 4.0511000E-01
3.5245001E+02 4.0713999E-01
3.5292999E+02 4.0935001E-01
3.5341000E+02 4.0992001E-01
3.5389001E+02 4.0950000E-01
3.5438000E+02 4.0867999E-01
3.5485999E+02 4.1082999E-01
3.5534000E+02 4.1407999E-01
3.5582001E+02 4.1608000E-01
3.5631000E+02 4.1824999E-01
3.5679001E+02 4.1940999E-01
3.5726999E+02 4.2032000E-01
3.5775000E+02 4.2308000E-01
3.5823001E+02 4.2502001E-01
3.5872000E+02 4.2638001E-01
3.5920001E+02 4.2907000E-01
3.5967999E+02 4.3125999E-01
3.6016000E+02 4.3256000E-01
3.6064001E+02 4.3357000E-01
3.6113000E+02 4.3494999E-01
3.6160999E+02 4.3667001E-01
3.6209000E+02 4.3777001E-01
3.6257001E+02 4.3856001E-01
3.6306000E+02 4.3917999E-01
3.6354001E+02 4.3977001E-01
3.6401999E+02 4.4056001E-01
3.6450000E+02 4.4148999E-01
3.6498001E+02 4.4200000E-01
3.6547000E+02 4.4192001E-01
3.6595001E+02 4.4196999E-01
3.6642999E+02 4.4200999E-01
3.6691000E+02 4.4174001E-01
3.6739001E+02 4.4171000E-01
3.6788000E+02 4.4220001E-01
3.6835999E+02 4.4231999E-01
3.6884000E+02 4.4194001E-01
3.6932001E+02 4.4108999E-01
3.6981000E+02 4.4007999E-01
3.7029001E+02 4.3988001E-01
3.7076999E+02 4.4011000E-01
3.7125000E+02 4.4025999E-01
3.7173001E+02 4.3989000E-01
3.7222000E+02 4.3871000E-01
3.7270001E+02 4.3788999E-01
3.7317999E+02 4.3788999E-01
3.7366000E+02 4.3698999E-01
3.7414001E+02 4.3476000E-01
3.7463000E+02 4.3279999E-01
3.7510999E+02 4.3176001E-01
3.7559000E+02 4.3043000E-01
3.7607001E+02 4.2782000E-01
3.7656000E+02 4.2603001E-01
3.7704001E+02 4.2499000E-01
3.7751999E+02 4.2250001E-01
3.7800000E+02 4.1968000E-01
3.7848001E+02 4.1650999E-01
3.7897000E+02 4.1242000E-01
3.7945001E+02 4.0884000E-01
3.7992999E+02 4.0537000E-01
3.8041000E+02 4.0046999E-01
3.8089001E+02 3.9477000E-01
3.8138000E+02 3.8984001E-01
3.8185999E+02 3.8477001E-01
3.8234000E+02 3.7909001E-01
3.8282001E+02 3.7441000E-01
3.8331000E+02 3.6947000E-01
3.8379001E+02 3.6352000E-01
3.8426999E+02 3.5771999E-01
3.8475000E+02 3.5156000E-01
3.8523001E+02 3.4595999E-01
3.8572000E+02 3.4107000E-01
3.8620001E+02 3.3612999E-01
3.8667999E+02 3.3101001E-01
3.8716000E+02 3.2503000E-01
3.8764999E+02 3.1935999E-01
3.8813000E+02 3.1461999E-01
3.8860999E+02 3.0965000E-01
3.8909000E+02 3.0447000E-01
3.8957001E+02 2.9949999E-01
3.9006000E+02 2.9422000E-01
3.9054001E+02 2.8907999E-01
3.9101999E+02 2.8492001E-01
3.9150000E+02 2.8112000E-01
3.9198001E+02 2.7744001E-01
3.9247000E+02 2.7348000E-01
3.9295001E+02 2.6936001E-01
3.9342999E+02 2.6628000E-01
3.9391000E+02 2.6265001E-01
3.9439999E+02 2.5852001E-01
3.9488000E+02 2.5619999E-01
3.9535999E+02 2.5454000E-01
3.9584000E+02 2.5209999E-01
3.9632001E+02 2.4927001E-01
3.9681000E+02 2.4710999E-01
3.9729001E+02 2.4435000E-01
3.9776999E+02 2.4246000E-01
3.9825000E+02 2.4295001E-01
3.9873001E+02 2.4135999E-01
3.9922000E+02 2.3955999E-01
3.9970001E+02 2.3949000E-01
4.0017999E+02 2.3818000E-01
4.0066000E+02 2.3733000E-01
4.0114999E+02 2.3759000E-01
4.0163000E+02 2.3740999E-01
4.0210999E+02 2.3698001E-01
4.0259000E+02 2.3670000E-01
4.0307001E+02 2.3653001E-01
4.0356000E+02 2.3627000E-01
4.0404001E+02 2.3591000E-01
4.0451999E+02 2.3560999E-01
4.0500000E+02 2.3513000E-01
4.0548001E+02 2.3463000E-01
4.0597000E+02 2.3428001E-01
4.0645001E+02 2.3395000E-01
4.0692999E+02 2.3349001E-01
4.0741000E+02 2.3288999E-01
4.0789999E+02 2.3273000E-01
4.0838000E+02 2.3267999E-01
4.0885999E+02 2.3241000E-01
4.0934000E+02 2.3190001E-01
4.0982001E+02 2.3108000E-01
4.1031000E+02 2.3040999E-01
4.1079001E+02 2.2987001E-01
4.1126999E+02 2.2951999E-01
4.1175000E+02 2.2899000E-01
4.1223001E+02 2.2822000E-01
4.1272000E+02 2.2757000E-01
4.1320001E+02 2.2696000E-01
4.1367999E+02 2.2640000E-01
4.1416000E+02 2.2584000E-01
4.1464999E+02 2.2509000E-01
4.1513000E+02 2.2432999E-01
4.1560999E+02 2.2371000E-01
4.1609000E+02 2.2277001E-01
4.1657001E+02 2.2188000E-01
4.1706000E+02 2.2115000E-01
4.1754001E+02 2.1995001E-01
4.1801999E+02 2.1838000E-01
4.1850000E+02 2.1692000E-01
4.1898001E+02 2.1623001E-01
4.1947000E+02 2.1521001E-01
4.1995001E+02 2.1380000E-01
4.2042999E+02 2.1402000E-01
4.2091000E+02 2.1449000E-01
4.2139999E+02 2.1397001E-01
4.2188000E+02 2.1366000E-01
4.2235999E+02 2.1304999E-01
4.2284000E+02 2.1140000E-01
4.2332001E+02 2.1028000E-01
4.2381000E+02 2.1016000E-01
4.2429001E+02 2.0976999E-01
4.2476999E+02 2.0889001E-01
4.2525000E+02 2.0782000E-01
4.2573001E+02 2.0732000E-01
4.2622000E+02 2.0703000E-01
4.2670001E+02 2.0611000E-01
4.2717999E+02 2.0541000E-01
4.2766000E+02 2.0491999E-01
4.2814999E+02 2.0441000E-01
4.2863000E+02 2.0371000E-01
4.2910999E+02 2.0309000E-01
4.2959000E+02 2.0298000E-01
4.3007001E+02 2.0279001E-01
4.3056000E+02 2.0213000E-01
4.3104001E+02 2.0111001E-01
4.3151999E+02 2.0051999E-01
4.3200000E+02 2.0040999E-01
4.3248001E+02 2.0016000E-01
4.3297000E+02 1.9992000E-01
4.3345001E+02 1.9969000E-01
4.3392999E+02 1.9956000E-01
4.3441000E+02 1.9925000E-01
4.3489999E+02 1.9857000E-01
4.3538000E+02 1.9836999E-01
4.3585999E+02 1.9851001E-01
4.3634000E+02 1.9812000E-01
4.3682001E+02 1.9788000E-01
4.3731000E+02 1.9803999E-01
4.3779001E+02 1.9777000E-01
4.3826999E+02 1.9747999E-01
4.3875000E+02 1.9762000E-01
4.3923001E+02 1.9791999E-01
4.3972000E+02 1.9836999E-01
4.4020001E+02 1.9884001E-01
4.4067999E+02 1.9968000E-01
4.4116000E+02 2.0090000E-01
4.4164999E+02 2.0181000E-01
4.4213000E+02 2.0338000E-01
4.4260999E+02 2.0606001E-01
4.4309000E+02 2.0852999E-01
4.4357001E+02 2.1055999E-01
4.4406000E+02 2.1325999E-01
4.4454001E+02 2.1686999E-01
4.4501999E+02 2.2048999E-01
4.4550000E+02 2.2380000E-01
4.4598001E+02 2.2689000E-01
4.4647000E+02 2.2989000E-01
4.4695001E+02 2.3308000E-01
4.4742999E+02 2.3635000E-01
4.4791000E+02 2.3954000E-01
4.4839999E+02 2.4277000E-01
4.4888000E+02 2.4579000E-01
4.4935999E+02 2.4853000E-01
4.4984000E+02 2.5150001E-01
4.5032001E+02 2.5431001E-01
4.5081000E+02 2.5698000E-01
4.5129001E+02 2.5953001E-01
4.5176999E+02 2.6186001E-01
4.5225000E+02 2.6429999E-01
4.5273001E+02 2.6653001E-01
4.5322000E+02 2.6914001E-01
4.5370001E+02 2.7235001E-01
4.5417999E+02 2.7530000E-01
4.5466000E+02 2.7840000E-01
4.5514999E+02 2.8184000E-01
4.5563000E+02 2.8540999E-01
4.5610999E+02 2.8911999E-01
4.5659000E+02 2.9297000E-01
4.5707001E+02 2.9741001E-01
4.5756000E+02 3.0088001E-01
4.5804001E+02 3.0452999E-01
4.5851999E+02 3.1105000E-01
4.5900000E+02 3.1783000E-01
4.5948001E+02 3.2414001E-01
4.5997000E+02 3.3078000E-01
4.6045001E+02 3.3774999E-01
4.6092999E+02 3.4549001E-01
4.6141000E+02 3.5347000E-01
4.6189999E+02 3.6214000E-01
4.6238000E+02 3.7156001E-01
4.6285999E+02 3.8113999E-01
4.6334000E+02 3.9117000E-01
4.6382001E+02 4.0169001E-01
4.6431000E+02 4.1302001E-01
4.6479001E+02 4.2476001E-01
4.6526999E+02 4.3629000E-01
4.6575000E+02 4.4848999E-01
4.6623001E+02 4.6081001E-01
4.6672000E+02 4.7305000E-01
4.6720001E+02 4.8585001E-01
4.6767999E+02 4.9811000E-01
4.6816000E+02 5.0980997E-01
4.6864999E+02 5.2158999E-01
4.6913000E+02 5.3373998E-01
4.6960999E+02 5.4496998E-01
4.7009000E+02 5.5470002E-01
4.7057001E+02 5.6430000E-01
4.7106000E+02 5.7331997E-01
4.7154001E+02 5.8115000E-01
4.7201999E+02 5.8842999E-01
4.7250000E+02 5.9470999E-01
4.7298001E+02 5.9996003E-01
4.7347000E+02 6.0689002E-01
4.7395001E+02 6.1404002E-01
4.7442999E+02 6.1859000E-01
4.7491000E+02 6.2180001E-01
4.7539999E+02 6.2424999E-01
4.7588000E+02 6.2647003E-01
4.7635999E+02 6.2842000E-01
4.7684000E+02 6.2954003E-01
4.7732001E+02 6.3038999E-01
4.7781000E+02 6.3042003E-01
4.7829001E+02 6.2917000E-01
4.7876999E+02 6.2867999E-01
4.7925000E+02 6.2902999E-01
4.7973001E+02 6.2875003E-01
4.8022000E+02 6.2761998E-01
4.8070001E+02 6.2519997E-01
4.8117999E+02 6.2311000E-01
4.8166000E+02 6.2111002E-01
4.8214999E+02 6.1931002E-01
4.8263000E+02 6.1833000E-01
4.8310999E+02 6.1535001E-01
4.8359000E+02 6.1127001E-01
4.8407001E+02 6.0912001E-01
4.8456000E+02 6.0734999E-01
4.8504001E+02 6.0416001E-01
4.8551999E+02 6.0137999E-01
4.8600000E+02 5.9880000E-01
4.8648001E+02 5.9613001E-01
4.8697000E+02 5.9429002E-01
4.8745001E+02 5.9206003E-01
4.8792999E+02 5.8959001E-01
4.8841000E+02 5.8701998E-01
4.8889999E+02 5.8495998E-01
4.8938000E+02 5.8341998E-01
4.8985999E+02 5.8127999E-01
4.9034000E+02 5.7975000E-01
4.9082001E+02 5.7840002E-01
4.9131000E+02 5.7546997E-01
4.9179001E+02 5.7288003E-01
4.9226999E+02 5.7235003E-01
4.9275000E+02 5.7211000E-01
4.9323001E+02 5.7147998E-01
4.9372000E+02 5.7111001E-01
4.9420001E+02 5.7081002E-01
4.9467999E+02 5.7090998E-01
4.9516000E+02 5.7106000E-01
4.9564999E+02 5.7016999E-01
4.9613000E+02 5.6971002E-01
4.9660999E+02 5.7051003E-01
4.9709000E+02 5.7086998E-01
4.9757001E+02 5.7046998E-01
4.9806000E+02 5.7097000E-01
4.9854001E+02 5.7288003E-01
4.9901999E+02 5.7480001E-01
4.9950000E+02 5.7650000E-01
4.9998001E+02 5.7760000E-01
5.0047000E+02 5.7888001E-01
5.0095001E+02 5.8122998E-01
5.0142999E+02 5.8314002E-01
5.0191000E+02 5.8450001E-01
5.0239999E+02 5.8696002E-01
5.0288000E+02 5.9109002E-01
5.0335999E+02 5.9412998E-01
5.0384000E+02 5.9513998E-01
5.0432001E+02 5.9609997E-01
5.0481000E+02 5.9783000E-01
5.0529001E+02 5.9917003E-01
5.0576999E+02 5.9960997E-01
5.0625000E+02 5.9941000E-01
5.0673001E+02 5.9737003E-01
5.0722000E+02 5.9552997E-01
5.0770001E+02 5.9438002E-01
5.0817999E+02 5.9368002E-01
5.0866000E+02 5.9487998E-01
5.0914999E+02 5.9536999E-01
5.0963000E+02 5.9486002E-01
5.1010999E+02 5.9426999E-01
5.1059000E+02 5.9423000E-01
5.1107001E+02 5.9534001E-01
5.1156000E+02 5.9463000E-01
5.1203998E+02 5.9327000E-01
5.1252002E+02 5.9364998E-01
5.1300000E+02 5.9290999E-01
5.1348999E+02 5.9122998E-01
5.1396997E+02 5.8965999E-01
5.1445001E+02 5.8785999E-01
5.1492999E+02 5.8561999E-01
5.1540997E+02 5.8273000E-01
5.1590002E+02 5.8117002E-01
5.1638000E+02 5.7868999E-01
5.1685999E+02 5.7453001E-01
5.1734003E+02 5.7169998E-01
5.1782001E+02 5.6856000E-01
5.1831000E+02 5.6457001E-01
5.1878998E+02 5.6129003E-01
5.1927002E+02 5.5768001E-01
5.1975000E+02 5.5307001E-01
5.2023999E+02 5.4870999E-01
5.2071997E+02 5.4519999E-01
5.2120001E+02 5.4192001E-01
5.2167999E+02 5.3762001E-01
5.2215997E+02 5.3267002E-01
5.2265002E+02 5.2802002E-01
5.2313000E+02 5.2344000E-01
5.2360999E+02 5.1903999E-01
5.2409003E+02 5.1380002E-01
5.2457001E+02 5.0853002E-01
5.2506000E+02 5.0411999E-01
5.2553998E+02 5.0042999E-01
5.2602002E+02 4.9722001E-01
5.2650000E+02 4.9654001E-01
5.2698999E+02 4.9373999E-01
5.2746997E+02 4.8932999E-01
5.2795001E+02 4.8535001E-01
5.2842999E+02 4.7981000E-01
5.2890997E+02 4.7497001E-01
5.2940002E+02 4.7205999E-01
5.2988000E+02 4.6831000E-01
5.3035999E+02 4.6447000E-01
5.3084003E+02 4.6063000E-01
5.3132001E+02 4.5583999E-01
5.3181000E+02 4.5111999E-01
5.3228998E+02 4.4808999E-01
5.3277002E+02 4.4552001E-01
5.3325000E+02 4.4167000E-01
5.3373999E+02 4.3759999E-01
5.3421997E+02 4.3516001E-01
5.3470001E+02 4.3289000E-01
5.3517999E+02 4.2983001E-01
5.3565997E+02 4.2763999E-01
5.3615002E+02 4.2508000E-01
5.3663000E+02 4.2354000E-01
5.3710999E+02 4.2182001E-01
5.3759003E+02 4.1847000E-01
5.3807001E+02 4.1742000E-01
5.3856000E+02 4.1477999E-01
5.3903998E+02 4.1185999E-01
5.3952002E+02 4.1257000E-01
5.4000000E+02 4.1095999E-01
5.4048999E+02 4.0893999E-01
5.4096997E+02 4.0913999E-01
5.4145001E+02 4.0819001E-01
5.4192999E+02 4.0707999E-01
5.4240997E+02 4.0626001E-01
5.4290002E+02 4.0493000E-01
5.4338000E+02 4.0412000E-01
5.4385999E+02 4.0382999E-01
5.4434003E+02 4.0318999E-01
5.4482001E+02 4.0233001E-01
5.4531000E+02 4.0147999E-01
5.4578998E+02 4.0189001E-01
5.4627002E+02 4.0310001E-01
5.4675000E+02 4.0299001E-01
5.4723999E+02 4.0362000E-01
5.4771997E+02 4.0443999E-01
5.4820001E+02 4.0452000E-01
5.4867999E+02 4.0525001E-01
5.4915997E+02 4.0470001E-01
5.4965002E+02 4.0564999E-01
5.5013000E+02 4.0876001E-01
5.5060999E+02 4.1071999E-01
5.5109003E+02 4.1352001E-01
5.5157001E+02 4.1618001E-01
5.5206000E+02 4.1791999E-01
5.5253998E+02 4.2100000E-01
5.5302002E+02 4.2315000E-01
5.5350000E+02 4.2401999E-01
5.5398999E+02 4.2715001E-01
5.5446997E+02 4.3123001E-01
5.5495001E+02 4.3458000E-01
5.5542999E+02 4.3827000E-01
5.5590997E+02 4.4163001E-01
5.5640002E+02 4.4591999E-01
5.5688000E+02 4.5120001E-01
5.5735999E+02 4.5537999E-01
5.5784003E+02 4.5813999E-01
5.5832001E+02 4.6055999E-01
5.5881000E+02 4.6562001E-01
5.5928998E+02 4.7051999E-01
5.5977002E+02 4.7351000E-01
5.6025000E+02 4.7699001E-01
5.6073999E+02 4.7981000E-01
5.6121997E+02 4.8367000E-01
5.6170001E+02 4.8754999E-01
5.6217999E+02 4.8931000E-01
5.6265997E+02 4.9243000E-01
5.6315002E+02 4.9592000E-01
5.6363000E+02 4.9778000E-01
5.6410999E+02 5.0076997E-01
5.6459003E+02 5.0445998E-01
5.6507001E+02 5.0585997E-01
5.6556000E+02 5.0730002E-01
5.6603998E+02 5.0875998E-01
5.6652002E+02 5.0941998E-01
5.6700000E+02 5.1194000E-01
5.6748999E+02 5.1397997E-01
5.6796997E+02 5.1468003E-01
5.6845001E+02 5.1451999E-01
5.6892999E+02 5.1466000E-01
5.6940997E+02 5.1655000E-01
5.6990002E+02 5.1631999E-01
5.7038000E+02 5.1472998E-01
5.7085999E+02 5.1504999E-01
5.7134003E+02 5.1550001E-01
5.7182001E+02 5.1506001E-01
5.7231000E+02 5.1537001E-01
5.7278998E+02 5.1526999E-01
5.7327002E+02 5.1349002E-01
5.7375000E+02 5.1166999E-01
5.7423999E+02 5.1008999E-01
5.7471997E+02 5.0885999E-01
5.7520001E+02 5.0708997E-01
5.7567999E+02 5.0528997E-01
5.7615997E+02 5.0483000E-01
5.7665002E+02 5.0397998E-01
5.7713000E+02 5.0247997E-01
5.7760999E+02 4.9937001E-01
5.7809003E+02 4.9531001E-01
5.7857001E+02 4.9326000E-01
5.7906000E+02 4.9121001E-01
5.7953998E+02 4.8805001E-01
5.8002002E+02 4.8568001E-01
5.8050000E+02 4.8372000E-01
5.8098999E+02 4.8243001E-01
5.8146997E+02 4.8047999E-01
5.8195001E+02 4.7703001E-01
5.8242999E+02 4.7477999E-01
5.8290997E+02 4.7170001E-01
5.8340002E+02 4.6785000E-01
5.8388000E+02 4.6518001E-01
5.8435999E+02 4.6123001E-01
5.8484003E+02 4.5736000E-01
5.8532001E+02 4.5454001E-01
5.8581000E+02 4.5146999E-01
5.8628998E+02 4.4810000E-01
5.8677002E+02 4.4466999E-01
5.8725000E+02 4.4169000E-01
5.8773999E+02 4.3847999E-01
5.8821997E+02 4.3441999E-01
5.8870001E+02 4.3000999E-01
5.8917999E+02 4.2693999E-01
5.8965997E+02 4.2342001E-01
5.9015002E+02 4.1914001E-01
5.9063000E+02 4.1573000E-01
5.9110999E+02 4.1181001E-01
5.9159003E+02 4.0871000E-01
5.9207001E+02 4.0458000E-01
5.9256000E+02 4.0031001E-01
5.9303998E+02 3.9719000E-01
5.9352002E+02 3.9256999E-01
5.9400000E+02 3.8914999E-01
5.9448999E+02 3.8497999E-01
5.9496997E+02 3.8071001E-01
5.9545001E+02 3.7867001E-01
5.9592999E+02 3.7491000E-01
5.9640997E+02 3.7106001E-01
5.9690002E+02 3.6872000E-01
5.9738000E+02 3.6572000E-01
5.9785999E+02 3.6236000E-01
5.9834003E+02 3.5911000E-01
5.9882001E+02 3.5473999E-01
5.9931000E+02 3.5198000E-01
5.9978998E+02 3.5152999E-01
6.0027002E+02 3.4876001E-01
6.0075000E+02 3.4409001E-01
6.0123999E+02 3.3996999E-01
6.0171997E+02 3.3755001E-01
6.0220001E+02 3.3583000E-01
6.0267999E+02 3.3318001E-01
6.0315997E+02 3.3090001E-01
6.0365002E+02 3.2811999E-01
6.0413000E+02 3.2505000E-01
6.0460999E+02 3.2317999E-01
6.0509003E+02 3.2038999E-01
6.0557001E+02 3.1795001E-01
6.0606000E+02 3.1674999E-01
6.0653998E+02 3.1320000E-01
6.0702002E+02 3.1005999E-01
6.0750000E+02 3.0952999E-01
6.0798999E+02 3.0801001E-01
6.0846997E+02 3.0601999E-01
6.0895001E+02 3.0478999E-01
6.0942999E+02 3.0309999E-01
6.0990997E+02 3.0120000E-01
6.1040002E+02 2.9955000E-01
6.1088000E+02 2.9804999E-01
6.1135999E+02 2.9613999E-01
6.1184003E+02 2.9368001E-01
6.1232001E+02 2.9172000E-01
6.1281000E+02 2.9001001E-01
6.1328998E+02 2.8802001E-01
6.1377002E+02 2.8698000E-01
6.1425000E+02 2.8643000E-01
6.1473999E+02 2.8601000E-01
6.1521997E+02 2.8507000E-01
6.1570001E+02 2.8288001E-01
6.1617999E+02 2.8207001E-01
6.1665997E+02 2.8097999E-01
6.1715002E+02 2.7860001E-01
6.1763000E+02 2.7801001E-01
6.1810999E+02 2.7654001E-01
6.1859003E+02 2.7432001E-01
6.1907001E+02 2.7397999E-01
6.1956000E+02 2.7294999E-01
6.2003998E+02 2.7160999E-01
6.2052002E+02 2.7092999E-01
6.2100000E+02 2.6892999E-01
6.2148999E+02 2.6695001E-01
6.2196997E+02 2.6631001E-01
6.2245001E+02 2.6596999E-01
6.2292999E+02 2.6501000E-01
6.2340997E+02 2.6275000E-01
6.2390002E+02 2.6168001E-01
6.2438000E+02 2.6210001E-01
6.2485999E+02 2.6054999E-01
6.2534003E+02 2.5865000E-01
6.2582001E+02 2.5832000E-01
6.2631000E+02 2.5854000E-01
6.2678998E+02 2.5797001E-01
6.2727002E+02 2.5464001E-01
6.2775000E+02 2.5207001E-01
6.2823999E+02 2.5240001E-01
6.2871997E+02 2.5205001E-01
6.2920001E+02 2.5149000E-01
6.2967999E+02 2.5036001E-01
6.3015997E+02 2.4837001E-01
6.3065002E+02 2.4877000E-01
6.3113000E+02 2.4976000E-01
6.3160999E+02 2.4891999E-01
6.3209003E+02 2.4812999E-01
6.3258002E+02 2.4735001E-01
6.3306000E+02 2.4597999E-01
6.3353998E+02 2.4598999E-01
6.3402002E+02 2.4623001E-01
6.3450000E+02 2.4593000E-01
6.3498999E+02 2.4640000E-01
6.3546997E+02 2.4650000E-01
6.3595001E+02 2.4618000E-01
6.3642999E+02 2.4593000E-01
6.3690997E+02 2.4658000E-01
6.3740002E+02 2.4759001E-01
6.3788000E+02 2.4751000E-01
6.3835999E+02 2.4810000E-01
6.3884003E+02 2.4816000E-01
6.3933002E+02 2.4717000E-01
6.3981000E+02 2.4744000E-01
6.4028998E+02 2.4710999E-01
6.4077002E+02 2.4687999E-01
6.4125000E+02 2.4834000E-01
6.4173999E+02 2.4831000E-01
6.4221997E+02 2.4814001E-01
6.4270001E+02 2.4923000E-01
6.4317999E+02 2.4908000E-01
6.4365997E+02 2.4935000E-01
6.4415002E+02 2.5001001E-01
6.4463000E+02 2.4978000E-01
6.4510999E+02 2.5003001E-01
6.4559003E+02 2.4977000E-01
6.4608002E+02 2.4958999E-01
6.4656000E+02 2.5013000E-01
6.4703998E+02 2.5007001E-01
6.4752002E+02 2.5003999E-01
6.4800000E+02 2.4958999E-01
6.4848999E+02 2.4871001E-01
6.4896997E+02 2.4863000E-01
6.4945001E+02 2.4789000E-01
6.4992999E+02 2.4670000E-01
6.5040997E+02 2.4718000E-01
6.5090002E+02 2.4711999E-01
6.5138000E+02 2.4626000E-01
6.5185999E+02 2.4625000E-01
6.5234003E+02 2.4529000E-01
6.5283002E+02 2.4495000E-01
6.5331000E+02 2.4517000E-01
6.5378998E+02 2.4394000E-01
6.5427002E+02 2.4364001E-01
6.5475000E+02 2.4343000E-01
6.5523999E+02 2.4267000E-01
6.5571997E+02 2.4285001E-01
6.5620001E+02 2.4252000E-01
6.5667999E+02 2.4189000E-01
6.5715997E+02 2.4176000E-01
6.5765002E+02 2.4145000E-01
6.5813000E+02 2.4047001E-01
6.5860999E+02 2.3930000E-01
6.5909003E+02 2.3938000E-01
6.5958002E+02 2.3913001E-01
6.6006000E+02 2.3778000E-01
6.6053998E+02 2.3706000E-01
6.6102002E+02 2.3637000E-01
6.6150000E+02 2.3583999E-01
6.6198999E+02 2.3604000E-01
6.6246997E+02 2.3548999E-01
6.6295001E+02 2.3452000E-01
6.6342999E+02 2.3475000E-01
6.6390997E+02 2.3428001E-01
6.6440002E+02 2.3304000E-01
6.6488000E+02 2.3305000E-01
6.6535999E+02 2.3242000E-01
6.6584003E+02 2.3185000E-01
6.6633002E+02 2.3250000E-01
6.6681000E+02 2.3170000E-01
6.6728998E+02 2.3013000E-01
6.6777002E+02 2.2950000E-01
6.6825000E+02 2.2919001E-01
6.6873999E+02 2.2923000E-01
6.6921997E+02 2.2953001E-01
6.6970001E+02 2.2950000E-01
6.7017999E+02 2.2881000E-01
6.7065997E+02 2.2818001E-01
6.7115002E+02 2.2777000E-01
6.7163000E+02 2.2640000E-01
6.7210999E+02 2.2594000E-01
6.7259003E+02 2.2644000E-01
6.7308002E+02 2.2516000E-01
6.7356000E+02 2.2465000E-01
6.7403998E+02 2.2470000E-01
6.7452002E+02 2.2353999E-01
6.7500000E+02 2.2378001E-01
6.7548999E+02 2.2378001E-01
6.7596997E+02 2.2257000E-01
6.7645001E+02 2.2235000E-01
6.7692999E+02 2.2198001E-01
6.7740997E+02 2.2114000E-01
6.7790002E+02 2.2133000E-01
6.7838000E+02 2.2136000E-01
6.7885999E+02 2.2032000E-01
6.7934003E+02 2.1979000E-01
6.7983002E+02 2.1912999E-01
6.8031000E+02 2.1831000E-01
6.8078998E+02 2.1827000E-01
6.8127002E+02 2.1764000E-01
6.8175000E+02 2.1646000E-01
6.8223999E+02 2.1562999E-01
6.8271997E+02 2.1537000E-01
6.8320001E+02 2.1465001E-01
6.8367999E+02 2.1396001E-01
6.8415997E+02 2.1404000E-01
6.8465002E+02 2.1259999E-01
6.8513000E+02 2.1163000E-01
6.8560999E+02 2.1179000E-01
6.8609003E+02 2.1055999E-01
6.8658002E+02 2.0990001E-01
6.8706000E+02 2.0969000E-01
6.8753998E+02 2.0848000E-01
6.8802002E+02 2.0758000E-01
6.8850000E+02 2.0704000E-01
6.8898999E+02 2.0615000E-01
6.8946997E+02 2.0570999E-01
6.8995001E+02 2.0555000E-01
6.9042999E+02 2.0443000E-01
6.9090997E+02 2.0375000E-01
6.9140002E+02 2.0360000E-01
6.9188000E+02 2.0258000E-01
6.9235999E+02 2.0178001E-01
6.9284003E+02 2.0130000E-01
6.9333002E+02 2.0001000E-01
6.9381000E+02 1.9869000E-01
6.9428998E+02 1.9875000E-01
6.9477002E+02 1.9832000E-01
6.9525000E+02 1.9699000E-01
6.9573999E+02 1.9716001E-01
6.9621997E+02 1.9641000E-01
6.9670001E+02 1.9441999E-01
6.9717999E+02 1.9449000E-01
6.9765997E+02 1.9419000E-01
6.9815002E+02 1.9260000E-01
6.9863000E+02 1.9236000E-01
6.9910999E+02 1.9216999E-01
6.9959003E+02 1.9134000E-01
7.0008002E+02 1.9140001E-01
7.0056000E+02 1.9066000E-01
7.0103998E+02 1.8910000E-01
7.0152002E+02 1.8897000E-01
7.0200000E+02 1.8838000E-01
7.0248999E+02 1.8723001E-01
7.0296997E+02 1.8735000E-01
7.0345001E+02 1.8738000E-01
7.0392999E+02 1.8629999E-01
7.0440997E+02 1.8506999E-01
7.0490002E+02 1.8447000E-01
7.0538000E+02 1.8352000E-01
7.0585999E+02 1.8305001E-01
7.0634003E+02 1.8347000E-01
7.0683002E+02 1.8240000E-01
7.0731000E+02 1.8173000E-01
7.0778998E+02 1.8178999E-01
7.0827002E+02 1.8020000E-01
7.0875000E+02 1.7964000E-01
7.0923999E+02 1.7990001E-01
7.0971997E+02 1.7874999E-01
7.1020001E+02 1.7848000E-01
7.1067999E+02 1.7870000E-01
7.1115997E+02 1.7758000E-01
7.1165002E+02 1.7722000E-01
7.1213000E+02 1.7738000E-01
7.1260999E+02 1.7606001E-01
7.1309003E+02 1.7529000E-01
7.1358002E+02 1.7547999E-01
7.1406000E+02 1.7467000E-01
7.1453998E+02 1.7420000E-01
7.1502002E+02 1.7440000E-01
7.1550000E+02 1.7377999E-01
7.1598999E+02 1.7299999E-01
7.1646997E+02 1.7299999E-01
7.1695001E+02 1.7246000E-01
7.1742999E+02 1.7156000E-01
7.1790997E+02 1.7224000E-01
7.1840002E+02 1.7213000E-01
7.1888000E+02 1.7095000E-01
7.1935999E+02 1.7130999E-01
7.1984003E+02 1.7076001E-01
7.2033002E+02 1.6966000E-01
7.2081000E+02 1.7033000E-01
7.2128998E+02 1.7010000E-01
7.2177002E+02 1.6942000E-01
7.2225000E+02 1.7021000E-01
7.2273999E+02 1.6966000E-01
7.2321997E+02 1.6839001E-01
7.2370001E+02 1.6892000E-01
7.2417999E+02 1.6878000E-01
7.2465997E+02 1.6761000E-01
7.2515002E+02 1.6775000E-01
7.2563000E+02 1.6752000E-01
7.2610999E+02 1.6621000E-01
7.2659003E+02 1.6614000E-01
7.2708002E+02 1.6617000E-01
7.2756000E+02 1.6504000E-01
7.2803998E+02 1.6494000E-01
7.2852002E+02 1.6530000E-01
7.2900000E+02 1.6398001E-01
7.2948999E+02 1.6360000E-01
7.2996997E+02 1.6415000E-01
7.3045001E+02 1.6281000E-01
7.3092999E+02 1.6255000E-01
7.3140997E+02 1.6323000E-01
7.3190002E+02 1.6202000E-01
7.3238000E+02 1.6202000E-01
7.3285999E+02 1.6270000E-01
7.3334003E+02 1.6156000E-01
7.3383002E+02 1.6154000E-01
7.3431000E+02 1.6241001E-01
7.3478998E+02 1.6167000E-01
7.3527002E+02 1.6124000E-01
7.3575000E+02 1.6147000E-01
7.3623999E+02 1.6046000E-01
7.3671997E+02 1.5995000E-01
7.3720001E+02 1.6033000E-01
7.3767999E+02 1.5922000E-01
7.3815997E+02 1.5846001E-01
7.3865002E+02 1.5888000E-01
7.3913000E+02 1.5797000E-01
7.3960999E+02 1.5707000E-01
7.4009003E+02 1.5711001E-01
7.4058002E+02 1.5601000E-01
7.4106000E+02 1.5498000E-01
7.4153998E+02 1.5515999E-01
7.4202002E+02 1.5394001E-01
7.4250000E+02 1.5253000E-01
7.4298999E+02 1.5278000E-01
7.4346997E+02 1.5191001E-01
7.4395001E+02 1.5096000E-01
7.4442999E+02 1.5153000E-01
7.4490997E+02 1.5087000E-01
7.4540002E+02 1.4979000E-01
7.4588000E+02 1.4991000E-01
7.4635999E+02 1.4907999E-01
7.4684003E+02 1.4813000E-01
7.4733002E+02 1.4847000E-01
7.4781000E+02 1.4792000E-01
7.4828998E+02 1.4691000E-01
7.4877002E+02 1.4710000E-01
7.4925000E+02 1.4683001E-01
7.4973999E+02 1.4577000E-01
7.5021997E+02 1.4569999E-01
7.5070001E+02 1.4565000E-01
7.5117999E+02 1.4483000E-01
7.5165997E+02 1.4506000E-01
7.5215002E+02 1.4511999E-01
7.5263000E+02 1.4410000E-01
7.5310999E+02 1.4431000E-01
7.5359003E+02 1.4420000E-01
7.5408002E+02 1.4282000E-01
7.5456000E+02 1.4300001E-01
7.5503998E+02 1.4331999E-01
7.5552002E+02 1.4246000E-01
7.5600000E+02 1.4286000E-01
7.5648999E+02 1.4292000E-01
7.5696997E+02 1.4169000E-01
7.5745001E+02 1.4208999E-01
7.5792999E+02 1.4244001E-01
7.5840997E+02 1.4125000E-01
7.5890002E+02 1.4132001E-01
7.5938000E+02 1.4184000E-01
7.5985999E+02 1.4115000E-01
7.6034003E+02 1.4102000E-01
7.6083002E+02 1.4128999E-01
7.6131000E+02 1.4066000E-01
7.6178998E+02 1.4046000E-01
7.6227002E+02 1.4094000E-01
7.6275000E+02 1.4029001E-01
7.6323999E+02 1.3977000E-01
7.6371997E+02 1.4032000E-01
7.6420001E+02 1.3959999E-01
7.6467999E+02 1.3909000E-01
7.6516998E+02 1.4005999E-01
7.6565002E+02 1.3974001E-01
7.6613000E+02 1.3925000E-01
7.6660999E+02 1.3965000E-01
7.6709003E+02 1.3887000E-01
7.6758002E+02 1.3872001E-01
7.6806000E+02 1.3963000E-01
7.6853998E+02 1.3891000E-01
7.6902002E+02 1.3851000E-01
7.6950000E+02 1.3941000E-01
7.6998999E+02 1.3911000E-01
7.7046997E+02 1.3877000E-01
7.7095001E+02 1.3925000E-01
7.7142999E+02 1.3889000E-01
7.7191998E+02 1.3880000E-01
7.7240002E+02 1.3962001E-01
7.7288000E+02 1.3924000E-01
7.7335999E+02 1.3864000E-01
7.7384003E+02 1.3944000E-01
7.7433002E+02 1.3942000E-01
7.7481000E+02 1.3891000E-01
7.7528998E+02 1.3981999E-01
7.7577002E+02 1.3992000E-01
7.7625000E+02 1.3913000E-01
7.7673999E+02 1.3978000E-01
7.7721997E+02 1.3996001E-01
7.7770001E+02 1.3936999E-01
7.7817999E+02 1.4035000E-01
7.7866998E+02 1.4027999E-01
7.7915002E+02 1.3902000E-01
7.7963000E+02 1.4015999E-01
7.8010999E+02 1.4089000E-01
7.8059003E+02 1.4000000E-01
7.8108002E+02 1.4065000E-01
7.8156000E+02 1.4089000E-01
7.8203998E+02 1.4021000E-01
7.8252002E+02 1.4119001E-01
7.8300000E+02 1.4177001E-01
7.8348999E+02 1.4116000E-01
7.8396997E+02 1.4191000E-01
7.8445001E+02 1.4256001E-01
7.8492999E+02 1.4204000E-01
7.8541998E+02 1.4277001E-01
7.8590002E+02 1.4369000E-01
7.8638000E+02 1.4318000E-01
7.8685999E+02 1.4353999E-01
7.8734003E+02 1.4451000E-01
7.8783002E+02 1.4399000E-01
7.8831000E+02 1.4425001E-01
7.8878998E+02 1.4534999E-01
7.8927002E+02 1.4478999E-01
7.8975000E+02 1.4529000E-01
7.9023999E+02 1.4669000E-01
7.9071997E+02 1.4622000E-01
7.9120001E+02 1.4648999E-01
7.9167999E+02 1.4749999E-01
7.9216998E+02 1.4718001E-01
7.9265002E+02 1.4759000E-01
7.9313000E+02 1.4875001E-01
7.9360999E+02 1.4868000E-01
7.9409003E+02 1.4918999E-01
7.9458002E+02 1.5056001E-01
7.9506000E+02 1.5028000E-01
7.9553998E+02 1.5036000E-01
7.9602002E+02 1.5192001E-01
7.9650000E+02 1.5211000E-01
7.9698999E+02 1.5228000E-01
7.9746997E+02 1.5404999E-01
7.9795001E+02 1.5454000E-01
7.9842999E+02 1.5436999E-01
7.9891998E+02 1.5564001E-01
7.9940002E+02 1.5586001E-01
7.9988000E+02 1.5579000E-01
8.0035999E+02 1.5791000E-01
8.0084003E+02 1.5882000E-01
8.0133002E+02 1.5886000E-01
8.0181000E+02 1.6068999E-01
8.0228998E+02 1.6097000E-01
8.0277002E+02 1.6105001E-01
8.0325000E+02 1.6332000E-01
8.0373999E+02 1.6414000E-01
8.0421997E+02 1.6445000E-01
8.0470001E+02 1.6628000E-01
8.0517999E+02 1.6741000E-01
8.0566998E+02 1.6786000E-01
8.0615002E+02 1.6985001E-01
8.0663000E+02 1.7162000E-01
8.0710999E+02 1.7208999E-01
8.0759003E+02 1.7455000E-01
8.0808002E+02 1.7668000E-01
8.0856000E+02 1.7697001E-01
8.0903998E+02 1.7907000E-01
8.0952002E+02 1.8140000E-01
8.1000000E+02 1.8255000E-01
8.1048999E+02 1.8504000E-01
8.1096997E+02 1.8790001E-01
8.1145001E+02 1.8894000E-01
8.1192999E+02 1.9101000E-01
8.1241998E+02 1.9425000E-01
8.1290002E+02 1.9597000E-01
8.1338000E+02 1.9916999E-01
8.1385999E+02 2.0310999E-01
8.1434003E+02 2.0517001E-01
8.1483002E+02 2.0852999E-01
8.1531000E+02 2.1261001E-01
8.1578998E+02 2.1532001E-01
8.1627002E+02 2.1905001E-01
8.1675000E+02 2.2403000E-01
8.1723999E+02 2.2792999E-01
8.1771997E+02 2.3236001E-01
8.1820001E+02 2.3834001E-01
8.1867999E+02 2.4304000E-01
8.1916998E+02 2.4853000E-01
8.1965002E+02 2.5613999E-01
8.2013000E+02 2.6225001E-01
8.2060999E+02 2.6909000E-01
8.2109003E+02 2.7851000E-01
8.2158002E+02 2.8692001E-01
8.2206000E+02 2.9539999E-01
8.2253998E+02 3.0693001E-01
8.2302002E+02 3.1867999E-01
8.2350000E+02 3.3000001E-01
8.2398999E+02 3.4408000E-01
8.2446997E+02 3.5839999E-01
8.2495001E+02 3.7292001E-01
8.2542999E+02 3.9059001E-01
8.2591998E+02 4.0799001E-01
8.2640002E+02 4.2548999E-01
8.2688000E+02 4.4576001E-01
8.2735999E+02 4.6443000E-01
8.2784003E+02 4.8062000E-01
8.2833002E+02 4.9777001E-01
8.2881000E+02 5.1318997E-01
8.2928998E+02 5.2490997E-01
8.2977002E+02 5.3501999E-01
8.3025000E+02 5.4022998E-01
8.3073999E+02 5.4018003E-01
8.3121997E+02 5.3812999E-01
8.3170001E+02 5.3052002E-01
8.3217999E+02 5.1735997E-01
8.3266998E+02 5.0292999E-01
8.3315002E+02 4.8673001E-01
8.3363000E+02 4.6858999E-01
8.3410999E+02 4.5135000E-01
8.3459003E+02 4.3485999E-01
8.3508002E+02 4.1793001E-01
8.3556000E+02 4.0432999E-01
8.3603998E+02 3.9383000E-01
8.3652002E+02 3.8291001E-01
8.3700000E+02 3.7441999E-01
8.3748999E+02 3.6875001E-01
8.3796997E+02 3.6333999E-01
8.3845001E+02 3.6063001E-01
8.3892999E+02 3.6024001E-01
8.3941998E+02 3.5927999E-01
8.3990002E+02 3.5982001E-01
8.4038000E+02 3.6247000E-01
8.4085999E+02 3.6441001E-01
8.4134003E+02 3.6733001E-01
8.4183002E+02 3.7288001E-01
8.4231000E+02 3.7727001E-01
8.4278998E+02 3.8192999E-01
8.4327002E+02 3.8927001E-01
8.4375000E+02 3.9552999E-01
8.4423999E+02 4.0215001E-01
8.4471997E+02 4.1095999E-01
8.4520001E+02 4.1887000E-01
8.4567999E+02 4.2743999E-01
8.4616998E+02 4.3810001E-01
8.4665002E+02 4.4734001E-01
8.4713000E+02 4.5660999E-01
8.4760999E+02 4.6924001E-01
8.4809003E+02 4.8085001E-01
8.4858002E+02 4.9094000E-01
8.4906000E+02 5.0376999E-01
8.4953998E+02 5.1670003E-01
8.5002002E+02 5.2921999E-01
8.5050000E+02 5.4430997E-01
8.5098999E+02 5.5896997E-01
8.5146997E+02 5.7163000E-01
8.5195001E+02 5.8656001E-01
8.5242999E+02 6.0233998E-01
8.5291998E+02 6.1644000E-01
8.5340002E+02 6.3288999E-01
8.5388000E+02 6.4977998E-01
8.5435999E+02 6.6490000E-01
8.5484003E+02 6.8207997E-01
8.5533002E+02 6.9959003E-01
8.5581000E+02 7.1564001E-01
8.5628998E+02 7.3281997E-01
8.5677002E+02 7.5006002E-01
8.5725000E+02 7.6551002E-01
8.5773999E+02 7.8263003E-01
8.5821997E+02 8.0049998E-01
8.5870001E+02 8.1537002E-01
8.5917999E+02 8.3081001E-01
8.5966998E+02 8.4680998E-01
8.6015002E+02 8.6172998E-01
8.6063000E+02 8.7759000E-01
8.6110999E+02 8.9295000E-01
8.6159003E+02 9.0732002E-01
8.6208002E+02 9.2218000E-01
8.6256000E+02 9.3586999E-01
8.6303998E+02 9.4742000E-01
8.6352002E+02 9.5989001E-01
8.6400000E+02 9.7232997E-01
8.6448999E+02 9.8224002E-01
8.6496997E+02 9.9296999E-01
8.6545001E+02 1.0043000E+00
8.6592999E+02 1.0135000E+00
8.6641998E+02 1.0226001E+00
8.6690002E+02 1.0302000E+00
8.6738000E+02 1.0358000E+00
8.6785999E+02 1.0439000E+00
8.6834003E+02 1.0518000E+00
8.6883002E+02 1.0556999E+00
8.6931000E+02 1.0607001E+00
8.6978998E+02 1.0685000E+00
8.7027002E+02 1.0729001E+00
8.7075000E+02 1.0738000E+00
8.7123999E+02 1.0790000E+00
8.7171997E+02 1.0838000E+00
8.7220001E+02 1.0857000E+00
8.7267999E+02 1.0911000E+00
8.7316998E+02 1.0941000E+00
8.7365002E+02 1.0937999E+00
8.7413000E+02 1.0959001E+00
8.7460999E+02 1.0979000E+00
8.7509003E+02 1.0994999E+00
8.7558002E+02 1.1006000E+00
8.7606000E+02 1.0996000E+00
8.7653998E+02 1.0987000E+00
8.7702002E+02 1.0990000E+00
8.7750000E+02 1.0982000E+00
8.7798999E+02 1.0965000E+00
8.7846997E+02 1.0964000E+00
8.7895001E+02 1.0964000E+00
8.7942999E+02 1.0951000E+00
8.7991998E+02 1.0947000E+00
8.8040002E+02 1.0940000E+00
8.8088000E+02 1.0911000E+00
8.8135999E+02 1.0896000E+00
8.8184003E+02 1.0888000E+00
8.8233002E+02 1.0862000E+00
8.8281000E+02 1.0847000E+00
8.8328998E+02 1.0831000E+00
8.8377002E+02 1.0809000E+00
8.8426001E+02 1.0786999E+00
8.8473999E+02 1.0755000E+00
8.8521997E+02 1.0731000E+00
8.8570001E+02 1.0717000E+00
8.8617999E+02 1.0693001E+00
8.8666998E+02 1.0656000E+00
8.8715002E+02 1.0634000E+00
8.8763000E+02 1.0614001E+00
8.8810999E+02 1.0568000E+00
8.8859003E+02 1.0541000E+00
8.8908002E+02 1.0535001E+00
8.8956000E+02 1.0508000E+00
8.9003998E+02 1.0465000E+00
8.9052002E+02 1.0433000E+00
8.9101001E+02 1.0402000E+00
8.9148999E+02 1.0365000E+00
8.9196997E+02 1.0334001E+00
8.9245001E+02 1.0296000E+00
8.9292999E+02 1.0269001E+00
8.9341998E+02 1.0245000E+00
8.9390002E+02 1.0207000E+00
8.9438000E+02 1.0184000E+00
8.9485999E+02 1.0170000E+00
8.9534003E+02 1.0136000E+00
8.9583002E+02 1.0089999E+00
8.9631000E+02 1.0059000E+00
8.9678998E+02 1.0032001E+00
8.9727002E+02 9.9974000E-01
8.9776001E+02 9.9655002E-01
8.9823999E+02 9.9300998E-01
8.9871997E+02 9.8960000E-01
8.9920001E+02 9.8676997E-01
8.9967999E+02 9.8300999E-01
9.0016998E+02 9.7836000E-01
9.0065002E+02 9.7618002E-01
9.0113000E+02 9.7425002E-01
9.0160999E+02 9.6943003E-01
9.0209003E+02 9.6578997E-01
9.0258002E+02 9.6348000E-01
9.0306000E+02 9.6072000E-01
9.0353998E+02 9.5756000E-01
9.0402002E+02 9.5427001E-01
9.0451001E+02 9.5112002E-01
9.0498999E+02 9.4753999E-01
9.0546997E+02 9.4497001E-01
9.0595001E+02 9.4329000E-01
9.0642999E+02 9.4054002E-01
9.0691998E+02 9.3594003E-01
9.0740002E+02 9.3210000E-01
9.0788000E+02 9.3137002E-01
9.0835999E+02 9.2993999E-01
9.0884003E+02 9.2684001E-01
9.0933002E+02 9.2506999E-01
9.0981000E+02 9.2300999E-01
9.1028998E+02 9.1943997E-01
9.1077002E+02 9.1737998E-01
9.1126001E+02 9.1671997E-01
9.1173999E+02 9.1513997E-01
9.1221997E+02 9.1314000E-01
9.1270001E+02 9.1170001E-01
9.1317999E+02 9.1035998E-01
9.1366998E+02 9.0939999E-01
9.1415002E+02 9.0951002E-01
9.1463000E+02 9.0840000E-01
9.1510999E+02 9.0745002E-01
9.1559003E+02 9.0811002E-01
9.1608002E+02 9.0711999E-01
9.1656000E+02 9.0696001E-01
9.1703998E+02 9.0815997E-01
9.1752002E+02 9.0788001E-01
9.1801001E+02 9.0680999E-01
9.1848999E+02 9.0505999E-01
9.1896997E+02 9.0377003E-01
9.1945001E+02 9.0328997E-01
9.1992999E+02 9.0271002E-01
9.2041998E+02 9.0068001E-01
9.2090002E+02 8.9779001E-01
9.2138000E+02 8.9567000E-01
9.2185999E+02 8.9168000E-01
9.2234003E+02 8.8683999E-01
9.2283002E+02 8.8243002E-01
9.2331000E+02 8.7522000E-01
9.2378998E+02 8.6703998E-01
9.2427002E+02 8.5926002E-01
9.2476001E+02 8.4937000E-01
9.2523999E+02 8.3831000E-01
9.2571997E+02 8.2756001E-01
9.2620001E+02 8.1579000E-01
9.2667999E+02 8.0265999E-01
9.2716998E+02 7.8924000E-01
9.2765002E+02 7.7528000E-01
9.2813000E+02 7.6156002E-01
9.2860999E+02 7.4966002E-01
9.2909003E+02 7.3809999E-01
9.2958002E+02 7.2678000E-01
9.3006000E+02 7.1758002E-01
9.3053998E+02 7.0893002E-01
9.3102002E+02 6.9980001E-01
9.3151001E+02 6.9242001E-01
9.3198999E+02 6.8702000E-01
9.3246997E+02 6.8206000E-01
9.3295001E+02 6.7818999E-01
9.3342999E+02 6.7493999E-01
9.3391998E+02 6.7168999E-01
9.3440002E+02 6.7056000E-01
9.3488000E+02 6.7039001E-01
9.3535999E+02 6.6957998E-01
9.3584003E+02 6.7062002E-01
9.3633002E+02 6.7350000E-01
9.3681000E+02 6.7645001E-01
9.3728998E+02 6.8039000E-01
9.3777002E+02 6.8601000E-01
9.3826001E+02 6.9274002E-01
9.3873999E+02 7.0086998E-01
9.3921997E+02 7.1089000E-01
9.3970001E+02 7.2170001E-01
9.4017999E+02 7.3351002E-01
9.4066998E+02 7.4721998E-01
9.4115002E+02 7.6165003E-01
9.4163000E+02 7.7684999E-01
9.4210999E+02 7.9333001E-01
9.4259003E+02 8.0958998E-01
9.4308002E+02 8.2604003E-01
9.4356000E+02 8.4311002E-01
9.4403998E+02 8.5846001E-01
9.4452002E+02 8.7212002E-01
9.4501001E+02 8.8476002E-01
9.4548999E+02 8.9471000E-01
9.4596997E+02 9.0231001E-01
9.4645001E+02 9.0882999E-01
9.4692999E+02 9.1263002E-01
9.4741998E+02 9.1341001E-01
9.4790002E+02 9.1446000E-01
9.4838000E+02 9.1560000E-01
9.4885999E+02 9.1464001E-01
9.4934003E+02 9.1213000E-01
9.4983002E+02 9.0859997E-01
9.5031000E+02 9.0410000E-01
9.5078998E+02 8.9984000E-01
9.5127002E+02 8.9613003E-01
9.5176001E+02 8.9138001E-01
9.5223999E+02 8.8568997E-01
9.5271997E+02 8.8063002E-01
9.5320001E+02 8.7673998E-01
9.5367999E+02 8.7244999E-01
9.5416998E+02 8.6751002E-01
9.5465002E+02 8.6268002E-01
9.5513000E+02 8.5815001E-01
9.5560999E+02 8.5448003E-01
9.5609003E+02 8.5017997E-01
9.5658002E+02 8.4675997E-01
9.5706000E+02 8.4534001E-01
9.5753998E+02 8.4311998E-01
9.5802002E+02 8.4047002E-01
9.5851001E+02 8.3772999E-01
9.5898999E+02 8.3500999E-01
9.5946997E+02 8.3348000E-01
9.5995001E+02 8.3192998E-01
9.6042999E+02 8.3067000E-01
9.6091998E+02 8.3095002E-01
9.6140002E+02 8.3083999E-01
9.6188000E+02 8.2911003E-01
9.6235999E+02 8.2738000E-01
9.6284003E+02 8.2630002E-01
9.6333002E+02 8.2505000E-01
9.6381000E+02 8.2400000E-01
9.6428998E+02 8.2353997E-01
9.6477002E+02 8.2283002E-01
9.6526001E+02 8.2195002E-01
9.6573999E+02 8.2115000E-01
9.6621997E+02 8.1971997E-01
9.6670001E+02 8.1879002E-01
9.6717999E+02 8.1897002E-01
9.6766998E+02 8.1803000E-01
9.6815002E+02 8.1634003E-01
9.6863000E+02 8.1511998E-01
9.6910999E+02 8.1357002E-01
9.6959003E+02 8.1203002E-01
9.7008002E+02 8.1116998E-01
9.7056000E+02 8.0987000E-01
9.7103998E+02 8.0769998E-01
9.7152002E+02 8.0603999E-01
9.7201001E+02 8.0464000E-01
9.7248999E+02 8.0352002E-01
9.7296997E+02 8.0225003E-01
9.7345001E+02 8.0046999E-01
9.7392999E+02 7.9966998E-01
9.7441998E+02 7.9773003E-01
9.7490002E+02 7.9465002E-01
9.7538000E+02 7.9354000E-01
9.7585999E+02 7.9285997E-01
9.7634003E+02 7.8982002E-01
9.7683002E+02 7.8672999E-01
9.7731000E+02 7.8614002E-01
9.7778998E+02 7.8473002E-01
9.7827002E+02 7.8162998E-01
9.7876001E+02 7.7939999E-01
9.7923999E+02 7.7719998E-01
9.7971997E+02 7.7474999E-01
9.8020001E+02 7.7257001E-01
9.8067999E+02 7.6990998E-01
9.8116998E+02 7.6736999E-01
9.8165002E+02 7.6534998E-01
9.8213000E+02 7.6279002E-01
9.8260999E+02 7.6012999E-01
9.8309003E+02 7.5862002E-01
9.8358002E+02 7.5685000E-01
9.8406000E+02 7.5362003E-01
9.8453998E+02 7.4970001E-01
9.8502002E+02 7.4581999E-01
9.8551001E+02 7.4265999E-01
9.8598999E+02 7.4006999E-01
9.8646997E+02 7.3742998E-01
9.8695001E+02 7.3434001E-01
9.8742999E+02 7.3144001E-01
9.8791998E+02 7.2924000E-01
9.8840002E+02 7.2670001E-01
9.8888000E+02 7.2351998E-01
9.8935999E+02 7.1968001E-01
9.8984003E+02 7.1583003E-01
9.9033002E+02 7.1294999E-01
9.9081000E+02 7.1002001E-01
9.9128998E+02 7.0611000E-01
9.9177002E+02 7.0284998E-01
9.9226001E+02 7.0011002E-01
9.9273999E+02 6.9594997E-01
9.9321997E+02 6.9213998E-01
9.9370001E+02 6.8949997E-01
9.9417999E+02 6.8563002E-01
9.9466998E+02 6.8089002E-01
9.9515002E+02 6.7725998E-01
9.9563000E+02 6.7400002E-01
9.9610999E+02 6.7030001E-01
9.9659003E+02 6.6693002E-01
9.9708002E+02 6.6301000E-01
9.9756000E+02 6.5926999E-01
9.9803998E+02 6.5651000E-01
9.9852002E+02 6.5224999E-01
9.9901001E+02 6.4744997E-01
9.9948999E+02 6.4411998E-01
9.9996997E+02 6.4045000E-01
1.0005000E+03 6.3624001E-01
1.0009000E+03 6.3288999E-01
1.0014000E+03 6.2919003E-01
1.0019000E+03 6.2550998E-01
1.0024000E+03 6.2300998E-01
1.0029000E+03 6.1881000E-01
1.0033000E+03 6.1311001E-01
1.0038000E+03 6.0946000E-01
1.0043000E+03 6.0636997E-01
1.0048000E+03 6.0245001E-01
1.0053000E+03 5.9913999E-01
1.0058000E+03 5.9473997E-01
1.0062000E+03 5.8967000E-01
1.0067000E+03 5.8661002E-01
1.0072000E+03 5.8327001E-01
1.0077000E+03 5.7858002E-01
1.0082000E+03 5.7448000E-01
1.0086000E+03 5.7082999E-01
1.0091000E+03 5.6685001E-01
1.0096000E+03 5.6279999E-01
1.0101000E+03 5.5910999E-01
1.0106000E+03 5.5470997E-01
1.0111000E+03 5.5045998E-01
1.0115000E+03 5.4729003E-01
1.0120000E+03 5.4277003E-01
1.0125000E+03 5.3833997E-01
1.0130000E+03 5.3535998E-01
1.0135000E+03 5.3122002E-01
1.0140000E+03 5.2647001E-01
1.0144000E+03 5.2275002E-01
1.0149000E+03 5.1920998E-01
1.0154000E+03 5.1546001E-01
1.0159000E+03 5.1222003E-01
1.0164000E+03 5.0876999E-01
1.0168000E+03 5.0503999E-01
1.0173000E+03 5.0129998E-01
1.0178000E+03 4.9664000E-01
1.0183000E+03 4.9259999E-01
1.0188000E+03 4.8971999E-01
1.0193000E+03 4.8598000E-01
1.0197000E+03 4.8277000E-01
1.0202000E+03 4.8062000E-01
1.0207000E+03 4.7624001E-01
1.0212000E+03 4.7073001E-01
1.0217000E+03 4.6755999E-01
1.0221000E+03 4.6529001E-01
1.0226000E+03 4.6233001E-01
1.0231000E+03 4.6009001E-01
1.0236000E+03 4.5773000E-01
1.0241000E+03 4.5411000E-01
1.0246000E+03 4.5130000E-01
1.0250000E+03 4.4850001E-01
1.0255000E+03 4.4431999E-01
1.0260000E+03 4.4203001E-01
1.0265000E+03 4.4128999E-01
1.0270000E+03 4.3880999E-01
1.0275000E+03 4.3606001E-01
1.0279000E+03 4.3402001E-01
1.0284000E+03 4.3186000E-01
1.0289000E+03 4.3051001E-01
1.0294000E+03 4.2882001E-01
1.0299000E+03 4.2559999E-01
1.0303000E+03 4.2276999E-01
1.0308000E+03 4.2118999E-01
1.0313000E+03 4.1973001E-01
1.0318000E+03 4.1817001E-01
1.0323000E+03 4.1676000E-01
1.0328000E+03 4.1485000E-01
1.0332000E+03 4.1330001E-01
1.0337000E+03 4.1264999E-01
1.0342000E+03 4.1136000E-01
1.0347000E+03 4.0970999E-01
1.0352000E+03 4.0838000E-01
1.0356000E+03 4.0648001E-01
1.0361000E+03 4.0461001E-01
1.0366000E+03 4.0347001E-01
1.0371000E+03 4.0198001E-01
1.0376000E+03 4.0013999E-01
1.0381000E+03 3.9888999E-01
1.0385000E+03 3.9748999E-01
1.0390000E+03 3.9631999E-01
1.0395000E+03 3.9583999E-01
1.0400000E+03 3.9430001E-01
1.0405000E+03 3.9269999E-01
1.0850000E+03 2.7000001E-01
1.1311000E+03 1.6879000E-01
1.1316000E+03 1.6709000E-01
1.1321000E+03 1.6548000E-01
1.1326000E+03 1.6444001E-01
1.1330000E+03 1.6291000E-01
1.1335000E+03 1.6173001E-01
1.1340000E+03 1.6108000E-01
1.1345000E+03 1.5940000E-01
1.1350000E+03 1.5798999E-01
1.1355000E+03 1.5734001E-01
1.1359000E+03 1.5583000E-01
1.1364000E+03 1.5431000E-01
1.1369000E+03 1.5384001E-01
1.1374000E+03 1.5299000E-01
1.1379000E+03 1.5166999E-01
1.1383000E+03 1.5086000E-01
1.1388000E+03 1.4985999E-01
1.1393000E+03 1.4862999E-01
1.1398000E+03 1.4785001E-01
1.1403000E+03 1.4688000E-01
1.1408000E+03 1.4548001E-01
1.1412000E+03 1.4459001E-01
1.1417000E+03 1.4409000E-01
1.1422000E+03 1.4334001E-01
1.1427000E+03 1.4252999E-01
1.1432000E+03 1.4157000E-01
1.1436000E+03 1.4046000E-01
1.1441000E+03 1.3986000E-01
1.1446000E+03 1.3922000E-01
1.1451000E+03 1.3801999E-01
1.1456000E+03 1.3756999E-01
1.1461000E+03 1.3715000E-01
1.1465000E+03 1.3585000E-01
1.1470000E+03 1.3515000E-01
1.1475000E+03 1.3429999E-01
1.1480000E+03 1.3296001E-01
1.1485000E+03 1.3219000E-01
1.1490000E+03 1.3128000E-01
1.1494000E+03 1.2986000E-01
1.1499000E+03 1.2878001E-01
1.1504000E+03 1.2817000E-01
1.1509000E+03 1.2707999E-01
1.1514000E+03 1.2565000E-01
1.1518000E+03 1.2499000E-01
1.1523000E+03 1.2414000E-01
1.1528000E+03 1.2291000E-01
1.1533000E+03 1.2237000E-01
1.1538000E+03 1.2139000E-01
1.1543000E+03 1.2029000E-01
1.1547000E+03 1.1978000E-01
1.1552000E+03 1.1855000E-01
1.1557000E+03 1.1762000E-01
1.1562000E+03 1.1719000E-01
1.1567000E+03 1.1584000E-01
1.1571000E+03 1.1463000E-01
1.1576000E+03 1.1415000E-01
1.1581000E+03 1.1343000E-01
1.1586000E+03 1.1221000E-01
1.1591000E+03 1.1152000E-01
1.1596000E+03 1.1098000E-01
1.1600000E+03 1.0980000E-01
1.1605000E+03 1.0910000E-01
1.1610000E+03 1.0823000E-01
1.1615000E+03 1.0676000E-01
1.1620000E+03 1.0606000E-01
1.1625000E+03 1.0541000E-01
1.1629000E+03 1.0400000E-01
1.1634000E+03 1.0305000E-01
1.1639000E+03 1.0266000E-01
1.1644000E+03 1.0179000E-01
1.1649000E+03 1.0102000E-01
1.1653000E+03 1.0008000E-01
1.1658000E+03 9.8517001E-02
1.1663000E+03 9.7764999E-02
1.1668000E+03 9.7139001E-02
1.1673000E+03 9.5827997E-02
1.1678000E+03 9.4976999E-02
1.1682000E+03 9.4373003E-02
1.1687000E+03 9.3488999E-02
1.1692000E+03 9.2595004E-02
1.1697000E+03 9.1678001E-02
1.1702000E+03 9.0614997E-02
1.1706000E+03 8.9686997E-02
1.1711000E+03 8.8884003E-02
1.1716000E+03 8.7848999E-02
1.1721000E+03 8.7094001E-02
1.1726000E+03 8.6634003E-02
1.1731000E+03 8.5438997E-02
1.1735000E+03 8.4085003E-02
1.1740000E+03 8.3596997E-02
1.1745000E+03 8.2882002E-02
1.1750000E+03 8.1670001E-02
1.1755000E+03 8.0858000E-02
1.1760000E+03 7.9751000E-02
1.1764000E+03 7.8764997E-02
1.1769000E+03 7.8408003E-02
1.1774000E+03 7.7377997E-02
1.1779000E+03 7.6330997E-02
1.1784000E+03 7.5464003E-02
1.1788000E+03 7.4100003E-02
1.1793000E+03 7.3335998E-02
1.1798000E+03 7.2773002E-02
1.1803000E+03 7.1833998E-02
1.1808000E+03 7.1152002E-02
1.1813000E+03 7.0703998E-02
1.1817000E+03 6.9959998E-02
1.1822000E+03 6.8838999E-02
1.1827000E+03 6.8309002E-02
1.1832000E+03 6.7795001E-02
1.1837000E+03 6.6632003E-02
1.1841000E+03 6.6079997E-02
1.1846000E+03 6.5654002E-02
1.1851000E+03 6.4561002E-02
1.1856000E+03 6.3757002E-02
1.1861000E+03 6.3043997E-02
1.1866000E+03 6.2132001E-02
1.1870000E+03 6.1701000E-02
1.1875000E+03 6.1035000E-02
1.1880000E+03 5.9948999E-02
1.1885000E+03 5.9542999E-02
1.1890000E+03 5.9138998E-02
1.1895000E+03 5.8070000E-02
1.1899000E+03 5.7140999E-02
1.1904000E+03 5.6497000E-02
1.1909000E+03 5.6069002E-02
1.1914000E+03 5.5808999E-02
1.1919000E+03 5.5209000E-02
1.1923000E+03 5.4437999E-02
1.1928000E+03 5.3978000E-02
1.1933000E+03 5.3529002E-02
1.1938000E+03 5.2646998E-02
1.1943000E+03 5.1881000E-02
1.1948000E+03 5.1430002E-02
1.1952000E+03 5.0836999E-02
1.1957000E+03 5.0432999E-02
1.1962000E+03 5.0090998E-02
1.1967000E+03 4.9332000E-02
1.1972000E+03 4.8712999E-02
1.1976000E+03 4.8328001E-02
1.1981000E+03 4.7591001E-02
1.1986000E+03 4.7063999E-02
1.1991000E+03 4.6891998E-02
1.1996000E+03 4.6197001E-02
1.2001000E+03 4.5628000E-02
1.2005000E+03 4.5426998E-02
1.2010000E+03 4.4631001E-02
1.2015000E+03 4.3947000E-02
1.2020000E+03 4.3717001E-02
1.2025000E+03 4.3088999E-02
1.2030000E+03 4.2606998E-02
1.2034000E+03 4.2562999E-02
1.2039000E+03 4.2126998E-02
1.2044000E+03 4.1288000E-02
1.2049000E+03 4.0872000E-02
1.2054000E+03 4.0692002E-02
1.2058000E+03 3.9898999E-02
1.2063000E+03 3.9340001E-02
1.2068000E+03 3.9073002E-02
1.2073000E+03 3.8525999E-02
1.2078000E+03 3.8589001E-02
1.2083000E+03 3.8151000E-02
1.2087000E+03 3.7094001E-02
1.2092000E+03 3.6986999E-02
1.2097000E+03 3.6463998E-02
1.2102000E+03 3.5626002E-02
1.2107000E+03 3.5588998E-02
1.2111000E+03 3.5275999E-02
1.2116000E+03 3.4938999E-02
1.2121000E+03 3.4841999E-02
1.2126000E+03 3.4320001E-02
1.2131000E+03 3.3865999E-02
1.2136000E+03 3.3725999E-02
1.2140000E+03 3.3325002E-02
1.2145000E+03 3.2595001E-02
1.2150000E+03 3.2426000E-02
1.2155000E+03 3.2754000E-02
1.2160000E+03 3.2200001E-02
1.2165000E+03 3.1381000E-02
1.2169000E+03 3.1410001E-02
1.2174000E+03 3.1176999E-02
1.2179000E+03 3.0799000E-02
1.2184000E+03 3.0776000E-02
1.2189000E+03 3.0056000E-02
1.2193000E+03 2.9655000E-02
1.2198000E+03 2.9763000E-02
1.2300000E+03 1.7000001E-02
1.2545000E+03 1.0543000E-02
1.2550000E+03 1.0527000E-02
1.2555000E+03 1.0224000E-02
1.2560000E+03 9.5383003E-03
1.2565000E+03 9.5597003E-03
1.2570000E+03 9.3106003E-03
1.2574000E+03 8.7692998E-03
1.2579000E+03 8.7503996E-03
1.2584000E+03 8.8641001E-03
1.2589000E+03 8.4563997E-03
1.2594000E+03 7.8566000E-03
1.2598000E+03 8.0225002E-03
1.2603000E+03 7.8854002E-03
1.2608000E+03 7.4642999E-03
1.2613000E+03 7.8256000E-03
1.2618000E+03 7.4259001E-03
1.2623000E+03 7.0151999E-03
1.2627000E+03 7.6609999E-03
1.2632000E+03 7.3257000E-03
1.2637000E+03 6.9018998E-03
1.2642000E+03 7.2399001E-03
1.2647000E+03 6.7326999E-03
1.2652000E+03 6.4897002E-03
1.2656000E+03 6.8393000E-03
1.2661000E+03 6.3646999E-03
1.2666000E+03 6.1782999E-03
1.2671000E+03 6.4459001E-03
1.2676000E+03 6.0294000E-03
1.2680000E+03 5.9483000E-03
1.2685000E+03 6.2996000E-03
1.2690000E+03 6.0342001E-03
1.2695000E+03 5.8122999E-03
1.2700000E+03 6.0210000E-03
1.2705000E+03 5.8157002E-03
1.2709000E+03 5.3181001E-03
1.2714000E+03 5.6485999E-03
1.2719000E+03 5.8729001E-03
1.2724000E+03 5.2137999E-03
1.2729000E+03 5.6388001E-03
1.2733000E+03 6.1062998E-03
1.2738000E+03 5.3686001E-03
1.2743000E+03 5.6400001E-03
1.2748000E+03 5.8243000E-03
1.2753000E+03 5.2411999E-03
1.2758000E+03 5.5362000E-03
1.2762000E+03 5.3765001E-03
1.2767000E+03 4.9745999E-03
1.2772000E+03 5.4449998E-03
1.2777000E+03 5.3706998E-03
1.2782000E+03 5.1783998E-03
1.2787000E+03 5.7454999E-03
1.2791000E+03 5.7017002E-03
1.2796000E+03 5.1140999E-03
1.2801000E+03 5.2471999E-03
1.2806000E+03 5.6023002E-03
1.2811000E+03 5.3420002E-03
1.2815000E+03 5.2435002E-03
1.2820000E+03 5.7613999E-03
1.2825000E+03 5.6554000E-03
1.2830000E+03 5.5384999E-03
1.2835000E+03 6.1316001E-03
1.2840000E+03 5.7240999E-03
1.2844000E+03 5.4241000E-03
