Wavenumber	Reflectance									
4000.652747	0.44502									
3998.724087	0.44509									
3996.79473	0.44556									
3994.865958	0.44589									
3992.936655	0.44616									
3991.007621	0.44682									
3989.079019	0.44702									
3987.150053	0.44702									
3985.221047	0.44709									
3983.291843	0.44736									
3981.363239	0.44816									
3979.434442	0.44822									
3977.505615	0.44796									
3975.576602	0.44849									
3973.647722	0.44896									
3971.718505	0.44909									
3969.789741	0.44923									
3967.860961	0.44976									
3965.931695	0.45016									
3964.002575	0.45023									
3962.073762	0.45029									
3960.144629	0.45043									
3958.215807	0.45056									
3956.286985	0.45096									
3954.357853	0.45123									
3952.428726	0.45136									
3950.500076	0.45156									
3948.570657	0.45156									
3946.642031	0.45223									
3944.712954	0.45203									
3942.783897	0.45210									
3940.855017	0.45336									
3938.926162	0.45390									
3936.997179	0.45390									
3935.068071	0.45330									
3933.139925	0.45263									
3931.210886	0.45323									
3929.28173	0.45443									
3927.353234	0.45470									
3925.424164	0.45450									
3923.494987	0.45523									
3921.566167	0.45543									
3919.637399	0.45516									
3917.707611	0.45490									
3915.77865	0.45643									
3913.849595	0.45763									
3911.920757	0.45783									
3909.991679	0.45817									
3908.062669	0.45777									
3906.133731	0.45537									
3904.204868	0.45410									
3902.275624	0.45470									
3900.346612	0.45537									
3898.417683	0.45750									
3896.488687	0.45950									
3894.559931	0.45917									
3892.630962	0.45737									
3890.702086	0.45850									
3888.772852	0.45970									
3886.844927	0.45717									
3884.915893	0.45837									
3882.986663	0.45944									
3881.057992	0.45890									
3879.128979	0.46090									
3877.199778	0.46177									
3875.271143	0.46010									
3873.342176	0.45997									
3871.41273	0.45777									
3869.483708	0.45837									
3867.554812	0.46057									
3865.625746	0.45977									
3863.696813	0.46070									
3861.767865	0.46210									
3859.838905	0.46331									
3857.910085	0.46197									
3855.981705	0.45550									
3854.052876	0.45123									
3852.123749	0.45757									
3850.194774	0.46357									
3848.265952	0.46584									
3846.336991	0.46531									
3844.407894	0.46391									
3842.478958	0.46331									
3840.549746	0.46164									
3838.620848	0.45990									
3836.691679	0.46170									
3834.762831	0.46404									
3832.834011	0.46477									
3830.905076	0.46651									
3828.976029	0.46744									
3827.047166	0.46698									
3825.117758	0.46684									
3823.188541	0.46337									
3821.259662	0.46237									
3819.330833	0.46571									
3817.401909	0.46424									
3815.472895	0.46564									
3813.543793	0.46978									
3811.614752	0.47085									
3809.686792	0.46931									
3807.75788	0.46618									
3805.828893	0.46851									
3803.899834	0.46751									
3801.970995	0.46477									
3800.042089	0.46824									
3798.112976	0.46965									
3796.184091	0.47018									
3794.254429	0.47251									
3792.325865	0.47358									
3790.396674	0.47418									
3788.467866	0.47365									
3786.538869	0.47318									
3784.609831	0.47352									
3782.68104	0.47392									
3780.75207	0.47258									
3778.822782	0.47332									
3776.89375	0.47492									
3774.964691	0.47538									
3773.035893	0.47452									
3771.106933	0.47251									
3769.178096	0.47278									
3767.248962	0.47365									
3765.319957	0.47432									
3763.391936	0.47558									
3761.463059	0.47385									
3759.533896	0.47345									
3757.604876	0.47445									
3755.676	0.47418									
3753.74699	0.46978									
3751.81799	0.46658									
3749.889285	0.46784									
3747.959892	0.47078									
3746.030799	0.46658									
3744.10201	0.46724									
3742.172825	0.47325									
3740.243948	0.47412									
3738.314822	0.47111									
3736.386011	0.46824									
3734.457096	0.46878									
3732.527665	0.46998									
3730.598834	0.47298									
3728.669633	0.47271									
3726.740759	0.47111									
3724.81166	0.47111									
3722.882755	0.47091									
3720.954047	0.47091									
3719.024846	0.47105									
3717.096817	0.47091									
3715.167748	0.46864									
3713.238751	0.46437									
3711.309689	0.46317									
3709.380705	0.46444									
3707.4518	0.46571									
3705.522978	0.46504									
3703.594105	0.46257									
3701.664909	0.46077									
3699.735942	0.46050									
3697.806934	0.45843									
3695.877888	0.45570									
3693.948942	0.45169									
3692.020101	0.44582									
3690.091094	0.43882									
3688.162062	0.43528									
3686.232735	0.43334									
3684.303933	0.42714									
3682.374707	0.41633									
3680.44574	0.39651									
3678.516763	0.36882									
3676.587915	0.34893									
3674.659062	0.35487									
3672.730075	0.36995									
3670.801764	0.38256									
3668.872919	0.39364									
3666.943949	0.39818									
3665.014991	0.39190									
3663.085915	0.37816									
3661.156857	0.36915									
3659.227956	0.37135									
3657.29908	0.37929									
3655.369831	0.38917									
3653.440882	0.39364									
3651.511834	0.39157									
3649.582957	0.38950									
3647.654121	0.38884									
3645.725196	0.38710									
3643.796053	0.38476									
3641.867359	0.38610									
3639.938718	0.38937									
3638.009737	0.39110									
3636.080815	0.39090									
3634.151825	0.39004									
3632.222902	0.38830									
3630.293917	0.38396									
3628.365005	0.38430									
3626.436037	0.38630									
3624.506623	0.38603									
3622.577555	0.38503									
3620.648835	0.38343									
3618.719811	0.38370									
3616.790749	0.38476									
3614.861912	0.38436									
3612.932912	0.38383									
3611.003754	0.38316									
3609.074831	0.38263									
3607.145756	0.38363									
3605.216662	0.38443									
3603.287683	0.38416									
3601.358951	0.38336									
3599.429822	0.38356									
3597.500946	0.38383									
3595.571938	0.38403									
3593.643707	0.38483									
3591.714833	0.38517									
3589.785839	0.38350									
3587.856855	0.38270									
3585.928015	0.38416									
3583.999064	0.38537									
3582.070134	0.38583									
3580.141229	0.38570									
3578.211839	0.38537									
3576.282609	0.38530									
3574.353797	0.38490									
3572.424895	0.38450									
3570.495907	0.38283									
3568.566836	0.38023									
3566.637813	0.37969									
3564.708968	0.38009									
3562.779923	0.37936									
3560.850683	0.37782									
3558.921884	0.37596									
3556.992897	0.37422									
3555.063977	0.37189									
3553.135128	0.36935									
3551.206101	0.36708									
3549.277152	0.36421									
3547.348788	0.36108									
3545.419878	0.35874									
3543.49093	0.35714									
3541.561947	0.35514									
3539.632934	0.35293									
3537.704018	0.35120									
3535.775078	0.34953									
3533.846118	0.34813									
3531.916392	0.34666									
3529.987526	0.34513									
3528.05865	0.34393									
3526.129643	0.34333									
3524.200881	0.34259									
3522.271747	0.34232									
3520.342864	0.34226									
3518.413865	0.34206									
3516.484753	0.34166									
3514.555532	0.34126									
3512.626822	0.34106									
3510.697763	0.34119									
3508.768852	0.34146									
3506.839969	0.34192									
3504.910871	0.34239									
3502.982054	0.34326									
3501.053765	0.34439									
3499.124781	0.34533									
3497.195721	0.34606									
3495.26671	0.34720									
3493.337873	0.34860									
3491.408969	0.35000									
3489.480003	0.35087									
3487.551099	0.35160									
3485.621654	0.35253									
3483.693007	0.35340									
3481.763827	0.35400									
3479.835086	0.35460									
3477.906063	0.35514									
3475.977002	0.35554									
3474.048027	0.35574									
3472.119144	0.35587									
3470.191076	0.35600									
3468.261901	0.35634									
3466.333187	0.35654									
3464.403977	0.35647									
3462.475234	0.35620									
3460.546123	0.35647									
3458.617008	0.35707									
3456.688249	0.35761									
3454.758657	0.35781									
3452.829907	0.35814									
3450.900927	0.35881									
3448.971841	0.35927									
3447.043009	0.35974									
3445.11396	0.36048									
3443.185172	0.36094									
3441.256056	0.36194									
3439.326734	0.36321									
3437.397684	0.36428									
3435.46879	0.36508									
3433.539702	0.36568									
3431.611012	0.36641									
3429.681783	0.36741									
3427.752842	0.36848									
3425.82384	0.36942									
3423.8956	0.37042									
3421.966837	0.37122									
3420.037906	0.37209									
3418.108929	0.37322									
3416.179909	0.37429									
3414.251084	0.37509									
3412.32199	0.37602									
3410.393098	0.37676									
3408.463597	0.37756									
3406.534653	0.37843									
3404.605689	0.37916									
3402.676709	0.37996									
3400.747716	0.38089									
3398.818944	0.38170									
3396.889821	0.38256									
3394.960812	0.38336									
3393.031805	0.38416									
3391.102689	0.38496									
3389.173928	0.38550									
3387.244835	0.38577									
3385.315989	0.38610									
3383.387049	0.38683									
3381.458018	0.38790									
3379.529017	0.38884									
3377.600846	0.38937									
3375.671797	0.38990									
3373.742901	0.39037									
3371.814049	0.39084									
3369.884902	0.39157									
3367.956147	0.39204									
3366.027106	0.39257									
3364.098123	0.39324									
3362.168863	0.39397									
3360.240007	0.39457									
3358.310882	0.39511									
3356.382169	0.39551									
3354.453194	0.39618									
3352.524075	0.39704									
3350.595265	0.39764									
3348.666318	0.39778									
3346.736567	0.39831									
3344.807472	0.39898									
3342.878812	0.39945									
3340.949585	0.40011									
3339.020799	0.40071									
3337.0919	0.40118									
3335.162781	0.40185									
3333.234003	0.40278									
3331.305679	0.40318									
3329.376591	0.40352									
3327.447633	0.40418									
3325.518808	0.40485									
3323.589897	0.40512									
3321.660796	0.40552									
3319.731949	0.40605									
3317.802809	0.40679									
3315.873711	0.40745									
3313.944878	0.40785									
3312.015765	0.40832									
3310.086814	0.40879									
3308.15803	0.40939									
3306.229088	0.40992									
3304.299991	0.41039									
3302.371182	0.41092									
3300.441682	0.41152									
3298.512694	0.41212									
3296.583569	0.41266									
3294.654746	0.41299									
3292.725684	0.41326									
3290.796931	0.41393									
3288.86784	0.41459									
3286.938957	0.41506									
3285.010716	0.41553									
3283.081718	0.41579									
3281.152939	0.41613									
3279.223844	0.41666									
3277.294976	0.41706									
3275.366015	0.41753									
3273.437073	0.41793									
3271.508047	0.41820									
3269.578835	0.41846									
3267.649868	0.41906									
3265.721042	0.41953									
3263.792043	0.41993									
3261.86298	0.42027									
3259.934177	0.42053									
3258.005106	0.42060									
3256.07609	0.42093									
3254.147875	0.42127									
3252.218769	0.42167									
3250.289836	0.42193									
3248.360869	0.42213									
3246.431871	0.42247									
3244.502952	0.42307									
3242.573906	0.42353									
3240.645052	0.42374									
3238.715449	0.42407									
3236.786781	0.42454									
3234.857583	0.42480									
3232.928698	0.42514									
3230.999815	0.42547									
3229.070834	0.42580									
3227.141864	0.42627									
3225.213012	0.42680									
3223.28366	0.42707									
3221.354747	0.42734									
3219.425757	0.42761									
3217.496799	0.42787									
3215.567773	0.42827									
3213.638889	0.42881									
3211.709946	0.42927									
3209.78105	0.42974									
3207.852721	0.43047									
3205.923829	0.43108									
3203.994997	0.43134									
3202.066024	0.43161									
3200.137017	0.43208									
3198.208082	0.43254									
3196.27902	0.43314									
3194.350038	0.43374									
3192.420632	0.43421									
3190.491722	0.43455									
3188.562804	0.43481									
3186.633678	0.43515									
3184.704856	0.43548									
3182.775836	0.43601									
3180.847026	0.43675									
3178.917925	0.43708									
3176.98874	0.43741									
3175.059879	0.43802									
3173.130842	0.43862									
3171.201935	0.43908									
3169.272961	0.43948									
3167.344024	0.44002									
3165.41503	0.44048									
3163.486182	0.44075									
3161.557484	0.44115									
3159.628641	0.44182									
3157.699757	0.44229									
3155.770737	0.44282									
3153.841785	0.44335									
3151.912804	0.44362									
3149.9839	0.44389									
3148.054878	0.44449									
3146.125644	0.44496									
3144.196696	0.44522									
3142.267743	0.44582									
3140.338789	0.44636									
3138.409837	0.44662									
3136.480991	0.44696									
3134.552058	0.44742									
3132.622944	0.44796									
3130.69395	0.44843									
3128.76498	0.44869									
3126.835941	0.44903									
3124.907034	0.44943									
3122.977969	0.44989									
3121.049142	0.45036									
3119.120166	0.45063									
3117.191047	0.45103									
3115.262662	0.45156									
3113.333658	0.45216									
3111.404814	0.45250									
3109.475941	0.45290									
3107.546948	0.45330									
3105.617839	0.45363									
3103.689101	0.45383									
3101.759967	0.45430									
3099.830923	0.45490									
3097.901974	0.45516									
3095.972932	0.45550									
3094.043993	0.45590									
3092.114971	0.45637									
3090.18606	0.45677									
3088.257075	0.45697									
3086.328211	0.45717									
3084.398805	0.45777									
3082.470005	0.45810									
3080.540864	0.45850									
3078.611956	0.45877									
3076.68319	0.45910									
3074.754098	0.45970									
3072.825157	0.45997									
3070.896183	0.46030									
3068.967558	0.46070									
3067.038531	0.46104									
3065.109673	0.46150									
3063.180706	0.46190									
3061.251729	0.46217									
3059.322746	0.46257									
3057.393763	0.46304									
3055.464783	0.46324									
3053.535718	0.46357									
3051.606666	0.46411									
3049.677632	0.46431									
3047.748806	0.46437									
3045.819821	0.46471									
3043.89096	0.46511									
3041.961949	0.46537									
3040.032978	0.46564									
3038.104699	0.46584									
3036.17573	0.46618									
3034.246816	0.46658									
3032.31796	0.46671									
3030.388891	0.46684									
3028.459891	0.46698									
3026.530964	0.46698									
3024.602022	0.46718									
3022.672797	0.46738									
3020.743841	0.46751									
3018.814885	0.46758									
3016.886115	0.46764									
3014.957081	0.46784									
3013.027971	0.46798									
3011.099152	0.46798									
3009.170266	0.46811									
3007.240774	0.46818									
3005.311859	0.46824									
3003.3828	0.46798									
3001.453874	0.46764									
2999.524815	0.46724									
2997.595988	0.46658									
2995.666948	0.46557									
2993.738058	0.46424									
2991.809771	0.46271									
2989.880749	0.46104									
2987.951891	0.45977									
2986.022934	0.45890									
2984.093973	0.45850									
2982.165102	0.45857									
2980.236058	0.45883									
2978.307113	0.45950									
2976.377651	0.46004									
2974.448653	0.46037									
2972.519857	0.46090									
2970.590824	0.46130									
2968.661914	0.46144									
2966.732867	0.46157									
2964.803952	0.46177									
2962.875086	0.46197									
2960.945572	0.46224									
2959.016643	0.46244									
2957.087515	0.46264									
2955.158717	0.46297									
2953.229818	0.46331									
2951.300821	0.46371									
2949.371821	0.46397									
2947.442821	0.46437									
2945.514694	0.46457									
2943.585622	0.46464									
2941.656826	0.46471									
2939.72779	0.46477									
2937.798866	0.46491									
2935.8698	0.46477									
2933.940855	0.46484									
2932.011864	0.46491									
2930.082832	0.46504									
2928.153851	0.46537									
2926.224753	0.46571									
2924.295972	0.46618									
2922.366914	0.46671									
2920.437926	0.46724									
2918.509012	0.46798									
2916.580008	0.46871									
2914.651003	0.46911									
2912.721834	0.46931									
2910.793014	0.46958									
2908.863954	0.46991									
2906.934999	0.47025									
2905.006154	0.47038									
2903.077169	0.47045									
2901.148219	0.47051									
2899.219646	0.47065									
2897.290697	0.47078									
2895.361882	0.47071									
2893.432787	0.47045									
2891.50392	0.47025									
2889.575035	0.46958									
2887.645969	0.46871									
2885.717063	0.46758									
2883.787488	0.46618									
2881.858582	0.46464									
2879.929684	0.46311									
2878.000798	0.46204									
2876.071765	0.46150									
2874.14292	0.46144									
2872.213856	0.46184									
2870.284908	0.46251									
2868.356739	0.46324									
2866.427626	0.46417									
2864.498808	0.46477									
2862.569799	0.46524									
2860.640931	0.46604									
2858.7118	0.46711									
2856.783066	0.46804									
2854.853917	0.46898									
2852.924523	0.46991									
2850.995541	0.47105									
2849.06673	0.47251									
2847.137771	0.47372									
2845.208751	0.47472									
2843.279837	0.47592									
2841.350792	0.47752									
2839.421863	0.47905									
2837.492734	0.48046									
2835.563731	0.48166									
2833.63478	0.48286									
2831.705806	0.48393									
2829.776813	0.48473									
2827.847968	0.48533									
2825.918876	0.48619									
2823.989941	0.48699									
2822.061807	0.48746									
2820.132804	0.48780									
2818.203816	0.48813									
2816.274847	0.48853									
2814.345982	0.48886									
2812.41699	0.48933									
2810.488033	0.48973									
2808.559039	0.49000									
2806.629855	0.49020									
2804.700881	0.49046									
2802.771964	0.49060									
2800.84311	0.49087									
2798.914089	0.49107									
2796.985063	0.49153									
2795.056116	0.49187									
2793.127253	0.49213									
2791.197701	0.49253									
2789.268713	0.49287									
2787.339824	0.49313									
2785.410887	0.49313									
2783.481983	0.49333									
2781.552963	0.49373									
2779.624066	0.49393									
2777.695064	0.49414									
2775.766581	0.49420									
2773.837618	0.49440									
2771.908723	0.49454									
2769.979823	0.49467									
2768.050847	0.49487									
2766.121802	0.49527									
2764.192921	0.49540									
2762.26383	0.49547									
2760.334686	0.49554									
2758.405724	0.49554									
2756.476873	0.49567									
2754.547834	0.49580									
2752.618993	0.49600									
2750.689901	0.49607									
2748.761092	0.49627									
2746.832044	0.49647									
2744.902613	0.49647									
2742.973633	0.49660									
2741.044658	0.49687									
2739.115692	0.49700									
2737.186743	0.49700									
2735.257815	0.49700									
2733.32884	0.49707									
2731.399823	0.49720									
2729.471664	0.49740									
2727.542804	0.49761									
2725.613844	0.49767									
2723.684718	0.49761									
2721.755951	0.49761									
2719.82688	0.49781									
2717.89803	0.49807									
2715.968963	0.49807									
2714.039834	0.49794									
2712.110795	0.49787									
2710.181852	0.49801									
2708.252864	0.49821									
2706.324057	0.49814									
2704.394923	0.49821									
2702.465981	0.49834									
2700.537018	0.49861									
2698.607675	0.49867									
2696.678687	0.49867									
2694.74984	0.49867									
2692.820778	0.49861									
2690.891942	0.49854									
2688.962902	0.49867									
2687.033882	0.49887									
2685.105032	0.49881									
2683.176718	0.49867									
2681.247721	0.49861									
2679.318839	0.49874									
2677.389935	0.49894									
2675.460871	0.49907									
2673.53194	0.49887									
2671.603005	0.49867									
2669.674001	0.49887									
2667.74472	0.49881									
2665.815667	0.49867									
2663.886706	0.49861									
2661.957841	0.49861									
2660.028866	0.49854									
2658.099859	0.49861									
2656.170896	0.49847									
2654.241983	0.49847									
2652.313759	0.49841									
2650.384682	0.49834									
2648.455744	0.49801									
2646.526949	0.49774									
2644.597885	0.49767									
2642.668907	0.49767									
2640.740022	0.49754									
2638.810956	0.49720									
2636.881925	0.49674									
2634.952866	0.49620									
2633.023993	0.49567									
2631.094964	0.49500									
2629.165996	0.49420									
2627.237023	0.49360									
2625.308054	0.49293									
2623.379162	0.49233									
2621.449666	0.49167									
2619.520742	0.49087									
2617.591845	0.49000									
2615.662845	0.48933									
2613.733886	0.48866									
2611.804904	0.48786									
2609.875974	0.48699									
2607.946967	0.48626									
2606.018704	0.48539									
2604.089765	0.48466									
2602.160902	0.48413									
2600.231852	0.48373									
2598.302892	0.48346									
2596.373961	0.48319									
2594.445132	0.48292									
2592.516075	0.48259									
2590.586596	0.48246									
2588.657708	0.48226									
2586.72868	0.48186									
2584.799785	0.48186									
2582.870829	0.48186									
2580.941953	0.48172									
2579.012962	0.48159									
2577.084063	0.48139									
2575.154798	0.48119									
2573.225771	0.48119									
2571.296789	0.48092									
2569.367924	0.48079									
2567.438918	0.48066									
2565.509977	0.48052									
2563.581105	0.48026									
2561.65218	0.48006									
2559.723599	0.47979									
2557.794714	0.47965									
2555.86573	0.47939									
2553.936717	0.47905									
2552.007814	0.47865									
2550.078896	0.47819									
2548.149969	0.47759									
2546.220976	0.47705									
2544.291795	0.47652									
2542.36282	0.47585									
2540.433798	0.47478									
2538.504802	0.47305									
2536.575967	0.47071									
2534.647041	0.46791									
2532.718096	0.46497									
2530.78901	0.46197									
2528.859854	0.45904									
2526.930892	0.45643									
2525.001938	0.45403									
2523.072934	0.45190									
2521.144015	0.45016									
2519.215124	0.44896									
2517.286204	0.44796									
2515.357199	0.44716									
2513.428684	0.44682									
2511.499718	0.44709									
2509.570876	0.44802									
2507.641788	0.44969									
2505.712837	0.45203									
2503.783906	0.45490									
2501.854938	0.45803									
2499.926065	0.46124									
2497.996482	0.46417									
2496.067508	0.46698									
2494.138525	0.46965									
2492.209602	0.47185									
2490.280684	0.47345									
2488.351776	0.47485									
2486.422888	0.47618									
2484.493777	0.47745									
2482.565563	0.47879									
2480.636585	0.48012									
2478.707653	0.48146									
2476.778775	0.48272									
2474.850017	0.48379									
2472.92102	0.48479									
2470.991792	0.48573									
2469.063011	0.48639									
2467.133708	0.48679									
2465.204866	0.48720									
2463.275821	0.48760									
2461.346946	0.48786									
2459.417883	0.48800									
2457.488943	0.48813									
2455.560132	0.48813									
2453.630975	0.48820									
2451.701962	0.48826									
2449.773098	0.48846									
2447.844092	0.48853									
2445.91501	0.48846									
2443.986159	0.48853									
2442.057187	0.48860									
2440.128102	0.48860									
2438.199268	0.48866									
2436.270632	0.48833									
2434.341667	0.48820									
2432.412914	0.48833									
2430.483848	0.48840									
2428.555067	0.48813									
2426.62593	0.48800									
2424.697033	0.48780									
2422.768148	0.48766									
2420.838989	0.48746									
2418.909798	0.48760									
2416.980935	0.48740									
2415.052053	0.48726									
2413.122929	0.48713									
2411.194094	0.48699									
2409.265089	0.48699									
2407.336039	0.48673									
2405.406546	0.48646									
2403.477601	0.48639									
2401.548518	0.48619									
2399.619766	0.48599									
2397.690774	0.48586									
2395.761668	0.48553									
2393.832855	0.48533									
2391.903941	0.48519									
2389.97562	0.48479									
2388.046642	0.48439									
2386.117758	0.48413									
2384.188804	0.48379									
2382.259618	0.48339									
2380.330945	0.48259									
2378.401828	0.48139									
2376.472899	0.47999									
2374.543544	0.47839									
2372.61473	0.47679									
2370.685731	0.47512									
2368.756724	0.47358									
2366.827885	0.47245									
2364.898996	0.47158									
2362.970066	0.47091									
2361.041047	0.47051									
2359.11178	0.47051									
2357.182997	0.47111									
2355.253925	0.47211									
2353.324796	0.47358									
2351.396005	0.47538									
2349.467171	0.47638									
2347.538083	0.47512									
2345.609244	0.47305									
2343.68099	0.47158									
2341.751955	0.47078									
2339.822973	0.47018									
2337.89405	0.46978									
2335.965195	0.46951									
2334.036143	0.46938									
2332.107119	0.46938									
2330.178187	0.46938									
2328.248865	0.46951									
2326.319867	0.46985									
2324.390983	0.47005									
2322.461951	0.47025									
2320.532995	0.47058									
2318.603961	0.47085									
2316.675019	0.47105									
2314.746015	0.47138									
2312.816584	0.47151									
2310.88759	0.47158									
2308.958772	0.47165									
2307.029871	0.47171									
2305.100896	0.47151									
2303.171855	0.47138									
2301.243021	0.47118									
2299.313873	0.47091									
2297.385688	0.47065									
2295.456729	0.47038									
2293.527745	0.46998									
2291.599007	0.46971									
2289.669946	0.46938									
2287.740937	0.46904									
2285.811936	0.46864									
2283.882951	0.46824									
2281.95347	0.46778									
2280.024543	0.46744									
2278.095657	0.46698									
2276.166819	0.46651									
2274.23778	0.46598									
2272.308858	0.46557									
2270.379958	0.46511									
2268.450882	0.46457									
2266.522667	0.46404									
2264.593778	0.46371									
2262.664791	0.46324									
2260.735918	0.46284									
2258.806913	0.46230									
2256.878039	0.46177									
2254.949049	0.46124									
2253.019954	0.46077									
2251.090811	0.46044									
2249.161833	0.45990									
2247.233027	0.45930									
2245.303896	0.45883									
2243.374955	0.45823									
2241.445959	0.45757									
2239.516967	0.45710									
2237.588188	0.45657									
2235.65888	0.45590									
2233.730052	0.45530									
2231.801013	0.45463									
2229.871971	0.45410									
2227.943184	0.45343									
2226.014163	0.45276									
2224.085215	0.45203									
2222.156298	0.45136									
2220.227668	0.45056									
2218.298594	0.44976									
2216.369627	0.44869									
2214.440727	0.44762									
2212.511705	0.44662									
2210.582767	0.44556									
2208.653921	0.44415									
2206.724932	0.44269									
2204.795616	0.44102									
2202.866709	0.43915									
2200.937639	0.43728									
2199.008753	0.43535									
2197.079817	0.43341									
2195.150793	0.43141									
2193.221931	0.42941									
2191.292998	0.42741									
2189.36386	0.42540									
2187.434862	0.42360									
2185.505869	0.42180									
2183.57689	0.42000									
2181.647886	0.41826									
2179.719104	0.41653									
2177.790125	0.41453									
2175.861149	0.41259									
2173.932703	0.41046									
2172.003569	0.40839									
2170.074747	0.40625									
2168.145776	0.40418									
2166.216852	0.40198									
2164.287797	0.39978									
2162.358808	0.39758									
2160.429894	0.39531									
2158.500692	0.39304									
2156.571815	0.39070									
2154.642808	0.38830									
2152.713773	0.38610									
2150.784813	0.38370									
2148.856074	0.38123									
2146.927011	0.37896									
2144.998096	0.37662									
2143.06874	0.37456									
2141.139781	0.37275									
2139.211041	0.37109									
2137.282027	0.36948									
2135.353024	0.36802									
2133.424041	0.36675									
2131.495086	0.36535									
2129.566125	0.36388									
2127.637664	0.36241									
2125.708762	0.36068									
2123.779745	0.35894									
2121.85076	0.35707									
2119.92186	0.35500									
2117.99283	0.35287									
2116.063904	0.35080									
2114.135048	0.34866									
2112.205466	0.34640									
2110.276642	0.34439									
2108.347737	0.34232									
2106.418761	0.34032									
2104.489725	0.33825									
2102.560858	0.33619									
2100.631906	0.33418									
2098.702922	0.33238									
2096.77374	0.33065									
2094.844723	0.32891									
2092.915748	0.32731									
2090.986737	0.32571									
2089.057961	0.32424									
2087.128995	0.32277									
2085.200065	0.32137									
2083.270965	0.31990									
2081.342746	0.31817									
2079.413768	0.31663									
2077.484867	0.31510									
2075.555836	0.31343									
2073.626902	0.31163									
2071.698073	0.30989									
2069.768973	0.30803									
2067.84017	0.30622									
2065.910691	0.30449									
2063.981742	0.30282									
2062.052777	0.30115									
2060.123764	0.29955									
2058.194884	0.29795									
2056.265807	0.29628									
2054.336966	0.29475									
2052.407865	0.29328									
2050.479399	0.29181									
2048.550566	0.29041									
2046.621715	0.28901									
2044.69273	0.28767									
2042.763831	0.28640									
2040.834777	0.28534									
2038.905955	0.28420									
2036.976833	0.28320									
2035.047631	0.28247									
2033.118732	0.28173									
2031.189731	0.28093									
2029.260846	0.28013									
2027.331921	0.27946									
2025.402928	0.27873									
2023.47408	0.27793									
2021.54502	0.27733									
2019.61572	0.27646									
2017.6868	0.27559									
2015.757702	0.27479									
2013.828842	0.27419									
2011.899946	0.27346									
2009.970903	0.27259									
2008.041927	0.27172									
2006.112987	0.27086									
2004.184497	0.26992									
2002.255701	0.26899									
2000.326573	0.26799									
1998.397765	0.26685									
1996.468686	0.26559									
1994.539708	0.26418									
1992.610881	0.26265									
1990.681976	0.26138									
1988.752649	0.25985									
1986.823664	0.25818									
1984.894674	0.25651									
1982.965887	0.25471									
1981.036881	0.25271									
1979.107904	0.25064									
1977.178965	0.24877									
1975.250038	0.24703									
1973.320782	0.24557									
1971.391793	0.24430									
1969.462848	0.24316									
1967.533997	0.24230									
1965.605056	0.24196									
1963.676038	0.24176									
1961.747108	0.24196									
1959.818123	0.24236									
1957.88967	0.24283									
1955.960761	0.24350									
1954.031678	0.24443									
1952.102777	0.24537									
1950.173838	0.24617									
1948.244913	0.24710									
1946.315822	0.24817									
1944.386955	0.24897									
1942.457758	0.24977									
1940.528808	0.25110									
1938.599926	0.25224									
1936.670938	0.25331									
1934.742004	0.25424									
1932.813023	0.25524									
1930.88397	0.25611									
1928.955043	0.25711									
1927.025695	0.25811									
1925.096868	0.25891									
1923.16783	0.25978									
1921.238926	0.26085									
1919.309908	0.26118									
1917.381048	0.26191									
1915.452024	0.26305									
1913.52307	0.26365									
1911.594636	0.26378									
1909.665599	0.26365									
1907.736629	0.26365									
1905.807776	0.26352									
1903.878795	0.26312									
1901.949772	0.26272									
1900.020864	0.26225									
1898.091901	0.26158									
1896.162717	0.26091									
1894.233718	0.26058									
1892.30488	0.26005									
1890.375892	0.25925									
1888.446875	0.25918									
1886.517947	0.25945									
1884.589013	0.25965									
1882.659979	0.25991									
1880.731706	0.26018									
1878.802791	0.26065									
1876.873812	0.26118									
1874.944783	0.26178									
1873.015856	0.26238									
1871.086902	0.26238									
1869.1579	0.26252									
1867.229071	0.26418									
1865.299556	0.26619									
1863.370553	0.26772									
1861.441724	0.26912									
1859.512769	0.27059									
1857.583702	0.27219									
1855.654845	0.27399									
1853.7259	0.27566									
1851.796881	0.27740									
1849.867766	0.27873									
1847.938773	0.28000									
1846.009914	0.28040									
1844.080861	0.28133									
1842.151933	0.28440									
1840.223006	0.28674									
1838.294092	0.28827									
1836.365172	0.28981									
1834.436796	0.29141									
1832.507831	0.29234									
1830.578898	0.29254									
1828.649875	0.29435									
1826.720941	0.29595									
1824.791945	0.29708									
1822.863063	0.29888									
1820.934144	0.30002									
1819.004703	0.30082									
1817.075748	0.30142									
1815.146794	0.30195									
1813.21769	0.30189									
1811.288778	0.30142									
1809.359906	0.30102									
1807.430956	0.30022									
1805.501877	0.29815									
1803.572585	0.29441									
1801.643712	0.28941									
1799.714749	0.28534									
1797.785775	0.28380									
1795.856804	0.28320									
1793.927784	0.28213									
1791.998954	0.28400									
1790.069973	0.28987									
1788.141784	0.29481									
1786.212735	0.29748									
1784.283895	0.29968									
1782.354802	0.30142									
1780.425975	0.30255									
1778.496923	0.30395									
1776.568006	0.30469									
1774.639049	0.30395									
1772.709625	0.30269									
1770.78066	0.30436									
1768.851696	0.30576									
1766.922778	0.30676									
1764.993763	0.30736									
1763.064791	0.30629									
1761.135904	0.30609									
1759.206933	0.30669									
1757.277642	0.30609									
1755.348604	0.30616									
1753.419677	0.30509									
1751.490751	0.30302									
1749.56184	0.30262									
1747.632775	0.30269									
1745.703906	0.30235									
1743.774972	0.30129									
1741.846777	0.29962									
1739.917816	0.29768									
1737.988924	0.29715									
1736.059873	0.29401									
1734.13095	0.29034									
1732.201988	0.29108									
1730.273032	0.29061									
1728.344095	0.28914									
1726.414655	0.28727									
1724.485653	0.28480									
1722.556713	0.28227									
1720.62785	0.27893									
1718.698812	0.27379									
1716.76988	0.27106									
1714.840921	0.27066									
1712.911949	0.26999									
1710.982687	0.26852									
1709.053764	0.26652									
1707.124697	0.26405									
1705.195851	0.26205									
1703.266775	0.26045									
1701.337949	0.25584									
1699.408923	0.25451									
1697.480003	0.25417									
1695.551747	0.25217									
1693.622819	0.25251									
1691.693896	0.25064									
1689.76488	0.24757									
1687.835927	0.24403									
1685.907024	0.23836									
1683.978045	0.23349									
1682.049033	0.23255									
1680.119608	0.22988									
1678.19069	0.22601									
1676.261785	0.22061									
1674.332739	0.21687									
1672.403764	0.21374									
1670.47482	0.20933									
1668.545922	0.20626									
1666.617001	0.20453									
1664.688545	0.20146									
1662.75968	0.19852									
1660.830674	0.19719									
1658.90168	0.19612									
1656.972714	0.19405									
1655.043791	0.19011									
1653.114926	0.18704									
1651.185864	0.18951									
1649.256755	0.18971									
1647.327753	0.18738									
1645.398872	0.18684									
1643.469857	0.18718									
1641.540859	0.18604									
1639.611895	0.18451									
1637.683007	0.18197									
1635.75405	0.17997									
1633.82464	0.18104									
1631.895755	0.18204									
1629.966823	0.18164									
1628.037807	0.18144									
1626.108909	0.18164									
1624.179933	0.18124									
1622.251002	0.18157									
1620.322027	0.18224									
1618.393626	0.18117									
1616.464689	0.18037									
1614.535782	0.18151									
1612.606844	0.18171									
1610.677841	0.18111									
1608.748865	0.18064									
1606.819961	0.18010									
1604.891014	0.17944									
1602.96176	0.17870									
1601.032884	0.17804									
1599.103888	0.17723									
1597.174917	0.17630									
1595.245988	0.17537									
1593.316966	0.17463									
1591.388044	0.17390									
1589.459064	0.17323									
1587.529713	0.17283									
1585.600741	0.17243									
1583.671761	0.17203									
1581.742841	0.17163									
1579.813846	0.17103									
1577.88492	0.16929									
1575.955955	0.16809									
1574.026968	0.16896									
1572.098595	0.16829									
1570.169616	0.16622									
1568.240717	0.16549									
1566.311717	0.16476									
1564.382808	0.16322									
1562.453883	0.16115									
1560.524936	0.15695									
1558.595985	0.15455									
1556.666732	0.15521									
1554.737729	0.15448									
1552.808823	0.15335									
1550.879863	0.15181									
1548.950987	0.15014									
1547.021997	0.14841									
1545.09303	0.14594									
1543.164106	0.14347									
1541.23467	0.14060									
1539.305646	0.13973									
1537.376695	0.14067									
1535.447738	0.13987									
1533.518819	0.13813									
1531.58979	0.13793									
1529.660835	0.13753									
1527.731925	0.13653									
1525.803682	0.13540									
1523.874751	0.13439									
1521.945827	0.13293									
1520.016813	0.13293									
1518.087865	0.13286									
1516.15898	0.13239									
1514.229946	0.13206									
1512.301034	0.13106									
1510.371806	0.12966									
1508.44283	0.12725									
1506.513895	0.12525									
1504.584929	0.12559									
1502.656042	0.12565									
1500.72705	0.12452									
1498.798084	0.12292									
1496.869141	0.12192									
1494.939749	0.12192									
1493.010732	0.12172									
1491.081817	0.12085									
1489.152803	0.12071									
1487.223928	0.12125									
1485.294883	0.12192									
1483.365994	0.12232									
1481.436994	0.12245									
1479.508628	0.12258									
1477.579752	0.12245									
1475.650715	0.12192									
1473.721823	0.12138									
1471.792833	0.12158									
1469.863917	0.12252									
1467.934921	0.12245									
1466.005953	0.12172									
1464.076625	0.12138									
1462.147687	0.12158									
1460.21875	0.12078									
1458.289812	0.11911									
1456.360811	0.11891									
1454.431871	0.12025									
1452.502887	0.12051									
1450.574004	0.12045									
1448.645747	0.12011									
1446.716812	0.12025									
1444.78783	0.12045									
1442.858906	0.12038									
1440.929893	0.12011									
1439.000999	0.11945									
1437.072038	0.11851									
1435.143051	0.11891									
1433.213628	0.11925									
1431.284715	0.11918									
1429.355716	0.11925									
1427.426775	0.11965									
1425.497791	0.11945									
1423.568885	0.11945									
1421.639898	0.11931									
1419.710952	0.11885									
1417.781665	0.11965									
1415.852642	0.12071									
1413.923704	0.12125									
1411.994791	0.12178									
1410.065845	0.12225									
1408.136848	0.12265									
1406.207842	0.12278									
1404.278947	0.12285									
1402.350834	0.12292									
1400.421829	0.12285									
1398.492903	0.12318									
1396.563997	0.12378									
1394.635018	0.12458									
1392.706083	0.12625									
1390.777139	0.12752									
1388.848188	0.12819									
1386.918694	0.12912									
1384.98972	0.13046									
1383.060824	0.13126									
1381.13182	0.13193									
1379.202843	0.13253									
1377.273917	0.13306									
1375.344969	0.13319									
1373.416003	0.13379									
1371.486722	0.13453									
1369.557734	0.13519									
1367.628739	0.13586									
1365.699837	0.13640									
1363.770862	0.13666									
1361.841933	0.13713									
1359.912978	0.13786									
1357.984039	0.13813									
1356.055821	0.13806									
1354.126781	0.13800									
1352.197919	0.13760									
1350.268965	0.13700									
1348.339943	0.13640									
1346.411005	0.13573									
1344.482047	0.13493									
1342.553111	0.13386									
1340.623609	0.13246									
1338.694699	0.13139									
1336.765702	0.13059									
1334.836822	0.12966									
1332.907834	0.12846									
1330.97892	0.12725									
1329.049929	0.12599									
1327.120974	0.12465									
1325.191674	0.12325									
1323.262704	0.12198									
1321.333773	0.12058									
1319.404816	0.11925									
1317.47586	0.11811									
1315.546911	0.11698									
1313.617925	0.11584									
1311.688927	0.11464									
1309.760766	0.11364									
1307.831816	0.11271									
1305.902844	0.11164									
1303.973892	0.11044									
1302.044882	0.10910									
1300.115926	0.10770									
1298.186981	0.10623									
1296.258054	0.10483									
1294.328703	0.10350									
1292.399742	0.10210									
1290.470827	0.10056									
1288.541866	0.09896									
1286.612902	0.09723									
1284.683945	0.09576									
1282.754972	0.09416									
1280.826073	0.09249									
1278.897668	0.09102									
1276.96875	0.08969									
1275.039773	0.08842									
1273.110877	0.08715									
1271.181878	0.08568									
1269.252949	0.08421									
1267.32397	0.08288									
1265.395049	0.08168									
1263.465829	0.08041									
1261.536849	0.07921									
1259.607943	0.07774									
1257.678963	0.07641									
1255.750017	0.07500									
1253.821051	0.07367									
1251.89211	0.07207									
1249.963189	0.07053									
1248.033754	0.06900									
1246.104801	0.06746									
1244.175733	0.06580									
1242.246889	0.06439									
1240.317846	0.06326									
1238.388958	0.06213									
1236.459914	0.06086									
1234.531063	0.05972									
1232.602722	0.05852									
1230.673746	0.05752									
1228.744758	0.05645									
1226.815774	0.05519									
1224.886819	0.05378									
1222.957939	0.05245									
1221.028862	0.05132									
1219.099916	0.05011									
1217.170833	0.04865									
1215.241791	0.04731									
1213.312818	0.04604									
1211.383942	0.04471									
1209.454914	0.04317									
1207.526027	0.04211									
1205.597062	0.04111									
1203.668019	0.04017									
1201.738671	0.03904									
1199.809739	0.03824									
1197.88069	0.03750									
1195.951827	0.03690									
1194.022779	0.03617									
1192.093848	0.03550									
1190.16492	0.03497									
1188.235899	0.03457									
1186.307759	0.03403									
1184.378769	0.03377									
1182.449764	0.03363									
1180.520942	0.03363									
1178.591887	0.03370									
1176.662938	0.03397									
1174.733972	0.03437									
1172.805021	0.03510									
1170.875731	0.03590									
1168.946779	0.03717									
1167.017799	0.03850									
1165.088849	0.04004									
1163.159933	0.04164									
1161.230962	0.04404									
1159.301981	0.04738									
1157.372994	0.05192									
1155.443675	0.05745									
1153.514816	0.06353									
1151.585808	0.06993									
1149.656818	0.07661									
1147.727864	0.08328									
1145.798992	0.09009									
1143.869984	0.09723									
1141.94098	0.10470									
1140.012648	0.11211									
1138.083785	0.11938									
1136.15479	0.12632									
1134.225814	0.13266									
1132.296902	0.13786									
1130.367959	0.14207									
1128.439019	0.14547									
1126.509989	0.14834									
1124.580676	0.15081									
1122.651709	0.15281									
1120.722753	0.15421									
1118.793856	0.15475									
1116.864914	0.15461									
1114.935874	0.15361									
1113.00697	0.15181									
1111.078026	0.14994									
1109.148719	0.14774									
1107.219665	0.14547									
1105.290797	0.14334									
1103.361772	0.14147									
1101.432882	0.13980									
1099.503917	0.13833									
1097.574927	0.13726									
1095.646055	0.13633									
1093.71767	0.13519									
1091.788672	0.13406									
1089.859778	0.13299									
1087.930811	0.13206									
1086.001796	0.13099									
1084.072888	0.12966									
1082.143887	0.12852									
1080.214959	0.12772									
1078.285687	0.12685									
1076.356655	0.12585									
1074.427702	0.12452									
1072.498726	0.12292									
1070.569787	0.12085									
1068.640911	0.11871									
1066.711918	0.11644									
1064.782949	0.11377									
1062.854708	0.11037									
1060.925808	0.10617									
1058.996841	0.10183									
1057.067848	0.09763									
1055.138967	0.09309									
1053.209913	0.08862									
1051.281048	0.08448									
1049.3521	0.08094									
1047.42268	0.07781									
1045.493784	0.07487									
1043.564802	0.07240									
1041.635895	0.07067									
1039.706884	0.06913									
1037.777918	0.06806									
1035.849036	0.06733									
1033.920074	0.06680									
1031.990775	0.06626									
1030.061776	0.06560									
1028.132808	0.06540									
1026.203838	0.06566									
1024.274874	0.06586									
1022.345978	0.06586									
1020.416983	0.06593									
1018.488033	0.06626									
1016.559655	0.06666									
1014.630721	0.06660									
1012.701751	0.06646									
1010.772796	0.06666									
1008.843899	0.06653									
1006.914897	0.06626									
1004.985936	0.06593									
1003.056977	0.06580									
1001.12765	0.06560									
999.1987425	0.06513									
997.2697745	0.06453									
995.3408097	0.06413									
993.4117923	0.06353									
991.4829631	0.06286									
989.5539714	0.06246									
987.625058	0.06273									
985.6956828	0.06386									
983.7667662	0.06626									
981.8377686	0.07067									
979.9088312	0.07621									
977.9798067	0.08188									
976.0509311	0.08848									
974.1218681	0.09562									
972.1930429	0.10250									
970.2646863	0.10890									
968.3357127	0.11511									
966.4067355	0.12091									
964.4778934	0.12559									
962.5488602	0.12919									
960.6198688	0.13166									
958.690965	0.13279									
956.7620112	0.13346									
954.8326899	0.13426									
952.9036881	0.13553									
950.9747777	0.13720									
949.0458246	0.13913									
947.1168768	0.14107									
945.1879818	0.14240									
943.2590089	0.14294									
941.330007	0.14274									
939.40076	0.14193									
937.4717587	0.14067									
935.542786	0.13900									
933.6138905	0.13773									
931.6848598	0.13733									
929.7559177	0.13793									
927.8269402	0.13907									
925.8980633	0.14073									
923.9697622	0.14267									
922.0407195	0.14474									
920.1118414	0.14580									
918.182839	0.14614									
916.2539324	0.14614									
914.3249205	0.14540									
912.395939	0.14440									
910.4670386	0.14347									
908.5376922	0.14233									
906.6087791	0.14120									
904.6797728	0.14027									
902.7508896	0.13947									
900.821937	0.13873									
898.8929684	0.13820									
896.9639564	0.13746									
895.0350348	0.13700									
893.1066545	0.13706									
891.1776708	0.13713									
889.2487777	0.13706									
887.319792	0.13713									
885.3908474	0.13740									
883.4619197	0.13786									
881.5329859	0.13813									
879.6040234	0.13800									
877.6746257	0.13733									
875.7457742	0.13686									
873.8167538	0.13660									
871.8878508	0.13640									
869.958817	0.13626									
868.0299366	0.13586									
866.1008891	0.13493									
864.1719578	0.13353									
862.2426777	0.13219									
860.3137031	0.13079									
858.3847928	0.12846									
856.4558572	0.12599									
854.5268818	0.12358									
852.5979256	0.12078									
850.6689746	0.11744									
848.7400157	0.11411									
846.8116103	0.11091									
844.8827396	0.10864									
842.9536827	0.10703									
841.0247853	0.10563									
839.0958239	0.10397									
837.1668599	0.10303									
835.2379543	0.10256									
833.308959	0.10183									
831.3797295	0.10110									
829.4507435	0.10056									
827.5217858	0.09976									
825.59285	0.09943									
823.6638628	0.09943									
821.7349553	0.09969									
819.8059208	0.09996									
817.8770252	0.10043									
815.9476645	0.10070									
814.0187045	0.10096									
812.0897424	0.10123									
810.1608429	0.10170									
808.231874	0.10176									
806.302902	0.10143									
804.373928	0.10090									
802.4450179	0.10056									
800.5167496	0.09983									
798.5877774	0.09949									
796.6588129	0.09916									
794.7298602	0.09856									
792.8009236	0.09749									
790.8719458	0.09656									
788.9429955	0.09622									
787.0140169	0.09589									
785.0847095	0.09516									
783.1557606	0.09436									
781.2268073	0.09342									
779.2978589	0.09315									
777.3688645	0.09349									
775.4399556	0.09409									
773.5110222	0.09469									
771.5820766	0.09502									
769.6526573	0.09509									
767.7237276	0.09509									
765.7947073	0.09509									
763.8657873	0.09502									
761.9368068	0.09496									
760.0078402	0.09509									
758.0789612	0.09496									
756.1499566	0.09476									
754.2216994	0.09456									
752.2927249	0.09442									
750.3637951	0.09436									
748.434817	0.09469									
746.5058673	0.09529									
744.5769113	0.09569									
742.6479708	0.09582									
740.7189581	0.09582									
738.7897339	0.09522									
736.8607595	0.09482									
734.9317855	0.09456									
733.0028907	0.09409									
731.0738861	0.09309									
729.1449594	0.09175									
727.215978	0.09002									
725.2870759	0.08782									
723.3576526	0.08508									
721.4287348	0.08241									
719.499775	0.07934									
717.5708047	0.07641									
715.6418556	0.07327									
713.7129087	0.07027									
711.7838956	0.06880									
709.8550022	0.06806									
707.9267621	0.06653									
705.9978043	0.06486									
704.0688703	0.06213									
702.1398977	0.05872									
700.2109245	0.05592									
698.2819889	0.05398									
696.353032	0.05232									
694.424094	0.05025									
692.4947831	0.04858									
690.5657667	0.04724									
688.6368447	0.04558									
686.7078696	0.04398									
684.7789325	0.04224									
682.849937	0.04064									
680.9210219	0.03877									
678.9920472	0.03737									
677.0636562	0.03657									
675.1347012	0.03683									
673.2057384	0.03690									
671.2768168	0.03717									
669.3478062	0.03697									
667.4188923	0.03637									
665.4899031	0.03583									
663.5609801	0.03557									
661.6316498	0.03530									
659.7027129	0.03457									
657.7737411	0.03290									
655.8447904	0.03110									
653.9158311	0.02963									
651.9868779	0.02889									
650.0579039	0.02816									
648.1289683	0.02749									
646.1997124	0.02789									
644.2707834	0.02983									
642.3417829	0.03210									
640.4128562	0.03503									
638.4838613	0.03770									
636.5549443	0.03950									
634.625967	0.03990									
632.6970363	0.03944									
630.7686951	0.03897									
628.8396952	0.03870									
626.9107456	0.03844									
624.9818365	0.03757									
623.052843	0.03617									
621.1238764	0.03530									
619.1949314	0.03470									
617.2659661	0.03477									
615.3367138	0.03423									
613.4077438	0.03336									
611.4788273	0.03283									
609.5498913	0.03296									
607.6209029	0.03310									
605.6919783	0.03330									
603.7630134	0.03363									
601.8340169	0.03443									
599.9047471	0.03530									
597.9757921	0.03710									
596.046803	0.03930									
594.1179001	0.04291									
592.1889215	0.04704									
590.2599204	0.05198									
588.331019	0.05779									
586.4020633	0.06479									
584.4737244	0.07260									
582.5447571	0.08061									
580.6158046	0.08989									
578.6868253	0.09896									
576.7578469	0.10744									
574.8288979	0.11704									
572.8999422	0.12585									
570.970979	0.13353									
569.0417178	0.14107									
567.112714	0.14907									
565.1838071	0.15628									
563.2548107	0.16209									
561.3258607	0.16676									
559.3969343	0.17123									
557.4679494	0.17477									
555.5390128	0.17723									
553.6096484	0.17824									
551.6807035	0.17930									
549.7517953	0.18057									
547.8227934	0.18152									
545.8938709	0.18067									
543.9649025	0.18003									
542.0359445	0.17953									
540.106966	0.17771									
538.1786635	0.17629									
536.2497023	0.17532									
534.3207295	0.17515									
532.3918091	0.17565									
530.4628644	0.17397									
528.5338793	0.17134									
526.6048956	0.16881									
524.6759562	0.16854									
522.7466678	0.16787									
520.8177359	0.16605									
518.8887976	0.16430									
516.9598234	0.16315									
515.0308934	0.16069									
513.1019295	0.15873									
511.1729892	0.15607									
509.2440267	0.15270									
507.3156438	0.15071									
505.3867404	0.14933									
503.4577985	0.14667									
501.5288103	0.14404									
499.5998705	0.14161									
497.670925	0.13855									
495.7419485	0.13599									
493.8129679	0.13390									
491.8836976	0.13353									
489.9547277	0.13386									
488.0257275	0.13326									
486.0967814	0.13390									
484.1678563	0.13818									
482.2389002	0.14202									
480.3099575	0.14536									
478.3809827	0.14849									
476.4516852	0.14987									
474.5227096	0.14997									
472.5937899	0.14903									
470.6648263	0.14876									
468.7358574	0.14613									
466.8069453	0.14320									
464.8779372	0.14269									
462.9490102	0.14212									
461.0206998	0.14064									
459.0917357	0.13831									
457.1627947	0.13484									
455.2338095	0.13164									
453.3048622	0.12995									
451.375893	0.12952									
449.4469488	0.12712									
447.5179981	0.12284									
445.5886964	0.11920									
443.6597189	0.11708									
441.7307647	0.11455									
439.8018183	0.11132									
437.8728679	0.10754									
435.9439254	0.10434									
434.0149683	0.10067									
432.0859976	0.09693									
430.156685	0.09494									
428.2277452	0.09386									
426.2987629	0.09116									
424.3698278	0.08783									
422.4408523	0.08527									
420.5118975	0.08274									
418.5829569	0.07950									
416.6539761	0.07701									
414.7256814	0.07583									
412.7967317	0.07691									
410.8677478	0.07906									
408.9387969	0.08139									
407.0098658	0.08533									
405.0809137	0.08941									
403.1519549	0.09197									
401.2229919	0.09399									
399.2936974	0.09517									
397.3647406	0.09608									
395.4358009	0.09602									
393.5068381	0.09541									
391.5778803	0.09399									
389.6489446	0.09187									
387.7199627	0.08981									
385.7910234	0.08816									
383.8616575	0.08631									
381.932704	0.08607									
380.0037613	0.08570									
378.0747925	0.08146									
376.1458531	0.07788									
374.2168903	0.07559									
372.2879428	0.07519									
370.3589853	0.07398									
368.4306648	0.07344									
366.501714	0.07364									
364.5727588	0.07472									
362.643801	0.07586									
360.7148488	0.07650									
358.7858786	0.07606									
356.8569383	0.07448									
354.9279798	0.07333									
352.9987028	0.07205									
351.0697393	0.07081									
349.1407628	0.07060									
347.2118179	0.07111									
345.2828714	0.07239									
343.3539112	0.07610									
341.4249569	0.08004									
339.4960121	0.08179									
337.5666783	0.08243									
335.6377212	0.08240									
333.7087668	0.08233									
331.7798186	0.08163									
329.850856	0.08075									
327.9219005	0.08065									
325.9929501	0.07947									
324.0639906	0.07694									
322.1356823	0.07573									
320.2067357	0.07478									
318.277776	0.07307									
316.3488184	0.07148									
314.4198575	0.06949									
312.4909085	0.06700									
310.5619382	0.06461									
308.632983	0.06504									
306.7036932	0.06521									
304.7747692	0.06579									
302.8458149	0.06909									
300.9168364	0.07438									
298.9878871	0.07923									
297.0589412	0.08446									
295.1299689	0.08934									
293.201023	0.09227									
291.2727009	0.09295									
289.3437643	0.09470									
287.4148041	0.09676									
285.4858318	0.09703									
283.5568797	0.09544									
281.6279209	0.09349									
279.6989678	0.09150									
277.7700079	0.08985									
275.8406789	0.09025									
273.9117118	0.08890									
271.982762	0.08749									
270.0537966	0.08732									
268.124844	0.08584									
266.1958974	0.08402									
264.2669326	0.08287									
262.3379712	0.08098									
260.4086645	0.08018									
258.4797113	0.08055									
256.5507541	0.08082									
254.6218124	0.08139									
252.6928594	0.08415									
250.7639084	0.08705									
248.8349362	0.08917									
246.9059963	0.09403									
244.9776999	0.10191									
243.0487333	0.10869									
241.1197757	0.11337									
239.1908175	0.11627									
237.2618727	0.11978									
235.3329227	0.12227									
233.4039684	0.12210									
231.474998	0.12153									
229.5456887	0.12052									
227.6167286	0.11664									
225.6877733	0.11391									
223.7588238	0.11411									
221.8298594	0.11307									
219.9009043	0.11108									
217.9719627	0.10916									
216.0429941	0.10704									
214.1136938	0.10603									
212.1847428	0.10532									
210.2557764	0.10269									
208.3268275	0.10080									
206.397876	0.10060									
204.4689218	0.09790									
202.5399687	0.09487									
200.611009	0.09632									
198.6826979	0.09659									
196.7537404	0.09578									
194.8247873	0.09460									
192.8958243	0.09443									
190.9668662	0.09430									
189.0379144	0.09403									
187.1089633	0.09396									
185.1800036	0.09511									
183.2506656	0.09487									
181.3217131	0.09227									
179.3927591	0.08944									
177.4638072	0.08941									
175.5348573	0.08806									
173.6058969	0.08638									
171.6769438	0.08409									
169.747983	0.08112									
167.8186776	0.08206									
165.8897222	0.08355									
163.9607675	0.08473									
162.0318168	0.08735									
160.1028603	0.08938									
158.1739038	0.08749									
156.2449513	0.08742									
154.316001	0.08746									
152.3877027	0.08651									
150.4587442	0.08402									
148.5297905	0.08479									
146.6008253	0.08773									
144.6718801	0.09052									
142.7429179	0.09403									
140.8139605	0.09487									
138.885004	0.09915									
136.9556852	0.10296									
135.0267306	0.10299									
133.0977751	0.10225									
131.168829	0.10340									
129.239869	0.10447									
127.3109175	0.10266									
125.3819542	0.10181									
123.4529997	0.10235									
121.5236785	0.10296									
119.5947222	0.10609									
117.6657732	0.10697									
115.7368145	0.10572									
113.8078604	0.10623									
111.878905	0.10953									
109.9499541	0.11101									
108.0209988	0.10747									
106.0926798	0.10559									
104.1637284	0.10680									
102.2347713	0.10771									
100.3058184	0.10788									
98.3768605	0.11081									
96.44791027	0.11307									
94.51895006	0.11374									
92.58999493	0.11344									
90.66068886	0.11260									
88.73173513	0.11277									
86.80278269	0.11330									
84.87382869	0.10710									
82.94487484	0.11536									
81.01591363	0.12240									
79.08696315	0.11856									
77.15799929	0.11873									
75.22968563	0.12190									
73.30072966	0.12746									
71.3717697	0.13278									
69.44281929	0.14114									
67.51386667	0.13427									
65.58490487	0.12790									
63.65595231	0.13029									
61.72700049	0.13642									
59.79768649	0.13383									
57.86873277	0.13073									
55.93977792	0.14215									
54.01081912	0.09639									
52.08186853	0.05022									
50.15291373	0.04856									
48.22395746	0.10019									
46.29500175	0.13380									
										
										
										
										
										
										
										
										
										
										
										
										
										
										
										
										
										
										
										
										
										
										
										
										
										
										
										
										
										
										
										
										
										
										
										
										
										
										
										
										
										
										
										
										
										
										
										
										
										
										
										
										
										
										
										
										
										
										
										
										
										
										
										
										
										
										
										
										
										
										
										
										
										
										
										
										
										
										
										
										
										
										
										
										
										
										
										
										
										
										
										
										
										
										
										
										
										
										
										
										
										
										
										
										
										
										
										
										
										
										
										
										
										
										
										
										
										
										
										
										
										
										
										
										
										
										
										
										
										
										
										
										
										
										
										
										
										
										
										
										
										
										
										
										
										
										
										
										
										
										
										
										
										
										
										
										
										
										
										
										
										
										
										
										
										
										
										
										
										
										
										
										
										
										
										
										
										
										
										
										
										
										
										
										
										
										
										
										
										
										
										
										
										
										
										
										
										
										
										
										
										
										
										
										
										
										
										
										
										
										
										
										
										
										
										
										
										
										
										
										
										
										
										
										
										
										
										
										
										
										
										
										
										
										
										
										
										
										
										
										
										
										
										
										
										
										
										
										
										
										
										
										
										
										
										
										
										
										
										
										
										
										
										
										
										
										
										
										
										
										
										
										
										
										
										
										
										
										
										
										
										
										
										
										
										
										
										
										
										
										
										
										
										
										
										
										
										
										
										
										
										
										
										
										
										
										
										
										
										
										
										
										
										
										
										
										
										
										
										
										
										
										
										
										
										
										
										
										
										
										
										
										
										
										
										
										
										
										
										
										
										
										
										
										
										
										
										
										
										
										
										
										
										
										
										
										
										
										
										
										
										
										
										
										
										
										
										
										
										
										
										
										
										
										
										
										
										
										
										
										
										
										
										
										
										
										
										
										
										
										
										
										
										
										
										
										
										
										
										
										
										
										
										
										
										
										
										
										
										
										
										
										
										
										
										
										
										
										
										
										
										
										
										
										
										
										
										
										
										
										
										
										
										
										
										
										
										
										
										
										
										
										
										
										
										
										
										
										
										
										
										
										
										
										
										
										
										
										
										
										
										
										
										
										
										
										
										
										
										
										
										
										
										
										
										
										
										
										
										
										
										
										
										
										
										
										
										
										
										
										
										
										
										
										
										
										
										
										
										
										
										
										
										
										
										
										
										
										
										
										
										
										
										
										
										
										
										
										
										
										
										
										
										
										
										
										
										
										
										
										
										
										
										
										
										
										
										
										
										
										
										
										
										
										
										
										
										
										
										
										
										
										
										
										
										
										
										
										
										
										
										
										
										
										
										
										
										
										
										
										
										
										
										
										
										
										
										
										
										
										
										
										
										
										
										
										
										
										
										
										
										
										
										
										
										
										
										
										
										
										
										
										
										
										
										
										
										
										
										
										
										
										
										
										
										
										
										
										
										
										
										
										
										
										
										
										
										
										
										
										
										
										
										
										
										
										
										
										
										
										
										
										
										
										
										
										
										
										
										
										
										
										
										
										
										
										
										
										
										
										
										
										
										
										
										
										
										
										
										
										
										
										
										
										
										
										
										
										
										
										
										
										
										
										
										
										
										
										
										
										
										
										
										
										
										
										
										
										
										
										
										
										
										
										
										
										
										
										
										
										
										
										
										
										
										
										
										
										
										
										
										
										
										
										
										
										
										
										
										
										
										
										
										
										
										
										
										
										
										
										
										
										
										
										
										
										
										
										
										
										
										
										
										
										
										
										
										
										
										
										
										
										
										
										
										
										
										
										
										
										
										
										
										
										
										
										
										
										
										
										
										
										
										
										
										
										
										
										
										
										
										
										
										
										
										
										
										
										
										
										
										
										
										
										
										
										
										
										
										
										
										
										
										
										
										
										
										
										
										
										
										
										
										
										
										
										
										
										
										
										
										
										
										
										
										
										
										
										
										
										
										
										
										
										
										
										
										
										
										
										
										
										
										
										
										
										
										
										
										
										
										
										
										
										
										
										
										
										
										
										
										
										
										
										
										
										
										
										
										
										
										
										
										
										
										
										
										
										
										
										
										
										
										
										
										
										
										
										
										
										
										
										
										
										
										
										
										
										
										
										
										
										
										
										
										
										
										
										
										
										
										
										
										
										
										
										
										
										
										
										
										
										
										
										
										
										
										
										
										
										
										
										
										
										
										
										
										
										
										
										
										
										
										
										
										
										
										
										
										
										
										
										
										
										
										
										
										
										
										
										
										
										
										
										
										
										
										
										
										
										
										
										
										
										
										
										
										
										
										
										
										
										
										
										
										
										
										
										
										
										
										
										
										
										
										
										
										
										
										
										
										
										
										
										
										
										
										
										
										
										
										
										
										
										
										
										
										
										
										
										
										
										
										
										
										
										
										
										
										
										
										
										
										
										
										
										
										
										
										
										
										
										
										
										
										
										
										
										
										
										
										
										
										
										
										
										
										
										
										
										
										
										
										
										
										
										
										
										
										
										
										
										
										
										
										
										
										
										
										
										
										
										
										
										
										
										
										
										
										
										
										
										
										
										
										
										
										
										
										
										
										
										
										
										
										
										
										
										
										
										
										
										
										
										
										
										
										
										
										
										
										
										
										
										
										
										
										
										
										
										
										
										
										
										
										
										
										
										
										
										
										
										
										
										
										
										
										
										
										
										
										
										
										
										
										
										
										
										
										
										
										
										
										
										
										
										
										
										
										
										
										
										
										
										
										
										
										
										
										
										
										
										
										
										
										
										
										
										
										
										
										
										
										
										
										
										
										
										
										
										
										
										
										
										
										
										
										
										
										
										
										
										
										
										
										
										
										
										
										
										
										
										
										
										
										
										
										
										
										
										
										
										
										
										
										
										
										
										
										
										
										
										
										
										
										
										
										
										
										
										
										
										
										
										
										
										
										
										
										
										
										
										
										
										
										
										
										
										
										
										
										
										
										
										
										
										
										
										
										
										
										
										
										
										
										
										
										
										
										
										
										
										
										
										
										
										
										
										
										
										
										
										
										
										
										
										
										
										
										
										
										
										
										
										
										
										
										
										
										
										
										
										
										
										
										
										
										
										
										
										
										
										
										
										
										
										
										
										
										
										
										
										
										
										
										
										
										
										
										
										
										
										
										
										
										
										
										
										
										
										
										
										
										
										
										
										
										
										
										
										
										
										
										
										
										
										
										
										
										
										
										
										
										
										
										
										
										
										
										
										
										
										
										
										
										
										
										
										
										
										
										
										
										
										
										
										
										
										
										
										
										
										
										
										
										
										
										
										
										
										
										
										
										
										
										
										
										
										
										
										
										
										
										
										
										
										
										
										
										
										
										
										
										
										
										
										
										
										
										
										
										
										
										
										
										
										
										
										
										
										
										
										
										
										
										
										
										
										
										
										
										
										
										
										
										
										
										
										
										
										
										
										
										
										
										
										
										
										
										
										
										
										
										
										
										
										
										
										
										
										
										
										
										
										
										
										
										
										
										
										
										
										
										
										
										
										
										
										
										
										
										
										
										
										
										
										
										
										
										
										
										
										
										
										
										
										
										
										
										
										
										
										
										
										
										
										
										
										
										
										
										
										
										
										
										
										
										
										
										
										
										
										
										
										
										
										
										
										
										
										
										
										
										
										
										
										
										
										
										
										
										
										
										
										
										
										
										
										
										
										
										
										
										
										
										
										
										
										
										
										
										
										
										
										
										
										
										
										
										
										
										
										
										
										
										
										
										
										
										
										
										
										
										
										
										
										
										
										
										
										
										
										
										
										
										
										
										
										
										
										
										
										
										
										
										
										
										
										
										
										
										
										
										
										
										
										
										
										
										
										
										
										
										
										
										
										
										
										
										
										
										
										
										
										
										
										
										
										
										
										
										
										
										
										
										
										
										
										
										
										
										
										
										
										
										
										
										
										
										
										
										
										
										
										
										
										
										
										
										
										
										
										
										
										
										
										
										
										
										
										
										
										
										
										
										
										
										
										
										
										
										
										
										
										
										
										
										
										
										
										
										
										
										
										
										
										
										
										
										
										
										
										
										
										
										
										
										
										
										
										
										
										
										
										
										
										
										
										
										
										
										
										
										
										
										
										
										
										
										
										
										
										
										
										
										
										
										
										
										
										
										
										
										
										
										
										
										
										
										
										
										
										
										
										
										
										
										
										
										
										
										
										
										
										
										
										
										
										
										
										
										
										
										
										
										
										
										
										
										
										
										
										
										
										
										
										
										
										
										
										
										
										
										
										
										
										
										
										
										
										
										
										
										
										
										
										
										
										
										
										
										
										
										
										
										
										
										
										
										
										
										
										
										
										
										
										
										
										
										
										
										
										
										
										
										
										
										
										
										
										
										
										
										
										
										
										
										
										
										
										
										
										
										
										
										
										
										
										
										
										
										
										
										
										
										
										
										
										
										
										
										
										
										
										
										
										
										
										
										
										
										
										
										
										
										
										
										
										
										
										
										
										
										
										
										
										
										
										
										
										
										
										
										
										
										
										
										
										
										
										
										
										
										
										
										
										
										
										
										
										
										
										
										
										
										
										
										
										
										
										
										
										
										
										
										
										
										
										
										
										
										
										
										
										
										
										
										
										
										
										
										
										
										
										
										
										
										
										
										
										
										
										
										
										
										
										
										
										
										
										
										
										
										
										
										
										
										
										
										
										
										
										
										
										
										
										
										
										
										
										
										
										
										
										
										
										
										
										
										
										
										
										
										
										
										
										
										
										
										
										
										
										
										
										
										
										
										
										
										
										
										
										
										
										
										
										
										
										
										
										
										
										
										
										
										
										
										
										
										
										
										
										
										
										
										
										
										
										
										
										
										
										
										
										
										
										
										
										
										
										
										
										
										
										
										
										
										
										
										
										
										
										
										
										
										
										
										
										
										
										
										
										
										
										
										
										
										
										
										
										
										
										
										
										
										
										
										
										
										
										
										
										
										
										
										
										
										
										
										
										
										
										
										
										
										
										
										
										
										
										
										
										
										
										
										
										
										
										
										
										
										
										
										
										
										
										
										
										
										
										
										
										
										
										
										
										
										
										
										
										
										
										
										
										
										
										
										
										
										
										
										
										
										
										
										
										
										
										
										
										
										
										
										
										
										
										
										
										
										
										
										
										
										
										
										
										
										
										
										
										
										
										
										
										
										
										
										
										
										
										
										
										
										
										
										
										
										
										
										
										
										
										
										
										
										
										
										
										
										
										
										
										
										
										
										
										
										
										
										
										
										
										
										
										
										
										
										
										
										
										
										
										
										
										
										
										
										
										
										
										
										
										
										
										
										
										
										
										
										
										
										
										
										
										
										
										
										
										
										
										
										
										
										
										
										
										
										
										
										
										
										
										
										
										
										
										
										
										
										
										
										
										
										
										
										
										
										
										
										
										
										
										
										
										
										
										
										
										
										
										
										
										
										
										
										
										
										
										
										
										
										
										
										
										
										
										
										
										
										
										
										
										
										
										
										
										
										
										
										
										
										
										
										
										
										
										
										
										
										
										
										
										
										
										
										
										
										
										
										
										
										
										
										
										
										
										
										
										
										
										
										
										
										
										
										
										
										
										
										
										
										
										
										
										
										
										
										
										
										
										
										
										
										
										
										
										
										
										
										
										
										
										
										
										
										
										
										
										
										
										
										
										
										
										
										
										
										
										
										
										
										
										
										
										
										
										
										
										
										
										
										
										
										
										
										
										
										
										
										
										
										
										
										
										
										
										
										
										
										
										
										
										
										
										
										
										
										
										
										
										
										
										
										
										
										
										
										
										
										
										
										
										
										
										
										
										
										
										
										
										
										
										
										
										
										
										
										
										
										
										
										
										
										
										
										
										
										
										
										
										
										
										
										
										
										
										
										
										
										
										
										
										
										
										
										
										
										
										
										
										
										
										
										
										
										
										
										
										
										
										
										
										
										
										
										
										
										
										
										
										
										
										
										
										
										
										
										
										
										
										
										
										
										
										
										
										
										
										
										
										
										
										
										
										
										
										
										
										
										
										
										
										
										
										
										
										
										
										
										
										
										
										
										
										
										
										
										
										
										
										
										
										
										
										
										
										
										
										
										
										
										
										
										
										
										
										
										
										
										
										
										
										
										
										
										
										
										
										
										
										
										
										
										
										
										
										
										
										
										
										
										
										
										
										
										
										
										
										
										
										
										
										
										
										
										
										
										
										
										
										
										
										
										
										
										
										
										
										
										
										
										
										
										
										
										
										
										
										
										
										
										
										
										
										
										
										
										
										
										
										
										
										
										
										
										
										
										
										
										
										
										
										
										
										
										
										
										
										
										
										
										
										
										
										
										
										
										
										
										
										
										
										
										
										
										
										
										
										
										
										
										
										
										
										
										
										
										
										
										
										
										
										
										
										
										
										
										
										
										
										
										
										
										
										
										
										
										
										
										
										
										
										
										
										
										
										
										
										
										
										
										
										
										
										
										
										
										
										
										
										
										
										
										
										
										
										
										
										
										
										
										
										
										
										
										
										
										
										
										
										
										
										
										
										
										
										
										
										
										
										
										
										
										
										
										
										
										
										
										
										
										
										
										
										
										
										
										
										
										
										
										
										
										
										
										
										
										
										
										
										
										
										
										
										
										
										
										
										
										
										
										
										
										
										
										
										
										
										
										
										
										
										
										
										
										
										
										
										
										
										
										
										
										
										
										
										
										
										
										
										
										
										
										
										
										
										
										
										
										
										
										
										
										
										
										
										
										
										
										
										
										
										
										
										
										
										
										
										
										
										
										
										
										
										
										
										
										
										
										
										
										
										
										
										
										
										
										
										
										
										
										
										
										
										
										
										
										
										
										
										
										
										
										
										
										
										
										
										
										
										
										
										
										
										
										
										
										
										
										
										
										
										
										
										
										
										
										
										
										
										
										
										
										
										
										
										
										
										
										
										
										
										
										
										
										
										
										
										
										
										
										
										
										
										
										
										
										
										
										
										
										
										
										
										
										
										
										
										
										
										
										
										
										
										
										
										
										
										
										
										
										
										
										
										
										
										
										
										
										
										
										
										
										
										
										
										
										
										
										
										
										
										
										
										
										
										
										
										
										
										
										
										
										
										
										
										
										
										
										
										
										
										
										
										
										
										
										
										
										
										
										
										
										
										
										
										
										
										
										
										
										
										
										
										
										
										
										
										
										
										
										
										
										
										
										
										
										
										
										
										
										
										
										
										
										
										
										
										
										
										
										
										
										
										
										
										
										
										
										
										
										
										
										
										
										
										
										
										
										
										
										
										
										
										
										
										
										
										
										
										
										
										
										
										
										
										
										
										
										
										
										
										
										
										
										
										
										
										
										
										
										
										
										
										
										
										
										
										
										
										
										
										
										
										
										
										
										
										
										
										
										
										
										
										
										
										
										
										
										
										
										
										
										
										
										
										
										
										
										
										
										
										
										
										
										
										
										
										
										
										
										
										
										
										
										
										
										
										
										
										
										
										
										
										
										
										
										
										
										
										
										
										
										
										
										
										
										
										
										
										
										
										
										
										
										
										
										
										
										
										
										
										
										
										
										
										
										
										
										
										
										
										
										
										
										
										
										
										
										
										
										
										
										
										
										
										
										
										
										
										
										
										
										
										
										
										
										
										
										
										
										
										
										
										
										
										
										
										
										
										
										
										
										
										
										
										
										
										
										
										
										
										
										
										
										
										
										
										
										
										
										
										
										
										
										
										
										
										
										
										
										
										
										
										
										
										
										
										
										
										
										
										
										
										
										
										
										
										
										
										
										
										
										
										
										
										
										
										
										
										
										
										
										
										
										
										
										
										
										
										
										
										
										
