Wavenumber	Reflectance
7808.842046	0.164326
7806.481081	0.164326
7804.552161	0.164302
7802.622977	0.164367
7800.694745	0.164428
7798.765034	0.164329
7796.836886	0.164412
7794.90726	0.164490
7792.977981	0.164541
7791.049051	0.164562
7789.120468	0.164567
7787.191627	0.164606
7785.262529	0.164572
7783.333175	0.164430
7781.404777	0.164512
7779.475519	0.164688
7777.547217	0.164719
7775.617452	0.164694
7773.68804	0.164592
7771.759586	0.164477
7769.830277	0.164629
7767.901323	0.164759
7765.972723	0.164787
7764.043271	0.164777
7762.114779	0.164694
7760.186642	0.164717
7758.258259	0.164845
7756.328427	0.164886
7754.399556	0.164893
7752.470441	0.164919
7750.542286	0.164880
7748.612688	0.164845
7746.684651	0.164953
7744.753975	0.165039
7742.825459	0.164931
7740.896106	0.164741
7738.968313	0.164809
7737.038488	0.165062
7735.109624	0.165157
7733.180526	0.165114
7731.252389	0.164985
7729.322227	0.165030
7727.393626	0.165218
7725.464196	0.165217
7723.53573	0.165168
7721.606437	0.165276
7719.678108	0.165364
7717.748955	0.165353
7715.82017	0.165300
7713.89116	0.165305
7711.962519	0.165296
7710.033058	0.164915
7708.103969	0.164767
7706.175251	0.165073
7704.246904	0.165121
7702.317743	0.165356
7700.388954	0.165571
7698.458761	0.165610
7696.53072	0.165664
7694.601275	0.165716
7692.672798	0.165767
7690.742922	0.165763
7688.814605	0.165697
7686.885482	0.165721
7684.956736	0.165800
7683.027186	0.165752
7681.099196	0.165766
7679.169224	0.165805
7677.240812	0.165627
7675.3116	0.165568
7673.382769	0.165875
7671.453731	0.165940
7669.525073	0.165956
7667.596209	0.166073
7665.66714	0.166084
7663.737867	0.166058
7661.809565	0.166160
7659.880472	0.166255
7657.951178	0.166303
7656.022269	0.166312
7654.093746	0.166272
7652.164438	0.166301
7650.235516	0.166405
7648.306982	0.166467
7646.377666	0.166432
7644.448739	0.166294
7642.520201	0.166278
7640.590884	0.166455
7638.66254	0.166623
7636.732838	0.166676
7634.80411	0.166584
7632.874608	0.166383
7630.946081	0.166569
7629.016782	0.166849
7627.087295	0.166856
7625.158784	0.166906
7623.229505	0.166970
7621.301202	0.167001
7619.372712	0.167045
7617.443458	0.167051
7615.514601	0.166906
7613.58556	0.166895
7611.656338	0.167128
7609.727515	0.167257
7607.79909	0.167286
7605.868749	0.167232
7603.940544	0.167028
7602.011006	0.167048
7600.082446	0.167339
7598.153132	0.167471
7596.224798	0.167489
7594.295712	0.167454
7592.367029	0.167499
7590.437597	0.167657
7588.509146	0.167758
7586.579947	0.167761
7584.651729	0.167765
7582.722191	0.167819
7580.793635	0.167865
7578.863762	0.167894
7576.935445	0.167947
7575.006388	0.168008
7573.077739	0.168058
7571.148352	0.168109
7569.219376	0.168179
7567.290809	0.168226
7565.36208	0.168242
7563.433191	0.168258
7561.50414	0.168327
7559.57436	0.168335
7557.645564	0.168408
7555.71661	0.168520
7553.787499	0.168595
7551.858233	0.168669
7549.929382	0.168685
7548.000946	0.168697
7546.071787	0.168742
7544.143613	0.168769
7542.214719	0.168758
7540.285673	0.168707
7538.356477	0.168810
7536.4277	0.168957
7534.498775	0.169030
7532.569702	0.169038
7530.641049	0.169079
7528.711683	0.169194
7526.782173	0.169258
7524.853651	0.169274
7522.924985	0.169289
7520.995611	0.169300
7519.067227	0.169370
7517.138135	0.169499
7515.208904	0.169559
7513.279534	0.169580
7511.35059	0.169643
7509.421508	0.169701
7507.492853	0.169660
7505.563499	0.169509
7503.634573	0.169595
7501.705513	0.169797
7499.776882	0.169692
7497.848118	0.169793
7495.919783	0.170052
7493.990195	0.170125
7492.061599	0.170061
7490.132312	0.169802
7488.204019	0.169894
7486.274477	0.170284
7484.345369	0.170420
7482.416135	0.170465
7480.487336	0.170533
7478.557853	0.170579
7476.629924	0.170590
7474.700195	0.170579
7472.771463	0.170616
7470.842051	0.170710
7468.913635	0.170834
7466.984541	0.170942
7465.055887	0.170904
7463.126557	0.171005
7461.197668	0.171161
7459.268663	0.171241
7457.3401	0.171286
7455.410309	0.171291
7453.482073	0.171332
7451.553723	0.171456
7449.624707	0.171559
7447.695024	0.171600
7445.766895	0.171615
7443.837548	0.171666
7441.908647	0.171747
7439.979638	0.171780
7438.051076	0.171815
7436.121301	0.171903
7434.192528	0.171960
7432.263097	0.171987
7430.334116	0.172010
7428.405032	0.172053
7426.47695	0.172021
7424.547663	0.171992
7422.618828	0.172128
7420.689342	0.172177
7418.760859	0.172170
7416.831728	0.172283
7414.903051	0.172345
7412.973727	0.172371
7411.045407	0.172453
7409.115346	0.172518
7407.186838	0.172517
7405.258785	0.172490
7403.330092	0.172533
7401.400212	0.172663
7399.471885	0.172712
7397.542374	0.172702
7395.613868	0.172748
7393.684182	0.172812
7391.756048	0.172841
7389.82619	0.172886
7387.897339	0.172961
7385.967858	0.173025
7384.039929	0.173039
7382.110283	0.173062
7380.181644	0.173104
7378.25238	0.173047
7376.32358	0.173056
7374.3947	0.173269
7372.466286	0.173367
7370.53725	0.173396
7368.608138	0.173451
7366.679492	0.173550
7364.750771	0.173638
7362.821433	0.173692
7360.892564	0.173735
7358.963081	0.173800
7357.034609	0.173837
7355.105524	0.173872
7353.176911	0.173897
7351.247687	0.173947
7349.318935	0.174077
7347.389575	0.174244
7345.460689	0.174334
7343.531197	0.174303
7341.60218	0.174302
7339.673098	0.174441
7337.744492	0.174596
7335.815822	0.174692
7333.886553	0.174763
7331.95776	0.174813
7330.028907	0.174859
7328.099995	0.174946
7326.171024	0.175089
7324.242532	0.175217
7322.313447	0.175329
7320.384306	0.175429
7318.455645	0.175515
7316.526394	0.175613
7314.597625	0.175701
7312.668804	0.175777
7310.739396	0.175894
7308.811006	0.175980
7306.882031	0.176057
7304.952473	0.176205
7303.023934	0.176272
7301.094814	0.176306
7299.165647	0.176378
7297.236434	0.176498
7295.307709	0.176584
7293.378407	0.176714
7291.449594	0.176920
7289.520207	0.177052
7287.59184	0.177153
7285.662901	0.177274
7283.733922	0.177415
7281.804903	0.177546
7279.876376	0.177651
7277.947281	0.177755
7276.018679	0.177883
7274.089511	0.178016
7272.160309	0.178123
7270.231072	0.178246
7268.302859	0.178405
7266.373556	0.178563
7264.444749	0.178678
7262.514856	0.178756
7260.586516	0.178858
7258.657092	0.178999
7256.728166	0.179145
7254.799739	0.179294
7252.870759	0.179470
7250.941227	0.179615
7249.012721	0.179736
7247.08314	0.179897
7245.154586	0.180044
7243.224959	0.180165
7241.29636	0.180354
7239.367216	0.180536
7237.438575	0.180675
7235.509915	0.180791
7233.581759	0.180900
7231.652015	0.181059
7229.723824	0.181287
7227.794571	0.181462
7225.865825	0.181581
7223.936543	0.181734
7222.007769	0.181908
7220.077939	0.182064
7218.149662	0.182257
7216.220331	0.182466
7214.291511	0.182641
7212.362682	0.182792
7210.433324	0.182975
7208.504478	0.183150
7206.575626	0.183292
7204.647286	0.183435
7202.718421	0.183628
7200.789552	0.183827
7198.86068	0.183998
7196.931286	0.184156
7195.002927	0.184349
7193.074048	0.184557
7191.145169	0.184727
7189.215257	0.184909
7187.286897	0.185118
7185.357506	0.185273
7183.428635	0.185395
7181.499251	0.185551
7179.570904	0.185755
7177.641532	0.185937
7175.713196	0.186128
7173.783837	0.186327
7171.855002	0.186497
7169.925661	0.186675
7167.996844	0.186889
7166.068037	0.187084
7164.139242	0.187277
7162.209946	0.187471
7160.281176	0.187645
7158.351907	0.187857
7156.423677	0.188105
7154.494439	0.188324
7152.565217	0.188523
7150.636013	0.188726
7148.707339	0.188929
7146.778172	0.189118
7144.849535	0.189308
7142.919899	0.189506
7140.991304	0.189693
7139.062221	0.189886
7137.133162	0.190102
7135.203618	0.190333
7133.275625	0.190570
7131.346131	0.190804
7129.417173	0.191011
7127.488242	0.191203
7125.559846	0.191395
7123.629957	0.191596
7121.70162	0.191814
7119.772805	0.192024
7117.843515	0.192239
7115.914765	0.192496
7113.986047	0.192758
7112.056857	0.192996
7110.128713	0.193185
7108.199593	0.193354
7106.271014	0.193562
7104.341463	0.193816
7102.41296	0.194074
7100.483486	0.194296
7098.555061	0.194505
7096.625668	0.194742
7094.696821	0.194983
7092.768015	0.195227
7090.839253	0.195485
7088.909529	0.195716
7086.981357	0.195931
7085.051724	0.196176
7083.123142	0.196423
7081.193102	0.196620
7079.264614	0.196832
7077.335675	0.197097
7075.406785	0.197352
7073.477445	0.197586
7071.549156	0.197837
7069.61992	0.198079
7067.691237	0.198338
7065.763106	0.198629
7063.834032	0.198887
7061.905012	0.199127
7059.97605	0.199406
7058.046646	0.199673
7056.117799	0.199919
7054.18901	0.200158
7052.260281	0.200414
7050.330121	0.200671
7048.401514	0.200908
7046.471976	0.201166
7044.543494	0.201455
7042.614579	0.201721
7040.685729	0.201985
7038.755953	0.202250
7036.827731	0.202491
7034.898089	0.202766
7032.969506	0.203045
7031.040003	0.203305
7029.111063	0.203560
7027.182195	0.203814
7025.253397	0.204076
7023.324179	0.204373
7021.395526	0.204644
7019.46744	0.204902
7017.538935	0.205186
7015.609029	0.205482
7013.680675	0.205759
7011.751907	0.206007
7009.822724	0.206275
7007.893621	0.206567
7005.964598	0.206846
7004.035165	0.207111
7002.106304	0.207393
7000.177525	0.207658
6998.248338	0.207937
6996.319236	0.208229
6994.390708	0.208517
6992.461777	0.208787
6990.532931	0.209066
6988.604661	0.209361
6986.675502	0.209672
6984.746431	0.209950
6982.817939	0.210233
6980.888561	0.210509
6978.959762	0.210769
6977.030569	0.211064
6975.101955	0.211381
6973.172462	0.211692
6971.243551	0.211985
6969.314734	0.212265
6967.386014	0.212561
6965.456421	0.212875
6963.527411	0.213191
6961.5985	0.213483
6959.670173	0.213780
6957.740493	0.214079
6955.811883	0.214380
6953.882408	0.214681
6951.95352	0.214977
6950.024735	0.215280
6948.095572	0.215567
6946.166515	0.215883
6944.237564	0.216224
6942.309202	0.216541
6940.380466	0.216833
6938.450876	0.217115
6936.522839	0.217420
6934.592988	0.217749
6932.664692	0.218042
6930.735546	0.218355
6928.806993	0.218726
6926.877114	0.219061
6924.94831	0.219357
6923.018663	0.219673
6921.09057	0.219989
6919.160678	0.220291
6917.232341	0.220597
6915.303165	0.220910
6913.374587	0.221233
6911.445651	0.221576
6909.516837	0.221920
6907.58719	0.222238
6905.658621	0.222536
6903.729699	0.222847
6901.800901	0.223201
6899.871752	0.223554
6897.94273	0.223866
6896.013835	0.224170
6894.085543	0.224502
6892.155955	0.224830
6890.227446	0.225163
6888.298118	0.225519
6886.36987	0.225852
6884.440332	0.226187
6882.511401	0.226521
6880.582604	0.226856
6878.653941	0.227201
6876.724468	0.227548
6874.795604	0.227887
6872.866877	0.228210
6870.937816	0.228551
6869.008893	0.228923
6867.080111	0.229285
6865.150054	0.229623
6863.222025	0.229960
6861.292724	0.230301
6859.363566	0.230644
6857.434553	0.230994
6855.505684	0.231314
6853.576961	0.231654
6851.647914	0.232035
6849.719483	0.232401
6847.790732	0.232739
6845.86166	0.233058
6843.932269	0.233400
6842.003497	0.233787
6840.074409	0.234177
6838.145473	0.234550
6836.21669	0.234904
6834.287594	0.235237
6832.358652	0.235616
6830.429866	0.235999
6828.501235	0.236350
6826.57183	0.236715
6824.643049	0.237073
6822.713961	0.237426
6820.785033	0.237796
6818.856265	0.238186
6816.927194	0.238573
6814.998285	0.238947
6813.069539	0.239310
6811.140492	0.239660
6809.21161	0.240029
6807.282431	0.240406
6805.353418	0.240792
6803.424572	0.241184
6801.495431	0.241560
6799.56646	0.241940
6797.637658	0.242327
6795.708103	0.242720
6793.779643	0.243098
6791.850893	0.243460
6789.921855	0.243843
6787.992069	0.244228
6786.06338	0.244601
6784.134406	0.244984
6782.205149	0.245384
6780.276068	0.245765
6778.347626	0.246144
6776.418902	0.246532
6774.489441	0.246928
6772.561077	0.247355
6770.631978	0.247757
6768.70306	0.248121
6766.774326	0.248501
6764.84486	0.248914
6762.916494	0.249322
6760.987399	0.249713
6759.05849	0.250119
6757.129312	0.250519
6755.200322	0.250929
6753.271521	0.251347
6751.342454	0.251762
6749.413577	0.252169
6747.484892	0.252573
6745.555943	0.252966
6743.627188	0.253385
6741.696808	0.253810
6739.768896	0.254214
6737.839362	0.254604
6735.910479	0.255003
6733.98134	0.255432
6732.052399	0.255843
6730.123657	0.256243
6728.195114	0.256667
6726.266319	0.257070
6724.337725	0.257474
6722.408429	0.257912
6720.48024	0.258335
6718.5509	0.258750
6716.621765	0.259178
6714.692836	0.259609
6712.764563	0.260047
6710.833796	0.260481
6708.905488	0.260904
6706.97604	0.261330
6705.047251	0.261747
6703.118224	0.262153
6701.189408	0.262583
6699.260355	0.263035
6697.331515	0.263481
6695.402441	0.263911
6693.473582	0.264330
6691.544491	0.264765
6689.615616	0.265225
6687.686511	0.265678
6685.757625	0.266127
6683.82851	0.266570
6681.899616	0.266996
6679.970942	0.267420
6678.042935	0.267879
6676.113367	0.268355
6674.184913	0.268826
6672.254903	0.269276
6670.326452	0.269721
6668.397338	0.270162
6666.46845	0.270616
6664.538902	0.271094
6662.610026	0.271555
6660.681378	0.271995
6658.752517	0.272429
6656.823444	0.272877
6654.894602	0.273334
6652.965107	0.273786
6651.03673	0.274249
6649.107703	0.274702
6647.178911	0.275177
6645.249471	0.275657
6643.320709	0.276100
6641.391302	0.276551
6639.462575	0.277035
6637.533646	0.277510
6635.605398	0.277973
6633.676069	0.278456
6631.747422	0.278937
6629.818577	0.279427
6627.889975	0.279916
6625.960739	0.280385
6624.031749	0.280853
6622.102565	0.281315
6620.173629	0.281790
6618.244939	0.282288
6616.31606	0.282781
6614.386555	0.283265
6612.458175	0.283751
6610.529172	0.284249
6608.599983	0.284735
6606.67061	0.285176
6604.742364	0.285645
6602.813062	0.286159
6600.884453	0.286660
6598.954792	0.287136
6597.026258	0.287632
6595.097112	0.288149
6593.168225	0.288670
6591.239162	0.289178
6589.310359	0.289661
6587.38095	0.290132
6585.451802	0.290628
6583.52335	0.291139
6581.594295	0.291643
6579.665071	0.292125
6577.736113	0.292620
6575.80742	0.293149
6573.878562	0.293680
6571.949107	0.294182
6570.020353	0.294688
6568.091437	0.295207
6566.162359	0.295719
6564.233553	0.296237
6562.304587	0.296758
6560.375463	0.297264
6558.446614	0.297791
6556.518038	0.298336
6554.589307	0.298853
6552.659993	0.299357
6550.731386	0.299877
6548.802627	0.300403
6546.873717	0.300934
6544.94423	0.301463
6543.015452	0.301995
6541.086527	0.302534
6539.157456	0.303063
6537.22824	0.303582
6535.299735	0.304124
6533.370661	0.304668
6531.441871	0.305213
6529.512941	0.305747
6527.583872	0.306257
6525.654239	0.306785
6523.725321	0.307355
6521.796692	0.307925
6519.867928	0.308453
6517.938605	0.308971
6516.009575	0.309517
6514.080413	0.310079
6512.151545	0.310639
6510.223394	0.311180
6508.295115	0.311729
6506.365861	0.312292
6504.437327	0.312848
6502.507399	0.313398
6500.579039	0.313930
6498.649711	0.314464
6496.721105	0.315023
6494.791534	0.315595
6492.862688	0.316141
6490.933723	0.316685
6489.005062	0.317256
6487.075443	0.317834
6485.14655	0.318384
6483.217543	0.318935
6481.289263	0.319494
6479.358772	0.320065
6477.429849	0.320654
6475.500817	0.321216
6473.572514	0.321784
6471.643265	0.322375
6469.714748	0.322959
6467.785287	0.323536
6465.856141	0.324118
6463.928146	0.324706
6461.99963	0.325271
6460.070177	0.325826
6458.141459	0.326409
6456.212642	0.326998
6454.283727	0.327586
6452.3543	0.328167
6450.426025	0.328751
6448.495991	0.329343
6446.567528	0.329925
6444.638142	0.330509
6442.709494	0.331105
6440.780342	0.331685
6438.851515	0.332268
6436.922186	0.332873
6434.993598	0.333464
6433.065338	0.334064
6431.136579	0.334681
6429.207323	0.335281
6427.278811	0.335885
6425.349391	0.336485
6423.420717	0.337066
6421.491963	0.337660
6419.563131	0.338274
6417.633398	0.338889
6415.704413	0.339494
6413.775353	0.340085
6411.84663	0.340703
6409.917835	0.341319
6407.988968	0.341912
6406.05962	0.342534
6404.131023	0.343170
6402.201128	0.343794
6400.272396	0.344434
6398.343187	0.345062
6396.414733	0.345654
6394.485396	0.346240
6392.556405	0.346847
6390.627353	0.347471
6388.698648	0.348090
6386.770699	0.348711
6384.841467	0.349336
6382.912586	0.349967
6380.984055	0.350602
6379.054655	0.351216
6377.126014	0.351851
6375.196507	0.352501
6373.267762	0.353143
6371.337747	0.353780
6369.409307	0.354425
6367.480006	0.355051
6365.551064	0.355665
6363.622074	0.356299
6361.693445	0.356948
6359.764366	0.357595
6357.835244	0.358229
6355.906484	0.358854
6353.977278	0.359499
6352.048437	0.360154
6350.11996	0.360805
6348.190236	0.361430
6346.261684	0.362053
6344.332693	0.362690
6342.404071	0.363337
6340.475414	0.363995
6338.546323	0.364632
6336.617201	0.365273
6334.68845	0.365942
6332.759269	0.366606
6330.830461	0.367254
6328.901225	0.367910
6326.972764	0.368581
6325.043478	0.369247
6323.114569	0.369904
6321.185237	0.370567
6319.256684	0.371217
6317.327311	0.371879
6315.399116	0.372571
6313.469706	0.373233
6311.541076	0.373894
6309.611235	0.374577
6307.682574	0.375249
6305.753502	0.375912
6303.824814	0.376566
6301.89532	0.377230
6299.96661	0.377914
6298.037494	0.378602
6296.108766	0.379275
6294.18003	0.379922
6292.251288	0.380601
6290.32254	0.381296
6288.393393	0.381972
6286.464638	0.382644
6284.535486	0.383320
6282.606729	0.384001
6280.677577	0.384677
6278.748821	0.385340
6276.819674	0.386010
6274.89053	0.386695
6272.961785	0.387361
6271.032652	0.388029
6269.104312	0.388720
6267.174801	0.389415
6265.246085	0.390114
6263.315809	0.390795
6261.387507	0.391473
6259.457649	0.392179
6257.529372	0.392885
6255.600326	0.393578
6253.671296	0.394272
6251.741892	0.394955
6249.813677	0.395642
6247.885091	0.396346
6245.956524	0.397053
6244.027588	0.397753
6242.098673	0.398462
6240.169393	0.399174
6238.240916	0.399865
6236.311686	0.400557
6234.382871	0.401266
6232.452918	0.401968
6230.524548	0.402652
6228.595432	0.403332
6226.666346	0.404019
6224.737293	0.404718
6222.80866	0.405416
6220.879286	0.406140
6218.950336	0.406891
6217.022581	0.407594
6215.094089	0.408280
6213.164864	0.408985
6211.235678	0.409698
6209.306533	0.410424
6207.378201	0.411133
6205.448756	0.411833
6203.519741	0.412545
6201.590385	0.413261
6199.661846	0.413973
6197.732584	0.414691
6195.803756	0.415416
6193.874209	0.416141
6191.945864	0.416852
6190.016803	0.417556
6188.088178	0.418265
6186.158075	0.418962
6184.229559	0.419676
6182.300334	0.420428
6180.371548	0.421166
6178.442438	0.421882
6176.513769	0.422579
6174.584779	0.423279
6172.655851	0.424006
6170.727746	0.424736
6168.798943	0.425459
6166.869824	0.426184
6164.940771	0.426910
6163.011785	0.427634
6161.083247	0.428366
6159.154018	0.429075
6157.225239	0.429794
6155.295773	0.430542
6153.366759	0.431267
6151.43744	0.431978
6149.508574	0.432714
6147.579784	0.433449
6145.650692	0.434178
6143.721679	0.434920
6141.792744	0.435660
6139.863512	0.436383
6137.934738	0.437110
6136.00567	0.437843
6134.076685	0.438570
6132.147409	0.439299
6130.21897	0.440035
6128.28949	0.440763
6126.360849	0.441487
6124.432296	0.442214
6122.503457	0.442949
6120.574335	0.443674
6118.645679	0.444412
6116.716368	0.445139
6114.787525	0.445837
6112.858777	0.446575
6110.929379	0.447342
6108.999705	0.448076
6107.071623	0.448835
6105.142148	0.449594
6103.213519	0.450316
6101.284247	0.451022
6099.355451	0.451775
6097.426386	0.452529
6095.497798	0.453251
6093.568574	0.453988
6091.639456	0.454734
6089.710448	0.455473
6087.781919	0.456203
6085.852389	0.456931
6083.924082	0.457678
6081.994408	0.458433
6080.065957	0.459180
6078.13725	0.459917
6076.20829	0.460643
6074.279079	0.461358
6072.350723	0.462073
6070.42138	0.462803
6068.492895	0.463533
6066.563426	0.464282
6064.634448	0.465048
6062.705594	0.465805
6060.776864	0.466533
6058.847893	0.467256
6056.919049	0.467997
6054.989599	0.468725
6053.061012	0.469456
6051.131822	0.470214
6049.203129	0.470951
6047.273472	0.471685
6045.34468	0.472411
6043.415291	0.473127
6041.486769	0.473874
6039.557653	0.474627
6037.62904	0.475359
6035.699837	0.476086
6033.770774	0.476817
6031.842216	0.477551
6029.913799	0.478292
6027.984436	0.479025
6026.05558	0.479724
6024.126506	0.480432
6022.197942	0.481188
6020.2688	0.481943
6018.339807	0.482672
6016.41024	0.483406
6014.481548	0.484162
6012.551924	0.484897
6010.623898	0.485614
6008.694581	0.486341
6006.765781	0.487078
6004.836415	0.487807
6002.907929	0.488545
6000.97924	0.489288
5999.04999	0.490010
5997.120902	0.490725
5995.192335	0.491470
5993.263213	0.492208
5991.334254	0.492923
5989.405102	0.493638
5987.476474	0.494373
5985.547297	0.495124
5983.618647	0.495866
5981.68945	0.496588
5979.760782	0.497311
5977.83157	0.498034
5975.902889	0.498740
5973.973667	0.499449
5972.044977	0.500180
5970.115393	0.500918
5968.1867	0.501641
5966.257473	0.502349
5964.328425	0.503059
5962.399203	0.503798
5960.470872	0.504538
5958.541304	0.505275
5956.612984	0.506017
5954.684494	0.506737
5952.755834	0.507444
5950.826653	0.508160
5948.89766	0.508888
5946.968857	0.509618
5945.040243	0.510346
5943.110761	0.511076
5941.182178	0.511793
5939.252376	0.512512
5937.323828	0.513237
5935.394419	0.513974
5933.465559	0.514703
5931.536544	0.515425
5929.607729	0.516152
5927.678762	0.516884
5925.749997	0.517612
5923.819679	0.518312
5921.890969	0.519005
5919.962112	0.519711
5918.033111	0.520433
5916.104316	0.521146
5914.17503	0.521849
5912.245952	0.522537
5910.317434	0.523230
5908.389127	0.523942
5906.460333	0.524685
5904.531054	0.525417
5902.602339	0.526130
5900.673491	0.526841
5898.744511	0.527511
5896.815401	0.528178
5894.886858	0.528884
5892.957144	0.529615
5891.028347	0.530350
5889.099077	0.531052
5887.170378	0.531728
5885.24121	0.532416
5883.312267	0.533126
5881.383205	0.533823
5879.45437	0.534533
5877.525418	0.535262
5875.596696	0.535973
5873.667514	0.536675
5871.73891	0.537375
5869.809504	0.538063
5867.880676	0.538759
5865.951396	0.539444
5864.02304	0.540117
5862.094233	0.540819
5860.165665	0.541536
5858.236649	0.542248
5856.307873	0.542936
5854.378311	0.543625
5852.449677	0.544341
5850.520603	0.545046
5848.592115	0.545724
5846.662506	0.546386
5844.733828	0.547047
5842.804715	0.547710
5840.875851	0.548401
5838.946556	0.549106
5837.018194	0.549791
5835.089063	0.550469
5833.160186	0.551133
5831.231563	0.551805
5829.302856	0.552489
5827.373727	0.553144
5825.444856	0.553787
5823.515566	0.554464
5821.586875	0.555130
5819.657429	0.555763
5817.728924	0.556413
5815.799328	0.557065
5813.870675	0.557711
5811.941273	0.558370
5810.012813	0.559038
5808.083609	0.559702
5806.154675	0.560376
5804.225674	0.561041
5802.296944	0.561691
5800.36714	0.562330
5798.43862	0.562991
5796.509365	0.563661
5794.580723	0.564301
5792.65135	0.564922
5790.722591	0.565567
5788.793775	0.566231
5786.864905	0.566861
5784.93598	0.567487
5783.007338	0.568119
5781.077977	0.568733
5779.149234	0.569366
5777.220109	0.570012
5775.291605	0.570651
5773.362054	0.571308
5771.433792	0.571983
5769.504488	0.572669
5767.575808	0.573345
5765.646422	0.574020
5763.717662	0.574715
5761.788533	0.575400
5759.859699	0.576077
5757.930498	0.576713
5756.001927	0.577337
5754.071999	0.578028
5752.143364	0.578728
5750.214368	0.579374
5748.285674	0.580011
5746.356293	0.580659
5744.427876	0.581319
5742.498445	0.581975
5740.56998	0.582621
5738.641163	0.583252
5736.712326	0.583888
5734.78314	0.584548
5732.854594	0.585198
5730.925374	0.585825
5728.996468	0.586420
5727.067547	0.587013
5725.138942	0.587631
5723.209342	0.588289
5721.280716	0.588950
5719.351753	0.589575
5717.422782	0.590194
5715.493806	0.590804
5713.564826	0.591415
5711.635842	0.592051
5709.707182	0.592667
5707.777543	0.593247
5705.848558	0.593829
5703.919574	0.594458
5701.990593	0.595096
5700.061618	0.595665
5698.132648	0.596230
5696.203361	0.596835
5694.274731	0.597441
5692.346111	0.598020
5690.417502	0.598587
5688.488581	0.599159
5686.559674	0.599730
5684.630459	0.600321
5682.701584	0.600935
5680.772403	0.601536
5678.843887	0.602108
5676.914102	0.602673
5674.985306	0.603256
5673.056211	0.603848
5671.127462	0.604434
5669.198417	0.604993
5667.269721	0.605561
5665.34009	0.606161
5663.411772	0.606765
5661.482523	0.607343
5659.553626	0.607919
5657.624444	0.608517
5655.695936	0.609109
5653.766505	0.609682
5651.837752	0.610268
5649.908717	0.610860
5647.980042	0.611438
5646.05109	0.612030
5644.122499	0.612620
5642.193315	0.613193
5640.264495	0.613758
5638.335721	0.614303
5636.406996	0.614847
5634.477684	0.615393
5632.548742	0.615940
5630.619217	0.616497
5628.69038	0.617051
5626.761282	0.617597
5624.832556	0.618160
5622.903255	0.618735
5620.974644	0.619294
5619.045147	0.619828
5617.116658	0.620361
5615.188546	0.620906
5613.259867	0.621447
5611.330623	0.622003
5609.401761	0.622553
5607.472653	0.623066
5605.543928	0.623596
5603.614959	0.624144
5601.686063	0.624688
5599.756299	0.625232
5597.827864	0.625767
5595.898251	0.626298
5593.969656	0.626806
5592.040513	0.627309
5590.111763	0.627809
5588.182469	0.628317
5586.253883	0.628856
5584.324132	0.629367
5582.395403	0.629855
5580.466448	0.630373
5578.537581	0.630900
5576.608181	0.631389
5574.679804	0.631879
5572.750587	0.632379
5570.821774	0.632886
5568.893054	0.633389
5566.964431	0.633895
5565.034974	0.634407
5563.106236	0.634939
5561.176979	0.635477
5559.248441	0.635993
5557.319387	0.636470
5555.390437	0.636933
5553.460667	0.637415
5551.532237	0.637930
5549.60299	0.638422
5547.674468	0.638884
5545.745132	0.639370
5543.816217	0.639853
5541.887414	0.640326
5539.958418	0.640818
5538.029231	0.641283
5536.100468	0.641734
5534.171517	0.642211
5532.242685	0.642696
5530.313668	0.643192
5528.384773	0.643681
5526.455696	0.644142
5524.527049	0.644555
5522.598223	0.644959
5520.669525	0.645449
5518.740041	0.645955
5516.811296	0.646399
5514.882379	0.646848
5512.953898	0.647331
5511.024336	0.647786
5509.09582	0.648188
5507.166531	0.648614
5505.237986	0.649107
5503.308672	0.649594
5501.379801	0.650057
5499.45077	0.650493
5497.522184	0.650962
5495.592837	0.651374
5493.663938	0.651690
5491.734582	0.652113
5489.805678	0.652582
5487.876321	0.653005
5485.947717	0.653480
5484.018364	0.653981
5482.090067	0.654436
5480.160722	0.654850
5478.232135	0.655231
5476.303405	0.655471
5474.374535	0.655910
5472.445226	0.656524
5470.516678	0.656930
5468.587395	0.657285
5466.658576	0.657733
5464.729624	0.658168
5462.800839	0.658536
5460.87103	0.658935
5458.942583	0.659432
5457.013116	0.659874
5455.084417	0.660291
5453.155297	0.660724
5451.226649	0.661022
5449.297286	0.661325
5447.368695	0.661682
5445.439096	0.662029
5443.509975	0.662440
5441.581036	0.662790
5439.65228	0.663313
5437.723117	0.663823
5435.794435	0.664041
5433.865053	0.664450
5431.936451	0.664917
5430.008333	0.665090
5428.07952	0.665445
5426.150311	0.666083
5424.22159	0.666571
5422.292476	0.666937
5420.363852	0.667300
5418.434544	0.667696
5416.505729	0.667947
5414.576234	0.668043
5412.647235	0.668410
5410.718146	0.668927
5408.789553	0.669429
5406.860289	0.669953
5404.931817	0.670313
5403.002384	0.670680
5401.073744	0.671088
5399.145315	0.671431
5397.216806	0.671686
5395.287346	0.671902
5393.358683	0.672231
5391.429654	0.672795
5389.501133	0.673251
5387.57167	0.673470
5385.643007	0.673713
5383.713116	0.674197
5381.784607	0.674642
5379.855454	0.674895
5377.926816	0.675001
5375.997537	0.675288
5374.068775	0.675814
5372.139665	0.676263
5370.211074	0.676625
5368.281274	0.676928
5366.352284	0.677210
5364.423529	0.677517
5362.494435	0.677906
5360.565578	0.678302
5358.636673	0.678656
5356.707433	0.678898
5354.778722	0.678977
5352.849967	0.679249
5350.921455	0.679757
5348.99233	0.680114
5347.063452	0.680295
5345.134535	0.680389
5343.205582	0.680833
5341.27631	0.681307
5339.347574	0.681378
5337.417953	0.681714
5335.48944	0.682275
5333.56033	0.682582
5331.631477	0.682850
5329.702314	0.683147
5327.773411	0.683339
5325.844202	0.683727
5323.91554	0.684144
5321.986291	0.684392
5320.057874	0.684640
5318.128591	0.684897
5316.199577	0.685155
5314.270549	0.685428
5312.341792	0.685693
5310.41246	0.685893
5308.483966	0.686026
5306.554901	0.686299
5304.626393	0.686693
5302.697318	0.686952
5300.768802	0.687166
5298.839443	0.687415
5296.910926	0.687687
5294.98129	0.687930
5293.052778	0.688097
5291.123431	0.688172
5289.194931	0.688435
5287.2656	0.688775
5285.336837	0.688946
5283.407806	0.689146
5281.479068	0.689335
5279.549785	0.689503
5277.620798	0.689744
5275.69155	0.689948
5273.762877	0.690111
5271.833668	0.690247
5269.90476	0.690366
5267.975597	0.690535
5266.047014	0.690622
5264.117626	0.690651
5262.188821	0.690913
5260.260322	0.691235
5258.331577	0.691459
5256.402311	0.691493
5254.473633	0.691560
5252.544438	0.691869
5250.615832	0.692001
5248.686437	0.691966
5246.757635	0.692123
5244.828049	0.692325
5242.899332	0.692567
5240.970385	0.692855
5239.041484	0.693017
5237.112357	0.693178
5235.183554	0.693325
5233.254527	0.693439
5231.325554	0.693585
5229.396908	0.693795
5227.468044	0.693875
5225.538965	0.693926
5223.61049	0.694236
5221.681256	0.694525
5219.75263	0.694657
5217.823249	0.694841
5215.894479	0.695111
5213.96523	0.695351
5212.036594	0.695526
5210.107483	0.695616
5208.178444	0.695626
5206.249478	0.695772
5204.320856	0.696173
5202.391768	0.696524
5200.462758	0.696702
5198.533286	0.696846
5196.604435	0.697054
5194.675395	0.697320
5192.746709	0.697517
5190.817299	0.697653
5188.888514	0.697798
5186.959279	0.697980
5185.030671	0.698168
5183.102691	0.698418
5181.173729	0.698648
5179.244592	0.698848
5177.315819	0.699045
5175.386874	0.699257
5173.458029	0.699468
5171.528748	0.699654
5169.599837	0.699868
5167.670495	0.700088
5165.741525	0.700250
5163.812395	0.700407
5161.883906	0.700643
5159.954727	0.700894
5158.025924	0.701078
5156.096703	0.701253
5154.168127	0.701457
5152.238338	0.701630
5150.309729	0.701817
5148.380443	0.702043
5146.451542	0.702228
5144.522498	0.702377
5142.593578	0.702533
5140.664517	0.702721
5138.735847	0.702922
5136.807305	0.703092
5134.878363	0.703248
5132.949289	0.703405
5131.020611	0.703569
5129.09154	0.703724
5127.162605	0.703893
5125.233544	0.704100
5123.304622	0.704268
5121.375052	0.704399
5119.446412	0.704543
5117.517128	0.704706
5115.588513	0.704861
5113.658997	0.705033
5111.730676	0.705221
5109.801197	0.705386
5107.872652	0.705515
5105.943476	0.705650
5104.014716	0.705799
5102.085329	0.705965
5100.156881	0.706166
5098.22755	0.706364
5096.2989	0.706523
5094.369631	0.706675
5092.441045	0.706832
5090.512105	0.706962
5088.58359	0.707080
5086.654206	0.707234
5084.725769	0.707404
5082.796467	0.707544
5080.867597	0.707668
5078.938642	0.707825
5077.009605	0.707989
5075.079972	0.708135
5073.15129	0.708281
5071.222274	0.708413
5069.293439	0.708536
5067.364274	0.708656
5065.43555	0.708794
5063.506242	0.708960
5061.577891	0.709103
5059.648193	0.709265
5057.719709	0.709429
5055.790394	0.709545
5053.861785	0.709677
5051.932604	0.709833
5050.003876	0.709984
5048.074836	0.710131
5046.145996	0.710285
5044.217357	0.710420
5042.288667	0.710528
5040.359418	0.710651
5038.43063	0.710782
5036.501541	0.710912
5034.572662	0.711060
5032.643487	0.711220
5030.715031	0.711377
5028.785776	0.711522
5026.856736	0.711636
5024.927914	0.711759
5022.999057	0.711918
5021.069916	0.712075
5019.140996	0.712192
5017.211796	0.712306
5015.283324	0.712423
5013.35382	0.712522
5011.425549	0.712647
5009.496001	0.712806
5007.567436	0.712954
5005.6381	0.713082
5003.7095	0.713191
5001.780134	0.713300
4999.851504	0.713436
4997.922364	0.713546
4995.993713	0.713631
4994.064554	0.713728
4992.135639	0.713840
4990.20647	0.713970
4988.277797	0.714115
4986.348624	0.714271
4984.419701	0.714426
4982.490035	0.714533
4980.561367	0.714617
4978.632208	0.714739
4976.703553	0.714862
4974.774411	0.714961
4972.845776	0.715074
4970.916905	0.715166
4968.987555	0.715225
4967.059208	0.715299
4965.130632	0.715410
4963.20109	0.715532
4961.272555	0.715648
4959.343304	0.715766
4957.414815	0.715865
4955.48537	0.715948
4953.556445	0.716042
4951.627796	0.716147
4949.698932	0.716246
4947.769612	0.716349
4945.840817	0.716462
4943.911815	0.716573
4941.983095	0.716644
4940.05344	0.716696
4938.124802	0.716767
4936.195478	0.716854
4934.266199	0.716967
4932.337455	0.717101
4930.408516	0.717209
4928.479386	0.717302
4926.55055	0.717388
4924.621527	0.717475
4922.692802	0.717554
4920.76486	0.717617
4918.835767	0.717693
4916.906976	0.717793
4914.977766	0.717897
4913.04862	0.717973
4911.120264	0.718015
4909.190771	0.718066
4907.26183	0.718142
4905.331757	0.718237
4903.403202	0.718331
4901.474001	0.718390
4899.545597	0.718450
4897.616311	0.718530
4895.687585	0.718591
4893.757982	0.718637
4891.829422	0.718694
4889.900229	0.718736
4887.971123	0.718773
4886.041868	0.718854
4884.113181	0.718943
4882.184348	0.719005
4880.255608	0.719055
4878.32625	0.719116
4876.397466	0.719193
4874.469493	0.719278
4872.54067	0.719371
4870.611238	0.719462
4868.68286	0.719544
4866.753639	0.719617
4864.824763	0.719673
4862.89576	0.719726
4860.966632	0.719785
4859.037382	0.719843
4857.108483	0.719905
4855.179464	0.719956
4853.2508	0.720005
4851.321313	0.720082
4849.39242	0.720159
4847.463414	0.720205
4845.534535	0.720252
4843.606485	0.720326
4841.678095	0.720416
4839.748428	0.720499
4837.819597	0.720574
4835.890899	0.720662
4833.961869	0.720746
4832.032743	0.720842
4830.104224	0.720958
4828.174212	0.721023
4826.245975	0.721056
4824.316252	0.721125
4822.387607	0.721218
4820.458411	0.721302
4818.529598	0.721360
4816.600703	0.721409
4814.672194	0.721458
4812.742911	0.721511
4810.814249	0.721584
4808.884819	0.721646
4806.95578	0.721711
4805.026673	0.721788
4803.09819	0.721844
4801.16895	0.721891
4799.240108	0.721936
4797.311203	0.721994
4795.382239	0.722052
4793.452987	0.722096
4791.524368	0.722143
4789.595007	0.722179
4787.666282	0.722229
4785.737278	0.722281
4783.808454	0.722307
4781.878898	0.722343
4779.950212	0.722403
4778.021027	0.722466
4776.092258	0.722519
4774.162766	0.722551
4772.234377	0.722577
4770.305042	0.722613
4768.376584	0.722655
4766.447413	0.722722
4764.518668	0.722774
4762.589441	0.722803
4760.660869	0.722839
4758.731368	0.722880
4756.802525	0.722925
4754.873662	0.722976
4752.944782	0.723025
4751.016112	0.723055
4749.087202	0.723098
4747.158054	0.723164
4745.229348	0.723218
4743.300183	0.723265
4741.371463	0.723310
4739.442288	0.723358
4737.513561	0.723406
4735.584608	0.723458
4733.655881	0.723489
4731.726486	0.723503
4729.797992	0.723548
4727.868611	0.723595
4725.940132	0.723635
4724.010549	0.723693
4722.082094	0.723737
4720.15254	0.723771
4718.223672	0.723814
4716.2946	0.723844
4714.365993	0.723848
4712.436298	0.723874
4710.507739	0.723895
4708.578762	0.723903
4706.649592	0.723925
4704.721117	0.723947
4702.792452	0.723995
4700.863379	0.724043
4698.934784	0.724046
4697.005124	0.724033
4695.076607	0.724063
4693.14747	0.724133
4691.218597	0.724189
4689.28955	0.724207
4687.36099	0.724215
4685.431382	0.724223
4683.502923	0.724212
4681.573859	0.724200
4679.644851	0.724202
4677.716118	0.724195
4675.787007	0.724170
4673.857084	0.724168
4671.928317	0.724169
4669.99896	0.724165
4668.070106	0.724182
4666.140886	0.724205
4664.212172	0.724218
4662.282877	0.724237
4660.35431	0.724287
4658.426252	0.724355
4656.497621	0.724408
4654.568203	0.724458
4652.639733	0.724516
4650.710266	0.724554
4648.781966	0.724580
4646.852673	0.724612
4644.923902	0.724642
4642.994144	0.724648
4641.065559	0.724630
4639.136423	0.724632
4637.207385	0.724664
4635.278446	0.724697
4633.349609	0.724692
4631.420231	0.724672
4629.491388	0.724663
4627.563294	0.724643
4625.634666	0.724652
4623.705721	0.724691
4621.776675	0.724708
4619.847957	0.724729
4617.919143	0.724748
4615.989807	0.724752
4614.060806	0.724760
4612.131289	0.724765
4610.202747	0.724754
4608.273482	0.724758
4606.34477	0.724787
4604.415552	0.724798
4602.486466	0.724806
4600.557726	0.724850
4598.628698	0.724906
4596.698963	0.724934
4594.770425	0.724932
4592.841395	0.724974
4590.912509	0.725050
4588.983136	0.725096
4587.054543	0.725111
4585.125468	0.725103
4583.196964	0.725118
4581.268613	0.725148
4579.339996	0.725161
4577.410907	0.725161
4575.481978	0.725149
4573.552582	0.725132
4571.623976	0.725120
4569.694908	0.725136
4567.766006	0.725194
4565.836231	0.725253
4563.907044	0.725277
4561.97803	0.725289
4560.04919	0.725314
4558.119903	0.725363
4556.191418	0.725420
4554.262489	0.725449
4552.333743	0.725449
4550.404144	0.725447
4548.47556	0.725458
4546.546337	0.725490
4544.617716	0.725527
4542.688668	0.725530
4540.759813	0.725489
4538.830741	0.725426
4536.901867	0.725412
4534.972986	0.725434
4533.044306	0.725454
4531.115419	0.725469
4529.186531	0.725464
4527.25744	0.725422
4525.328558	0.725395
4523.399478	0.725413
4521.470815	0.725407
4519.540936	0.725403
4517.612296	0.725446
4515.682854	0.725472
4513.754652	0.725463
4511.825042	0.725453
4509.896675	0.725447
4507.967517	0.725447
4506.038587	0.725421
4504.109279	0.725359
4502.180609	0.725330
4500.251362	0.725336
4498.322755	0.725327
4496.39378	0.725334
4494.465044	0.725370
4492.53554	0.725360
4490.606885	0.725302
4488.678274	0.725267
4486.749507	0.725248
4484.820385	0.725221
4482.891515	0.725198
4480.962296	0.725187
4479.033532	0.725142
4477.104424	0.725079
4475.175975	0.725026
4473.246786	0.724969
4471.31786	0.724890
4469.388599	0.724790
4467.460204	0.724719
4465.53088	0.724640
4463.602026	0.724529
4461.672847	0.724449
4459.743943	0.724391
4457.813924	0.724311
4455.885376	0.724212
4453.956314	0.724092
4452.027335	0.723933
4450.098245	0.723755
4448.16944	0.723590
4446.240528	0.723453
4444.311708	0.723340
4442.383179	0.723209
4440.454351	0.723052
4438.525424	0.722903
4436.596795	0.722761
4434.667481	0.722637
4432.738862	0.722539
4430.809563	0.722430
4428.880963	0.722313
4426.951297	0.722187
4425.022529	0.722034
4423.093289	0.721888
4421.164557	0.721752
4419.235554	0.721584
4417.306477	0.721428
4415.377524	0.721298
4413.448891	0.721144
4411.520191	0.720979
4409.591231	0.720838
4407.662209	0.720683
4405.733322	0.720476
4403.804376	0.720288
4401.875375	0.720156
4399.946514	0.720038
4398.017602	0.719896
4396.088448	0.719752
4394.159635	0.719642
4392.230583	0.719516
4390.30149	0.719348
4388.372743	0.719181
4386.443766	0.719035
4384.514753	0.718887
4382.586092	0.718736
4380.656249	0.718576
4378.72772	0.718437
4376.798591	0.718341
4374.86982	0.718244
4372.940454	0.718121
4371.011834	0.717983
4369.082624	0.717848
4367.15378	0.717728
4365.225687	0.717641
4363.296629	0.717537
4361.367564	0.717406
4359.439064	0.717287
4357.5098	0.717159
4355.581104	0.717009
4353.652031	0.716863
4351.72315	0.716708
4349.793517	0.716541
4347.865029	0.716375
4345.935416	0.716205
4344.006761	0.716045
4342.077554	0.715880
4340.149118	0.715701
4338.219571	0.715534
4336.291175	0.715374
4334.360548	0.715208
4332.43239	0.715012
4330.503133	0.714791
4328.574282	0.714530
4326.644903	0.714217
4324.716307	0.713971
4322.787188	0.713963
4320.858482	0.714302
4318.930191	0.714904
4317.001383	0.715538
4315.072063	0.716080
4313.143537	0.716494
4311.214132	0.716777
4309.285709	0.716975
4307.356599	0.717116
4305.427547	0.717204
4303.497999	0.717273
4301.569255	0.717309
4299.640021	0.717286
4297.711224	0.717271
4295.782495	0.717281
4293.853469	0.717255
4291.924332	0.717195
4289.995824	0.717146
4288.066474	0.717110
4286.137572	0.717063
4284.20857	0.716984
4282.279653	0.716897
4280.350639	0.716834
4278.422082	0.716762
4276.492701	0.716663
4274.564146	0.716560
4272.635139	0.716450
4270.706596	0.716309
4268.777606	0.716150
4266.848537	0.715963
4264.919574	0.715773
4262.990536	0.715590
4261.061609	0.715360
4259.132613	0.715100
4257.203732	0.714856
4255.274785	0.714642
4253.345597	0.714532
4251.417072	0.714586
4249.487767	0.714830
4247.55913	0.715197
4245.629899	0.715541
4243.701159	0.715800
4241.772372	0.715982
4239.843719	0.716108
4237.914665	0.716207
4235.985749	0.716256
4234.056797	0.716255
4232.127809	0.716248
4230.198967	0.716235
4228.270095	0.716226
4226.339588	0.716207
4224.411021	0.716182
4222.481895	0.716148
4220.553284	0.716112
4218.623942	0.716103
4216.695474	0.716102
4214.766282	0.716104
4212.837612	0.716120
4210.908046	0.716102
4208.979361	0.716048
4207.050141	0.716001
4205.121628	0.715966
4203.192409	0.715907
4201.2639	0.715812
4199.334338	0.715733
4197.405844	0.715662
4195.477007	0.715582
4193.54836	0.715513
4191.619201	0.715466
4189.690237	0.715427
4187.761117	0.715387
4185.832723	0.715353
4183.903302	0.715318
4181.974785	0.715267
4180.045425	0.715220
4178.116796	0.715194
4176.187679	0.715152
4174.258774	0.715089
4172.329561	0.715010
4170.400913	0.714930
4168.471615	0.714891
4166.543233	0.714868
4164.613165	0.714811
4162.684712	0.714770
4160.755447	0.714739
4158.826758	0.714672
4156.897265	0.714623
4154.968871	0.714602
4153.039333	0.714577
4151.110897	0.714545
4149.18253	0.714527
4147.25389	0.714531
4145.324464	0.714513
4143.396145	0.714470
4141.466705	0.714446
4139.53786	0.714422
4137.608758	0.714383
4135.680255	0.714313
4133.750302	0.714235
4131.821808	0.714178
4129.892555	0.714140
4127.963909	0.714107
4126.034681	0.714061
4124.105894	0.713990
4122.176701	0.713920
4120.247953	0.713856
4118.317787	0.713792
4116.388921	0.713728
4114.459998	0.713664
4112.531191	0.713588
4110.601826	0.713470
4108.673426	0.713344
4106.744136	0.713237
4104.81531	0.713146
4102.887621	0.713023
4100.958378	0.712889
4099.029772	0.712806
4097.100629	0.712711
4095.171792	0.712603
4093.243095	0.712518
4091.313703	0.712429
4089.385126	0.712321
4087.455525	0.712226
4085.52641	0.712156
4083.597614	0.712061
4081.668638	0.711934
4079.739654	0.711789
4077.810663	0.711640
4075.881667	0.711528
4073.952836	0.711418
4072.023509	0.711264
4070.094848	0.711094
4068.165696	0.710908
4066.236719	0.710720
4064.307918	0.710560
4062.379132	0.710422
4060.450031	0.710289
4058.52095	0.710140
4056.592878	0.709986
4054.663843	0.709871
4052.73467	0.709765
4050.805855	0.709629
4048.876908	0.709517
4046.94816	0.709408
4045.018958	0.709260
4043.089959	0.709141
4041.161003	0.709041
4039.231766	0.708924
4037.302902	0.708810
4035.374089	0.708703
4033.445003	0.708621
4031.516135	0.708560
4029.587001	0.708507
4027.658089	0.708439
4025.729727	0.708370
4023.80062	0.708362
4021.871905	0.708365
4019.942937	0.708335
4018.014043	0.708331
4016.085063	0.708320
4014.15584	0.708255
4012.227182	0.708203
4010.297481	0.708157
4008.368672	0.708057
4006.439631	0.707971
4004.510681	0.707888
4002.581986	0.707770
4000.652747	0.707653
3998.724087	0.707555
3996.79473	0.707471
3994.865958	0.707434
3992.936655	0.707397
3991.007621	0.707299
3989.079019	0.707221
3987.150053	0.707160
3985.221047	0.707069
3983.291843	0.706973
3981.363239	0.706885
3979.434442	0.706811
3977.505615	0.706719
3975.576602	0.706610
3973.647722	0.706569
3971.718505	0.706565
3969.789741	0.706519
3967.860961	0.706483
3965.931695	0.706469
3964.002575	0.706377
3962.073762	0.706275
3960.144629	0.706263
3958.215807	0.706226
3956.286985	0.706138
3954.357853	0.706064
3952.428726	0.705951
3950.500076	0.705743
3948.570657	0.705588
3946.642031	0.705637
3944.712954	0.705548
3942.783897	0.705343
3940.855017	0.705428
3938.926162	0.705493
3936.997179	0.705427
3935.068071	0.705232
3933.139925	0.704853
3931.210886	0.704741
3929.28173	0.704907
3927.353234	0.704873
3925.424164	0.704608
3923.494987	0.704573
3921.566167	0.704543
3919.637399	0.704222
3917.707611	0.703943
3915.77865	0.704141
3913.849595	0.704489
3911.920757	0.704520
3909.991679	0.704452
3908.062669	0.704257
3906.133731	0.703452
3904.204868	0.702515
3902.275624	0.702352
3900.346612	0.702518
3898.417683	0.703027
3896.488687	0.703768
3894.559931	0.703741
3892.630962	0.702803
3890.702086	0.702587
3888.772852	0.703113
3886.844927	0.702205
3884.915893	0.701910
3882.986663	0.702664
3881.057992	0.702354
3879.128979	0.702474
3877.199778	0.702895
3875.271143	0.702388
3873.342176	0.702108
3871.41273	0.701134
3869.483708	0.700580
3867.554812	0.701533
3865.625746	0.701403
3863.696813	0.701247
3861.767865	0.701740
3859.838905	0.702024
3857.910085	0.701822
3855.981705	0.699046
3854.052876	0.695657
3852.123749	0.697068
3850.194774	0.700455
3848.265952	0.701628
3846.336991	0.701413
3844.407894	0.700747
3842.478958	0.700358
3840.549746	0.699546
3838.620848	0.697881
3836.691679	0.697987
3834.762831	0.699307
3832.834011	0.699485
3830.905076	0.699555
3828.976029	0.699819
3827.047166	0.699602
3825.117758	0.699513
3823.188541	0.698380
3821.259662	0.697097
3819.330833	0.697843
3817.401909	0.697128
3815.472895	0.696541
3813.543793	0.698317
3811.614752	0.699105
3809.686792	0.698359
3807.75788	0.696773
3805.828893	0.696883
3803.899834	0.696966
3801.970995	0.695135
3800.042089	0.695666
3798.112976	0.696904
3796.184091	0.696762
3794.254429	0.696989
3792.325865	0.697060
3790.396674	0.696801
3788.467866	0.696565
3786.538869	0.696217
3784.609831	0.695876
3782.68104	0.695684
3780.75207	0.695110
3778.822782	0.694757
3776.89375	0.694963
3774.964691	0.694919
3773.035893	0.694461
3771.106933	0.693513
3769.178096	0.693067
3767.248962	0.693095
3765.319957	0.692864
3763.391936	0.692916
3761.463059	0.692384
3759.533896	0.691585
3757.604876	0.691453
3755.676	0.691268
3753.74699	0.689304
3751.81799	0.686887
3749.889285	0.686440
3747.959892	0.687596
3746.030799	0.685885
3744.10201	0.684218
3742.172825	0.686578
3740.243948	0.687587
3738.314822	0.685978
3736.386011	0.684305
3734.457096	0.683816
3732.527665	0.683564
3730.598834	0.683895
3728.669633	0.683854
3726.740759	0.682658
3724.81166	0.681747
3722.882755	0.680913
3720.954047	0.680068
3719.024846	0.679240
3717.096817	0.678298
3715.167748	0.676777
3713.238751	0.674091
3711.309689	0.672044
3709.380705	0.671279
3707.4518	0.670331
3705.522978	0.668524
3703.594105	0.665774
3701.664909	0.662926
3699.735942	0.660688
3697.806934	0.658248
3695.877888	0.655464
3693.948942	0.652411
3692.020101	0.648710
3690.091094	0.644060
3688.162062	0.640071
3686.232735	0.637603
3684.303933	0.633643
3682.374707	0.627585
3680.44574	0.620922
3678.516763	0.614261
3676.587915	0.607474
3674.659062	0.602848
3672.730075	0.598401
3670.801764	0.590864
3668.872919	0.582457
3666.943949	0.572542
3665.014991	0.562630
3663.085915	0.556323
3661.156857	0.552010
3659.227956	0.546630
3657.29908	0.539374
3655.369831	0.532182
3653.440882	0.525321
3651.511834	0.516039
3649.582957	0.503788
3647.654121	0.493914
3645.725196	0.490071
3643.796053	0.487950
3641.867359	0.484156
3639.938718	0.479368
3638.009737	0.474479
3636.080815	0.469647
3634.151825	0.464985
3632.222902	0.460506
3630.293917	0.455128
3628.365005	0.449447
3626.436037	0.445242
3624.506623	0.443245
3622.577555	0.442068
3620.648835	0.439830
3618.719811	0.437462
3616.790749	0.435751
3614.861912	0.433765
3612.932912	0.431597
3611.003754	0.429639
3609.074831	0.427777
3607.145756	0.426377
3605.216662	0.425165
3603.287683	0.423742
3601.358951	0.422275
3599.429822	0.420971
3597.500946	0.419748
3595.571938	0.418503
3593.643707	0.417431
3591.714833	0.416478
3589.785839	0.415213
3587.856855	0.413974
3585.928015	0.413352
3583.999064	0.412961
3582.070134	0.412367
3580.141229	0.411777
3578.211839	0.411333
3576.282609	0.410977
3574.353797	0.410681
3572.424895	0.410414
3570.495907	0.410063
3568.566836	0.409574
3566.637813	0.409481
3564.708968	0.409914
3562.779923	0.410339
3560.850683	0.410667
3558.921884	0.411066
3556.992897	0.411549
3555.063977	0.412051
3553.135128	0.412619
3551.206101	0.413386
3549.277152	0.414169
3547.348788	0.414822
3545.419878	0.415585
3543.49093	0.416488
3541.561947	0.417327
3539.632934	0.418052
3537.704018	0.418761
3535.775078	0.419559
3533.846118	0.420420
3531.916392	0.421207
3529.987526	0.421885
3528.05865	0.422567
3526.129643	0.423336
3524.200881	0.424078
3522.271747	0.424772
3520.342864	0.425436
3518.413865	0.426000
3516.484753	0.426497
3514.555532	0.426957
3512.626822	0.427346
3510.697763	0.427641
3508.768852	0.427949
3506.839969	0.428272
3504.910871	0.428462
3502.982054	0.428609
3501.053765	0.428849
3499.124781	0.429098
3497.195721	0.429270
3495.26671	0.429427
3493.337873	0.429627
3491.408969	0.429794
3489.480003	0.429899
3487.551099	0.430004
3485.621654	0.430124
3483.693007	0.430234
3481.763827	0.430349
3479.835086	0.430515
3477.906063	0.430660
3475.977002	0.430727
3474.048027	0.430827
3472.119144	0.430965
3470.191076	0.431097
3468.261901	0.431199
3466.333187	0.431293
3464.403977	0.431416
3462.475234	0.431529
3460.546123	0.431636
3458.617008	0.431726
3456.688249	0.431783
3454.758657	0.431855
3452.829907	0.431942
3450.900927	0.431994
3448.971841	0.431978
3447.043009	0.431952
3445.11396	0.431962
3443.185172	0.431937
3441.256056	0.431909
3439.326734	0.431903
3437.397684	0.431865
3435.46879	0.431809
3433.539702	0.431763
3431.611012	0.431699
3429.681783	0.431606
3427.752842	0.431518
3425.82384	0.431417
3423.8956	0.431270
3421.966837	0.431124
3420.037906	0.431017
3418.108929	0.430927
3416.179909	0.430815
3414.251084	0.430685
3412.32199	0.430589
3410.393098	0.430531
3408.463597	0.430503
3406.534653	0.430454
3404.605689	0.430382
3402.676709	0.430368
3400.747716	0.430381
3398.818944	0.430355
3396.889821	0.430308
3394.960812	0.430281
3393.031805	0.430257
3391.102689	0.430264
3389.173928	0.430299
3387.244835	0.430326
3385.315989	0.430335
3383.387049	0.430355
3381.458018	0.430421
3379.529017	0.430531
3377.600846	0.430615
3375.671797	0.430657
3373.742901	0.430697
3371.814049	0.430732
3369.884902	0.430782
3367.956147	0.430847
3366.027106	0.430931
3364.098123	0.431038
3362.168863	0.431168
3360.240007	0.431310
3358.310882	0.431449
3356.382169	0.431602
3354.453194	0.431803
3352.524075	0.432007
3350.595265	0.432168
3348.666318	0.432321
3346.736567	0.432503
3344.807472	0.432718
3342.878812	0.432916
3340.949585	0.433131
3339.020799	0.433372
3337.0919	0.433593
3335.162781	0.433807
3333.234003	0.434055
3331.305679	0.434333
3329.376591	0.434572
3327.447633	0.434780
3325.518808	0.435000
3323.589897	0.435200
3321.660796	0.435371
3319.731949	0.435577
3317.802809	0.435804
3315.873711	0.436030
3313.944878	0.436236
3312.015765	0.436456
3310.086814	0.436699
3308.15803	0.436930
3306.229088	0.437141
3304.299991	0.437337
3302.371182	0.437530
3300.441682	0.437699
3298.512694	0.437873
3296.583569	0.438057
3294.654746	0.438221
3292.725684	0.438349
3290.796931	0.438483
3288.86784	0.438624
3286.938957	0.438745
3285.010716	0.438857
3283.081718	0.438980
3281.152939	0.439106
3279.223844	0.439240
3277.294976	0.439381
3275.366015	0.439519
3273.437073	0.439670
3271.508047	0.439801
3269.578835	0.439917
3267.649868	0.440051
3265.721042	0.440152
3263.792043	0.440232
3261.86298	0.440344
3259.934177	0.440459
3258.005106	0.440559
3256.07609	0.440664
3254.147875	0.440803
3252.218769	0.440943
3250.289836	0.441035
3248.360869	0.441144
3246.431871	0.441272
3244.502952	0.441407
3242.573906	0.441565
3240.645052	0.441717
3238.715449	0.441857
3236.786781	0.441968
3234.857583	0.442046
3232.928698	0.442121
3230.999815	0.442192
3229.070834	0.442268
3227.141864	0.442384
3225.213012	0.442512
3223.28366	0.442619
3221.354747	0.442758
3219.425757	0.442941
3217.496799	0.443121
3215.567773	0.443269
3213.638889	0.443419
3211.709946	0.443568
3209.78105	0.443696
3207.852721	0.443849
3205.923829	0.444042
3203.994997	0.444219
3202.066024	0.444360
3200.137017	0.444542
3198.208082	0.444752
3196.27902	0.444967
3194.350038	0.445195
3192.420632	0.445434
3190.491722	0.445670
3188.562804	0.445889
3186.633678	0.446088
3184.704856	0.446312
3182.775836	0.446559
3180.847026	0.446782
3178.917925	0.447008
3176.98874	0.447242
3175.059879	0.447482
3173.130842	0.447711
3171.201935	0.447928
3169.272961	0.448154
3167.344024	0.448356
3165.41503	0.448533
3163.486182	0.448711
3161.557484	0.448891
3159.628641	0.449073
3157.699757	0.449282
3155.770737	0.449504
3153.841785	0.449722
3151.912804	0.449930
3149.9839	0.450114
3148.054878	0.450296
3146.125644	0.450469
3144.196696	0.450623
3142.267743	0.450822
3140.338789	0.451043
3138.409837	0.451223
3136.480991	0.451385
3134.552058	0.451550
3132.622944	0.451696
3130.69395	0.451859
3128.76498	0.452056
3126.835941	0.452231
3124.907034	0.452387
3122.977969	0.452549
3121.049142	0.452704
3119.120166	0.452840
3117.191047	0.452950
3115.262662	0.453028
3113.333658	0.453068
3111.404814	0.453091
3109.475941	0.453070
3107.546948	0.452994
3105.617839	0.452947
3103.689101	0.452971
3101.759967	0.453087
3099.830923	0.453291
3097.901974	0.453461
3095.972932	0.453539
3094.043993	0.453570
3092.114971	0.453524
3090.18606	0.453359
3088.257075	0.453053
3086.328211	0.452640
3084.398805	0.452275
3082.470005	0.452121
3080.540864	0.452245
3078.611956	0.452564
3076.68319	0.452879
3074.754098	0.453057
3072.825157	0.453065
3070.896183	0.452974
3068.967558	0.452796
3067.038531	0.452464
3065.109673	0.452131
3063.180706	0.451915
3061.251729	0.451762
3059.322746	0.451758
3057.393763	0.451941
3055.464783	0.452258
3053.535718	0.452575
3051.606666	0.452797
3049.677632	0.452951
3047.748806	0.453074
3045.819821	0.453127
3043.89096	0.453096
3041.961949	0.452992
3040.032978	0.452837
3038.104699	0.452594
3036.17573	0.452255
3034.246816	0.451840
3032.31796	0.451342
3030.388891	0.450760
3028.459891	0.450223
3026.530964	0.449897
3024.602022	0.449887
3022.672797	0.450176
3020.743841	0.450641
3018.814885	0.451112
3016.886115	0.451446
3014.957081	0.451582
3013.027971	0.451602
3011.099152	0.451515
3009.170266	0.451325
3007.240774	0.451044
3005.311859	0.450703
3003.3828	0.450338
3001.453874	0.449997
2999.524815	0.449710
2997.595988	0.449483
2995.666948	0.449257
2993.738058	0.448950
2991.809771	0.448544
2989.880749	0.448059
2987.951891	0.447470
2986.022934	0.446818
2984.093973	0.446095
2982.165102	0.445296
2980.236058	0.444409
2978.307113	0.443426
2976.377651	0.442310
2974.448653	0.441021
2972.519857	0.439471
2970.590824	0.437608
2968.661914	0.435543
2966.732867	0.433583
2964.803952	0.431898
2962.875086	0.430483
2960.945572	0.429319
2959.016643	0.428537
2957.087515	0.428241
2955.158717	0.428284
2953.229818	0.428392
2951.300821	0.428361
2949.371821	0.427996
2947.442821	0.427147
2945.514694	0.425763
2943.585622	0.423878
2941.656826	0.421593
2939.72779	0.418999
2937.798866	0.416141
2935.8698	0.413075
2933.940855	0.409889
2932.011864	0.406704
2930.082832	0.403578
2928.153851	0.400626
2926.224753	0.398021
2924.295972	0.396042
2922.366914	0.394963
2920.437926	0.394946
2918.509012	0.396038
2916.580008	0.398328
2914.651003	0.401791
2912.721834	0.405881
2910.793014	0.409587
2908.863954	0.412338
2906.934999	0.414277
2905.006154	0.415705
2903.077169	0.416802
2901.148219	0.417712
2899.219646	0.418499
2897.290697	0.419200
2895.361882	0.419814
2893.432787	0.420376
2891.50392	0.420883
2889.575035	0.421311
2887.645969	0.421640
2885.717063	0.421851
2883.787488	0.421849
2881.858582	0.421620
2879.929684	0.421236
2878.000798	0.420791
2876.071765	0.420278
2874.14292	0.419687
2872.213856	0.419094
2870.284908	0.418512
2868.356739	0.417774
2866.427626	0.416728
2864.498808	0.415273
2862.569799	0.413370
2860.640931	0.411007
2858.7118	0.408243
2856.783066	0.405233
2854.853917	0.402343
2852.924523	0.400096
2850.995541	0.399250
2849.06673	0.400675
2847.137771	0.404313
2845.208751	0.408654
2843.279837	0.412361
2841.350792	0.415126
2839.421863	0.417092
2837.492734	0.418453
2835.563731	0.419382
2833.63478	0.419959
2831.705806	0.420290
2829.776813	0.420442
2827.847968	0.420459
2825.918876	0.420388
2823.989941	0.420258
2822.061807	0.420085
2820.132804	0.419887
2818.203816	0.419626
2816.274847	0.419312
2814.345982	0.418948
2812.41699	0.418587
2810.488033	0.418221
2808.559039	0.417842
2806.629855	0.417459
2804.700881	0.417080
2802.771964	0.416667
2800.84311	0.416240
2798.914089	0.415797
2796.985063	0.415353
2795.056116	0.414892
2793.127253	0.414407
2791.197701	0.413924
2789.268713	0.413437
2787.339824	0.412930
2785.410887	0.412416
2783.481983	0.411887
2781.552963	0.411370
2779.624066	0.410838
2777.695064	0.410287
2775.766581	0.409737
2773.837618	0.409199
2771.908723	0.408651
2769.979823	0.408087
2768.050847	0.407515
2766.121802	0.406938
2764.192921	0.406333
2762.26383	0.405721
2760.334686	0.405088
2758.405724	0.404450
2756.476873	0.403825
2754.547834	0.403206
2752.618993	0.402568
2750.689901	0.401939
2748.761092	0.401282
2746.832044	0.400633
2744.902613	0.399982
2742.973633	0.399311
2741.044658	0.398639
2739.115692	0.397980
2737.186743	0.397324
2735.257815	0.396677
2733.32884	0.396007
2731.399823	0.395354
2729.471664	0.394734
2727.542804	0.394109
2725.613844	0.393462
2723.684718	0.392833
2721.755951	0.392184
2719.82688	0.391531
2717.89803	0.390877
2715.968963	0.390209
2714.039834	0.389523
2712.110795	0.388839
2710.181852	0.388151
2708.252864	0.387478
2706.324057	0.386818
2704.394923	0.386172
2702.465981	0.385504
2700.537018	0.384812
2698.607675	0.384125
2696.678687	0.383461
2694.74984	0.382777
2692.820778	0.382074
2690.891942	0.381364
2688.962902	0.380663
2687.033882	0.379951
2685.105032	0.379238
2683.176718	0.378532
2681.247721	0.377827
2679.318839	0.377107
2677.389935	0.376409
2675.460871	0.375734
2673.53194	0.375045
2671.603005	0.374304
2669.674001	0.373565
2667.74472	0.372840
2665.815667	0.372107
2663.886706	0.371363
2661.957841	0.370632
2660.028866	0.369879
2658.099859	0.369124
2656.170896	0.368384
2654.241983	0.367657
2652.313759	0.366904
2650.384682	0.366135
2648.455744	0.365357
2646.526949	0.364599
2644.597885	0.363839
2642.668907	0.363072
2640.740022	0.362287
2638.810956	0.361499
2636.881925	0.360707
2634.952866	0.359931
2633.023993	0.359171
2631.094964	0.358415
2629.165996	0.357645
2627.237023	0.356901
2625.308054	0.356151
2623.379162	0.355387
2621.449666	0.354615
2619.520742	0.353863
2617.591845	0.353121
2615.662845	0.352385
2613.733886	0.351623
2611.804904	0.350863
2609.875974	0.350100
2607.946967	0.349337
2606.018704	0.348578
2604.089765	0.347826
2602.160902	0.347063
2600.231852	0.346305
2598.302892	0.345558
2596.373961	0.344815
2594.445132	0.344065
2592.516075	0.343337
2590.586596	0.342629
2588.657708	0.341929
2586.72868	0.341209
2584.799785	0.340469
2582.870829	0.339717
2580.941953	0.338973
2579.012962	0.338237
2577.084063	0.337511
2575.154798	0.336762
2573.225771	0.336005
2571.296789	0.335257
2569.367924	0.334525
2567.438918	0.333781
2565.509977	0.333040
2563.581105	0.332281
2561.65218	0.331524
2559.723599	0.330781
2557.794714	0.330042
2555.86573	0.329286
2553.936717	0.328532
2552.007814	0.327776
2550.078896	0.327030
2548.149969	0.326279
2546.220976	0.325529
2544.291795	0.324764
2542.36282	0.324003
2540.433798	0.323246
2538.504802	0.322477
2536.575967	0.321685
2534.647041	0.320894
2532.718096	0.320096
2530.78901	0.319303
2528.859854	0.318501
2526.930892	0.317677
2525.001938	0.316861
2523.072934	0.316063
2521.144015	0.315259
2519.215124	0.314461
2517.286204	0.313646
2515.357199	0.312839
2513.428684	0.312047
2511.499718	0.311265
2509.570876	0.310478
2507.641788	0.309706
2505.712837	0.308927
2503.783906	0.308162
2501.854938	0.307430
2499.926065	0.306708
2497.996482	0.305962
2496.067508	0.305240
2494.138525	0.304539
2492.209602	0.303816
2490.280684	0.303069
2488.351776	0.302310
2486.422888	0.301550
2484.493777	0.300791
2482.565563	0.300019
2480.636585	0.299246
2478.707653	0.298463
2476.778775	0.297691
2474.850017	0.296926
2472.92102	0.296171
2470.991792	0.295417
2469.063011	0.294646
2467.133708	0.293868
2465.204866	0.293112
2463.275821	0.292350
2461.346946	0.291598
2459.417883	0.290836
2457.488943	0.290065
2455.560132	0.289306
2453.630975	0.288587
2451.701962	0.287871
2449.773098	0.287153
2447.844092	0.286447
2445.91501	0.285757
2443.986159	0.285062
2442.057187	0.284370
2440.128102	0.283675
2438.199268	0.282975
2436.270632	0.282249
2434.341667	0.281550
2432.412914	0.280872
2430.483848	0.280166
2428.555067	0.279442
2426.62593	0.278722
2424.697033	0.277994
2422.768148	0.277276
2420.838989	0.276555
2418.909798	0.275841
2416.980935	0.275119
2415.052053	0.274406
2413.122929	0.273694
2411.194094	0.272978
2409.265089	0.272252
2407.336039	0.271535
2405.406546	0.270795
2403.477601	0.270062
2401.548518	0.269326
2399.619766	0.268595
2397.690774	0.267854
2395.761668	0.267102
2393.832855	0.266353
2391.903941	0.265619
2389.97562	0.264892
2388.046642	0.264175
2386.117758	0.263445
2384.188804	0.262725
2382.259618	0.262021
2380.330945	0.261327
2378.401828	0.260655
2376.472899	0.260016
2374.543544	0.259398
2372.61473	0.258808
2370.685731	0.258229
2368.756724	0.257661
2366.827885	0.257066
2364.898996	0.256434
2362.970066	0.255769
2361.041047	0.255073
2359.11178	0.254307
2357.182997	0.253478
2355.253925	0.252594
2353.324796	0.251686
2351.396005	0.250756
2349.467171	0.249910
2347.538083	0.249223
2345.609244	0.248633
2343.68099	0.248051
2341.751955	0.247444
2339.822973	0.246813
2337.89405	0.246168
2335.965195	0.245482
2334.036143	0.244787
2332.107119	0.244087
2330.178187	0.243382
2328.248865	0.242652
2326.319867	0.241927
2324.390983	0.241211
2322.461951	0.240480
2320.532995	0.239740
2318.603961	0.239036
2316.675019	0.238335
2314.746015	0.237629
2312.816584	0.236931
2310.88759	0.236243
2308.958772	0.235548
2307.029871	0.234857
2305.100896	0.234156
2303.171855	0.233470
2301.243021	0.232803
2299.313873	0.232145
2297.385688	0.231476
2295.456729	0.230815
2293.527745	0.230160
2291.599007	0.229515
2289.669946	0.228878
2287.740937	0.228238
2285.811936	0.227580
2283.882951	0.226926
2281.95347	0.226282
2280.024543	0.225637
2278.095657	0.224986
2276.166819	0.224349
2274.23778	0.223708
2272.308858	0.223063
2270.379958	0.222425
2268.450882	0.221797
2266.522667	0.221161
2264.593778	0.220545
2262.664791	0.219928
2260.735918	0.219309
2258.806913	0.218687
2256.878039	0.218066
2254.949049	0.217433
2253.019954	0.216809
2251.090811	0.216188
2249.161833	0.215570
2247.233027	0.214938
2245.303896	0.214318
2243.374955	0.213720
2241.445959	0.213132
2239.516967	0.212529
2237.588188	0.211934
2235.65888	0.211341
2233.730052	0.210752
2231.801013	0.210165
2229.871971	0.209582
2227.943184	0.209009
2226.014163	0.208443
2224.085215	0.207851
2222.156298	0.207263
2220.227668	0.206681
2218.298594	0.206098
2216.369627	0.205513
2214.440727	0.204935
2212.511705	0.204364
2210.582767	0.203791
2208.653921	0.203214
2206.724932	0.202651
2204.795616	0.202090
2202.866709	0.201530
2200.937639	0.200982
2199.008753	0.200448
2197.079817	0.199912
2195.150793	0.199386
2193.221931	0.198854
2191.292998	0.198309
2189.36386	0.197742
2187.434862	0.197189
2185.505869	0.196638
2183.57689	0.196088
2181.647886	0.195553
2179.719104	0.195025
2177.790125	0.194490
2175.861149	0.193951
2173.932703	0.193406
2172.003569	0.192885
2170.074747	0.192353
2168.145776	0.191802
2166.216852	0.191266
2164.287797	0.190752
2162.358808	0.190220
2160.429894	0.189679
2158.500692	0.189145
2156.571815	0.188619
2154.642808	0.188091
2152.713773	0.187580
2150.784813	0.187069
2148.856074	0.186554
2146.927011	0.186028
2144.998096	0.185518
2143.06874	0.185023
2141.139781	0.184530
2139.211041	0.184034
2137.282027	0.183547
2135.353024	0.183063
2133.424041	0.182596
2131.495086	0.182124
2129.566125	0.181641
2127.637664	0.181142
2125.708762	0.180653
2123.779745	0.180162
2121.85076	0.179681
2119.92186	0.179196
2117.99283	0.178715
2116.063904	0.178244
2114.135048	0.177786
2112.205466	0.177322
2110.276642	0.176857
2108.347737	0.176391
2106.418761	0.175939
2104.489725	0.175494
2102.560858	0.175035
2100.631906	0.174580
2098.702922	0.174145
2096.77374	0.173707
2094.844723	0.173267
2092.915748	0.172810
2090.986737	0.172369
2089.057961	0.171937
2087.128995	0.171501
2085.200065	0.171058
2083.270965	0.170634
2081.342746	0.170215
2079.413768	0.169791
2077.484867	0.169357
2075.555836	0.168928
2073.626902	0.168502
2071.698073	0.168088
2069.768973	0.167664
2067.84017	0.167233
2065.910691	0.166808
2063.981742	0.166402
2062.052777	0.165984
2060.123764	0.165565
2058.194884	0.165153
2056.265807	0.164750
2054.336966	0.164326
2052.407865	0.163904
2050.479399	0.163489
2048.550566	0.163081
2046.621715	0.162658
2044.69273	0.162239
2042.763831	0.161808
2040.834777	0.161379
2038.905955	0.160953
2036.976833	0.160528
2035.047631	0.160100
2033.118732	0.159679
2031.189731	0.159243
2029.260846	0.158799
2027.331921	0.158373
2025.402928	0.157946
2023.47408	0.157494
2021.54502	0.157043
2019.61572	0.156576
2017.6868	0.156108
2015.757702	0.155644
2013.828842	0.155174
2011.899946	0.154696
2009.970903	0.154222
2008.041927	0.153747
2006.112987	0.153267
2004.184497	0.152760
2002.255701	0.152231
2000.326573	0.151706
1998.397765	0.151176
1996.468686	0.150608
1994.539708	0.150022
1992.610881	0.149425
1990.681976	0.148840
1988.752649	0.148247
1986.823664	0.147649
1984.894674	0.147019
1982.965887	0.146351
1981.036881	0.145667
1979.107904	0.144969
1977.178965	0.144257
1975.250038	0.143522
1973.320782	0.142768
1971.391793	0.142035
1969.462848	0.141306
1967.533997	0.140578
1965.605056	0.139850
1963.676038	0.139123
1961.747108	0.138415
1959.818123	0.137717
1957.88967	0.137028
1955.960761	0.136400
1954.031678	0.135788
1952.102777	0.135178
1950.173838	0.134591
1948.244913	0.134048
1946.315822	0.133538
1944.386955	0.133041
1942.457758	0.132582
1940.528808	0.132183
1938.599926	0.131808
1936.670938	0.131463
1934.742004	0.131141
1932.813023	0.130833
1930.88397	0.130542
1928.955043	0.130274
1927.025695	0.130014
1925.096868	0.129753
1923.16783	0.129475
1921.238926	0.129207
1919.309908	0.128944
1917.381048	0.128658
1915.452024	0.128369
1913.52307	0.128060
1911.594636	0.127719
1909.665599	0.127374
1907.736629	0.127033
1905.807776	0.126694
1903.878795	0.126332
1901.949772	0.125956
1900.020864	0.125585
1898.091901	0.125189
1896.162717	0.124775
1894.233718	0.124357
1892.30488	0.123906
1890.375892	0.123403
1888.446875	0.122893
1886.517947	0.122376
1884.589013	0.121817
1882.659979	0.121247
1880.731706	0.120656
1878.802791	0.120057
1876.873812	0.119461
1874.944783	0.118881
1873.015856	0.118307
1871.086902	0.117717
1869.1579	0.117136
1867.229071	0.116633
1865.299556	0.116191
1863.370553	0.115770
1861.441724	0.115366
1859.512769	0.114985
1857.583702	0.114647
1855.654845	0.114333
1853.7259	0.114018
1851.796881	0.113711
1849.867766	0.113423
1847.938773	0.113138
1846.009914	0.112804
1844.080861	0.112447
1842.151933	0.112135
1840.223006	0.111819
1838.294092	0.111468
1836.365172	0.111096
1834.436796	0.110696
1832.507831	0.110269
1830.578898	0.109809
1828.649875	0.109336
1826.720941	0.108828
1824.791945	0.108265
1822.863063	0.107704
1820.934144	0.107118
1819.004703	0.106509
1817.075748	0.105897
1815.146794	0.105301
1813.21769	0.104735
1811.288778	0.104212
1809.359906	0.103737
1807.430956	0.103289
1805.501877	0.102860
1803.572585	0.102450
1801.643712	0.102057
1799.714749	0.101705
1797.785775	0.101378
1795.856804	0.101072
1793.927784	0.100768
1791.998954	0.100490
1790.069973	0.100271
1788.141784	0.100047
1786.212735	0.099767
1784.283895	0.099470
1782.354802	0.099177
1780.425975	0.098852
1778.496923	0.098490
1776.568006	0.098099
1774.639049	0.097655
1772.709625	0.097127
1770.78066	0.096587
1768.851696	0.095999
1766.922778	0.095325
1764.993763	0.094594
1763.064791	0.093789
1761.135904	0.093000
1759.206933	0.092301
1757.277642	0.091662
1755.348604	0.091132
1753.419677	0.090726
1751.490751	0.090439
1749.56184	0.090385
1747.632775	0.090485
1745.703906	0.090741
1743.774972	0.091175
1741.846777	0.091773
1739.917816	0.092523
1737.988924	0.093466
1736.059873	0.094476
1734.13095	0.095561
1732.201988	0.096829
1730.273032	0.098124
1728.344095	0.099338
1726.414655	0.100494
1724.485653	0.101577
1722.556713	0.102582
1720.62785	0.103466
1718.698812	0.104171
1716.76988	0.104799
1714.840921	0.105415
1712.911949	0.105886
1710.982687	0.106167
1709.053764	0.106284
1707.124697	0.106269
1705.195851	0.106172
1703.266775	0.106041
1701.337949	0.105713
1699.408923	0.105400
1697.480003	0.105156
1695.551747	0.104842
1693.622819	0.104635
1691.693896	0.104415
1689.76488	0.104138
1687.835927	0.103890
1685.907024	0.103618
1683.978045	0.103413
1682.049033	0.103420
1680.119608	0.103430
1678.19069	0.103417
1676.261785	0.103399
1674.332739	0.103451
1672.403764	0.103539
1670.47482	0.103560
1668.545922	0.103569
1666.617001	0.103549
1664.688545	0.103364
1662.75968	0.103021
1660.830674	0.102606
1658.90168	0.102077
1656.972714	0.101432
1655.043791	0.100670
1653.114926	0.099897
1651.185864	0.099495
1649.256755	0.099295
1647.327753	0.099197
1645.398872	0.099478
1643.469857	0.100202
1641.540859	0.101246
1639.611895	0.102598
1637.683007	0.104187
1635.75405	0.105944
1633.82464	0.107916
1631.895755	0.109881
1629.966823	0.111739
1628.037807	0.113513
1626.108909	0.115189
1624.179933	0.116719
1622.251002	0.118164
1620.322027	0.119514
1618.393626	0.120670
1616.464689	0.121718
1614.535782	0.122801
1612.606844	0.123745
1610.677841	0.124551
1608.748865	0.125268
1606.819961	0.125909
1604.891014	0.126449
1602.96176	0.126957
1601.032884	0.127456
1599.103888	0.127999
1597.174917	0.128565
1595.245988	0.129077
1593.316966	0.129529
1591.388044	0.129988
1589.459064	0.130418
1587.529713	0.130823
1585.600741	0.131188
1583.671761	0.131540
1581.742841	0.131897
1579.813846	0.132274
1577.88492	0.132568
1575.955955	0.132906
1574.026968	0.133431
1572.098595	0.133912
1570.169616	0.134280
1568.240717	0.134710
1566.311717	0.135133
1564.382808	0.135485
1562.453883	0.135770
1560.524936	0.135899
1558.595985	0.136102
1556.666732	0.136518
1554.737729	0.136847
1552.808823	0.137111
1550.879863	0.137329
1548.950987	0.137506
1547.021997	0.137653
1545.09303	0.137748
1543.164106	0.137805
1541.23467	0.137832
1539.305646	0.137982
1537.376695	0.138374
1535.447738	0.138715
1533.518819	0.138954
1531.58979	0.139208
1529.660835	0.139424
1527.731925	0.139571
1525.803682	0.139687
1523.874751	0.139792
1521.945827	0.139821
1520.016813	0.139941
1518.087865	0.140087
1516.15898	0.140173
1514.229946	0.140276
1512.301034	0.140325
1510.371806	0.140366
1508.44283	0.140301
1506.513895	0.140208
1504.584929	0.140308
1502.656042	0.140413
1500.72705	0.140334
1498.798084	0.140153
1496.869141	0.139886
1494.939749	0.139664
1493.010732	0.139610
1491.081817	0.139754
1489.152803	0.140049
1487.223928	0.140349
1485.294883	0.140593
1483.365994	0.140830
1481.436994	0.141038
1479.508628	0.141242
1477.579752	0.141389
1475.650715	0.141380
1473.721823	0.141210
1471.792833	0.141249
1469.863917	0.141485
1467.934921	0.141647
1466.005953	0.141762
1464.076625	0.141931
1462.147687	0.142182
1460.21875	0.142362
1458.289812	0.142245
1456.360811	0.142034
1454.431871	0.141947
1452.502887	0.141877
1450.574004	0.141868
1448.645747	0.141822
1446.716812	0.141700
1444.78783	0.141558
1442.858906	0.141375
1440.929893	0.141143
1439.000999	0.140847
1437.072038	0.140496
1435.143051	0.140224
1433.213628	0.139989
1431.284715	0.139724
1429.355716	0.139486
1427.426775	0.139293
1425.497791	0.139118
1423.568885	0.138981
1421.639898	0.138859
1419.710952	0.138712
1417.781665	0.138660
1415.852642	0.138648
1413.923704	0.138591
1411.994791	0.138509
1410.065845	0.138405
1408.136848	0.138258
1406.207842	0.138067
1404.278947	0.137869
1402.350834	0.137681
1400.421829	0.137449
1398.492903	0.137189
1396.563997	0.136943
1394.635018	0.136686
1392.706083	0.136484
1390.777139	0.136327
1388.848188	0.136181
1386.918694	0.136097
1384.98972	0.136098
1383.060824	0.136094
1381.13182	0.136087
1379.202843	0.136113
1377.273917	0.136182
1375.344969	0.136257
1373.416003	0.136300
1371.486722	0.136315
1369.557734	0.136302
1367.628739	0.136288
1365.699837	0.136239
1363.770862	0.136116
1361.841933	0.135932
1359.912978	0.135713
1357.984039	0.135466
1356.055821	0.135164
1354.126781	0.134842
1352.197919	0.134542
1350.268965	0.134241
1348.339943	0.133942
1346.411005	0.133656
1344.482047	0.133382
1342.553111	0.133093
1340.623609	0.132773
1338.694699	0.132433
1336.765702	0.132067
1334.836822	0.131649
1332.907834	0.131180
1330.97892	0.130656
1329.049929	0.130086
1327.120974	0.129476
1325.191674	0.128829
1323.262704	0.128152
1321.333773	0.127419
1319.404816	0.126652
1317.47586	0.125868
1315.546911	0.125071
1313.617925	0.124270
1311.688927	0.123471
1309.760766	0.122662
1307.831816	0.121870
1305.902844	0.121073
1303.973892	0.120283
1302.044882	0.119528
1300.115926	0.118814
1298.186981	0.118142
1296.258054	0.117537
1294.328703	0.116992
1292.399742	0.116509
1290.470827	0.116093
1288.541866	0.115757
1286.612902	0.115536
1284.683945	0.115471
1282.754972	0.115523
1280.826073	0.115629
1278.897668	0.115835
1276.96875	0.116167
1275.039773	0.116562
1273.110877	0.116980
1271.181878	0.117440
1269.252949	0.117908
1267.32397	0.118355
1265.395049	0.118770
1263.465829	0.119133
1261.536849	0.119511
1259.607943	0.119911
1257.678963	0.120311
1255.750017	0.120693
1253.821051	0.121045
1251.89211	0.121367
1249.963189	0.121681
1248.033754	0.121972
1246.104801	0.122274
1244.175733	0.122566
1242.246889	0.122848
1240.317846	0.123119
1238.388958	0.123352
1236.459914	0.123550
1234.531063	0.123710
1232.602722	0.123820
1230.673746	0.123838
1228.744758	0.123730
1226.815774	0.123513
1224.886819	0.123170
1222.957939	0.122691
1221.028862	0.122077
1219.099916	0.121344
1217.170833	0.120490
1215.241791	0.119536
1213.312818	0.118470
1211.383942	0.117304
1209.454914	0.116077
1207.526027	0.114762
1205.597062	0.113357
1203.668019	0.111931
1201.738671	0.110494
1199.809739	0.109041
1197.88069	0.107570
1195.951827	0.106109
1194.022779	0.104649
1192.093848	0.103183
1190.16492	0.101734
1188.235899	0.100320
1186.307759	0.098942
1184.378769	0.097593
1182.449764	0.096247
1180.520942	0.094896
1178.591887	0.093558
1176.662938	0.092231
1174.733972	0.090878
1172.805021	0.089518
1170.875731	0.088120
1168.946779	0.086727
1167.017799	0.085336
1165.088849	0.083946
1163.159933	0.082551
1161.230962	0.081235
1159.301981	0.079979
1157.372994	0.078746
1155.443675	0.077537
1153.514816	0.076350
1151.585808	0.075166
1149.656818	0.073971
1147.727864	0.072776
1145.798992	0.071602
1143.869984	0.070439
1141.94098	0.069285
1140.012648	0.068112
1138.083785	0.066959
1136.15479	0.065806
1134.225814	0.064671
1132.296902	0.063536
1130.367959	0.062402
1128.439019	0.061276
1126.509989	0.060153
1124.580676	0.059024
1122.651709	0.057880
1120.722753	0.056696
1118.793856	0.055505
1116.864914	0.054252
1114.935874	0.052987
1113.00697	0.051726
1111.078026	0.050475
1109.148719	0.049253
1107.219665	0.048076
1105.290797	0.046897
1103.361772	0.045729
1101.432882	0.044546
1099.503917	0.043390
1097.574927	0.042296
1095.646055	0.041303
1093.71767	0.040366
1091.788672	0.039422
1089.859778	0.038442
1087.930811	0.037442
1086.001796	0.036402
1084.072888	0.035418
1082.143887	0.034467
1080.214959	0.033539
1078.285687	0.032647
1076.356655	0.031817
1074.427702	0.031078
1072.498726	0.030428
1070.569787	0.029833
1068.640911	0.029297
1066.711918	0.028883
1064.782949	0.028724
1062.854708	0.028761
1060.925808	0.029091
1058.996841	0.029819
1057.067848	0.030891
1055.138967	0.032294
1053.209913	0.034188
1051.281048	0.036607
1049.3521	0.039551
1047.42268	0.043063
1045.493784	0.047234
1043.564802	0.052095
1041.635895	0.057728
1039.706884	0.064116
1037.777918	0.071308
1035.849036	0.079277
1033.920074	0.087781
1031.990775	0.096412
1030.061776	0.104559
1028.132808	0.111617
1026.203838	0.117329
1024.274874	0.121704
1022.345978	0.124889
1020.416983	0.127103
1018.488033	0.128555
1016.559655	0.129391
1014.630721	0.129694
1012.701751	0.129604
1010.772796	0.129232
1008.843899	0.128618
1006.914897	0.127802
1004.985936	0.126863
1003.056977	0.125816
1001.12765	0.124640
999.1987425	0.123374
997.2697745	0.122050
995.3408097	0.120695
993.4117923	0.119357
991.4829631	0.118099
989.5539714	0.116997
987.625058	0.116103
985.6956828	0.115484
983.7667662	0.115223
981.8377686	0.115360
979.9088312	0.115979
977.9798067	0.117103
976.0509311	0.118794
974.1218681	0.121125
972.1930429	0.124164
970.2646863	0.128137
968.3357127	0.133426
966.4067355	0.140663
964.4778934	0.150507
962.5488602	0.163002
960.6198688	0.176909
958.690965	0.189883
956.7620112	0.199888
954.8326899	0.206152
952.9036881	0.208505
950.9747777	0.206928
949.0458246	0.201299
947.1168768	0.191962
945.1879818	0.180620
943.2590089	0.169663
941.330007	0.160311
939.40076	0.152253
937.4717587	0.144634
935.542786	0.136944
933.6138905	0.130329
931.6848598	0.129946
929.7559177	0.140845
927.8269402	0.158980
925.8980633	0.177483
923.9697622	0.195291
922.0407195	0.213367
920.1118414	0.230534
918.182839	0.244421
916.2539324	0.254053
914.3249205	0.259956
912.395939	0.263139
910.4670386	0.264469
908.5376922	0.264616
906.6087791	0.263915
904.6797728	0.262608
902.7508896	0.260733
900.821937	0.258441
898.8929684	0.255788
896.9639564	0.252904
895.0350348	0.249894
893.1066545	0.246791
891.1776708	0.243568
889.2487777	0.240342
887.319792	0.237117
885.3908474	0.233914
883.4619197	0.230644
881.5329859	0.227309
879.6040234	0.223805
877.6746257	0.219970
875.7457742	0.215681
873.8167538	0.210912
871.8878508	0.205581
869.958817	0.199641
868.0299366	0.193090
866.1008891	0.185918
864.1719578	0.178059
862.2426777	0.169501
860.3137031	0.160200
858.3847928	0.150473
856.4558572	0.140984
854.5268818	0.132237
852.5979256	0.124380
850.6689746	0.117348
848.7400157	0.110927
846.8116103	0.104863
844.8827396	0.098991
842.9536827	0.093158
841.0247853	0.087209
839.0958239	0.081412
837.1668599	0.077311
835.2379543	0.078508
833.308959	0.087100
831.3797295	0.097878
829.4507435	0.103407
827.5217858	0.102625
825.59285	0.098816
823.6638628	0.094614
821.7349553	0.090923
819.8059208	0.087854
817.8770252	0.085337
815.9476645	0.083241
814.0187045	0.081420
812.0897424	0.079867
810.1608429	0.078513
808.231874	0.077334
806.302902	0.076310
804.373928	0.075356
802.4450179	0.074523
800.5167496	0.073823
798.5877774	0.073287
796.6588129	0.072897
794.7298602	0.072570
792.8009236	0.072312
790.8719458	0.072075
788.9429955	0.071837
787.0140169	0.071700
785.0847095	0.071652
783.1557606	0.071597
781.2268073	0.071575
779.2978589	0.071671
777.3688645	0.071799
775.4399556	0.071931
773.5110222	0.072052
771.5820766	0.072123
769.6526573	0.072242
767.7237276	0.072367
765.7947073	0.072472
763.8657873	0.072602
761.9368068	0.072747
760.0078402	0.072915
758.0789612	0.073036
756.1499566	0.073143
754.2216994	0.073217
752.2927249	0.073280
750.3637951	0.073437
748.434817	0.073606
746.5058673	0.073737
744.5769113	0.073914
742.6479708	0.074079
740.7189581	0.074272
738.7897339	0.074477
736.8607595	0.074656
734.9317855	0.074833
733.0028907	0.074972
731.0738861	0.075019
729.1449594	0.075042
727.215978	0.074969
725.2870759	0.074933
723.3576526	0.074889
721.4287348	0.074778
719.499775	0.074691
717.5708047	0.074699
715.6418556	0.074741
713.7129087	0.074610
711.7838956	0.074386
709.8550022	0.074023
707.9267621	0.073428
705.9978043	0.072753
704.0688703	0.071927
702.1398977	0.071035
700.2109245	0.070088
698.2819889	0.069173
696.353032	0.068393
694.424094	0.067624
692.4947831	0.066889
690.5657667	0.066183
688.6368447	0.065464
686.7078696	0.064782
684.7789325	0.064095
682.849937	0.063354
680.9210219	0.062483
678.9920472	0.061547
677.0636562	0.060680
675.1347012	0.059870
673.2057384	0.058979
671.2768168	0.058077
669.3478062	0.057267
667.4188923	0.056378
665.4899031	0.055489
663.5609801	0.054419
661.6316498	0.053304
659.7027129	0.051990
657.7737411	0.050713
655.8447904	0.049644
653.9158311	0.048362
651.9868779	0.047053
650.0579039	0.045865
648.1289683	0.044720
646.1997124	0.043337
644.2707834	0.041997
642.3417829	0.040754
640.4128562	0.039537
638.4838613	0.038477
636.5549443	0.037472
634.625967	0.036248
632.6970363	0.035137
630.7686951	0.034509
628.8396952	0.034415
626.9107456	0.034595
624.9818365	0.034832
623.052843	0.035598
621.1238764	0.036698
619.1949314	0.038019
617.2659661	0.040214
615.3367138	0.043376
613.4077438	0.047990
611.4788273	0.053854
609.5498913	0.059508
607.6209029	0.065514
605.6919783	0.071317
603.7630134	0.076180
601.8340169	0.080308
599.9047471	0.083162
597.9757921	0.085494
596.046803	0.087185
594.1179001	0.087871
592.1889215	0.088039
590.2599204	0.087912
588.331019	0.087282
586.4020633	0.086096
584.4737244	0.084808
582.5447571	0.083117
580.6158046	0.081405
578.6868253	0.079830
576.7578469	0.078196
574.8288979	0.076397
572.8999422	0.074642
570.970979	0.072878
569.0417178	0.070783
567.112714	0.068348
565.1838071	0.065700
563.2548107	0.062774
561.3258607	0.060045
559.3969343	0.057595
557.4679494	0.055127
555.5390128	0.052930
553.6096484	0.051763
551.6807035	0.051466
549.7517953	0.052262
547.8227934	0.054320
545.8938709	0.057603
543.9649025	0.062108
542.0359445	0.067788
540.106966	0.074980
538.1786635	0.083137
536.2497023	0.091798
534.3207295	0.100741
532.3918091	0.109219
530.4628644	0.117058
528.5338793	0.124323
526.6048956	0.130341
524.6759562	0.135012
522.7466678	0.138612
520.8177359	0.141257
518.8887976	0.143147
516.9598234	0.144348
515.0308934	0.144838
513.1019295	0.144432
511.1729892	0.143130
509.2440267	0.141480
507.3156438	0.139300
505.3867404	0.137044
503.4577985	0.134574
501.5288103	0.131991
499.5998705	0.129172
497.670925	0.125941
495.7419485	0.122598
493.8129679	0.119522
491.8836976	0.116791
489.9547277	0.114276
488.0257275	0.112296
486.0967814	0.111262
484.1678563	0.111258
482.2389002	0.111760
480.3099575	0.112210
478.3809827	0.112193
476.4516852	0.111261
474.5227096	0.109190
472.5937899	0.106064
470.6648263	0.101879
468.7358574	0.097095
466.8069453	0.091791
464.8779372	0.086310
462.9490102	0.081303
461.0206998	0.076755
459.0917357	0.072761
457.1627947	0.069470
455.2338095	0.066693
453.3048622	0.064116
451.375893	0.062037
449.4469488	0.060181
447.5179981	0.057950
445.5886964	0.055589
443.6597189	0.053252
441.7307647	0.051037
439.8018183	0.048987
437.8728679	0.047108
435.9439254	0.045417
434.0149683	0.044025
432.0859976	0.043030
430.156685	0.042180
428.2277452	0.041317
426.2987629	0.040743
424.3698278	0.040355
422.4408523	0.040132
420.5118975	0.039827
418.5829569	0.039708
416.6539761	0.039798
414.7256814	0.039934
412.7967317	0.040139
410.8677478	0.040100
408.9387969	0.039834
407.0098658	0.039661
405.0809137	0.038817
403.1519549	0.037634
401.2229919	0.036645
399.2936974	0.036135
397.3647406	0.036689
395.4358009	0.038839
393.5068381	0.043466
391.5778803	0.050953
389.6489446	0.060721
387.7199627	0.071816
385.7910234	0.083088
383.8616575	0.093626
381.932704	0.102389
380.0037613	0.109338
378.0747925	0.113158
376.1458531	0.115514
374.2168903	0.116227
372.2879428	0.115899
370.3589853	0.114158
368.4306648	0.111403
366.501714	0.107766
364.5727588	0.103752
362.643801	0.100014
360.7148488	0.096816
358.7858786	0.094777
356.8569383	0.094379
354.9279798	0.095550
352.9987028	0.098508
351.0697393	0.102622
349.1407628	0.108128
347.2118179	0.114468
345.2828714	0.120917
343.3539112	0.127021
341.4249569	0.132777
339.4960121	0.137930
337.5666783	0.142193
335.6377212	0.145403
333.7087668	0.148325
331.7798186	0.150894
329.850856	0.152175
327.9219005	0.152408
325.9929501	0.153414
324.0639906	0.154181
322.1356823	0.155260
320.2067357	0.155846
318.277776	0.154955
316.3488184	0.153094
314.4198575	0.151232
312.4909085	0.149491
310.5619382	0.147892
308.632983	0.146375
306.7036932	0.144928
304.7747692	0.142544
302.8458149	0.139433
300.9168364	0.139090
298.9878871	0.138848
297.0589412	0.137361
295.1299689	0.135489
293.201023	0.133739
291.2727009	0.131401
289.3437643	0.128924
287.4148041	0.127225
285.4858318	0.125267
283.5568797	0.122031
281.6279209	0.119029
279.6989678	0.116492
277.7700079	0.114454
275.8406789	0.114213
273.9117118	0.112897
271.982762	0.110976
270.0537966	0.108938
268.124844	0.106896
266.1958974	0.104904
264.2669326	0.103751
262.3379712	0.102890
260.4086645	0.102498
258.4797113	0.102460
256.5507541	0.101962
254.6218124	0.100003
252.6928594	0.099479
250.7639084	0.099435
248.8349362	0.097262
246.9059963	0.095299
244.9776999	0.094414
243.0487333	0.093681
241.1197757	0.092417
239.1908175	0.091196
237.2618727	0.089751
235.3329227	0.087660
233.4039684	0.085577
231.474998	0.083979
229.5456887	0.082239
227.6167286	0.079764
225.6877733	0.078613
223.7588238	0.077836
221.8298594	0.077114
219.9009043	0.076900
217.9719627	0.076593
216.0429941	0.075896
214.1136938	0.074587
212.1847428	0.073576
210.2557764	0.075342
208.3268275	0.077325
206.397876	0.076037
204.4689218	0.074920
202.5399687	0.073603
200.611009	0.074796
198.6826979	0.074775
196.7537404	0.073631
194.8247873	0.072390
192.8958243	0.072468
190.9668662	0.073751
189.0379144	0.075188
187.1089633	0.076950
185.1800036	0.080630
183.2506656	0.082768
181.3217131	0.083344
179.3927591	0.083576
177.4638072	0.083262
175.5348573	0.083283
173.6058969	0.084209
171.6769438	0.083617
169.747983	0.084232
167.8186776	0.086510
165.8897222	0.088839
163.9607675	0.091754
162.0318168	0.093344
160.1028603	0.093909
158.1739038	0.094695
156.2449513	0.097285
154.316001	0.099971
152.3877027	0.100620
150.4587442	0.102131
148.5297905	0.107460
146.6008253	0.115228
144.6718801	0.118203
142.7429179	0.120322
140.8139605	0.121937
138.885004	0.124384
136.9556852	0.128263
135.0267306	0.132430
133.0977751	0.134150
131.168829	0.137435
129.239869	0.141631
127.3109175	0.141759
125.3819542	0.145445
123.4529997	0.148223
121.5236785	0.146329
119.5947222	0.144340
117.6657732	0.143822
115.7368145	0.144505
113.8078604	0.142705
111.878905	0.138003
109.9499541	0.137854
108.0209988	0.148285
106.0926798	0.154458
104.1637284	0.155279
102.2347713	0.154538
100.3058184	0.155012
98.3768605	0.159288
96.44791027	0.168789
94.51895006	0.173014
92.58999493	0.166110
90.66068886	0.160392
88.73173513	0.155452
86.80278269	0.150310
84.87382869	0.154814
82.94487484	0.164295
81.01591363	0.161788
79.08696315	0.156247
77.15799929	0.161113
75.22968563	0.159539
73.30072966	0.156060
71.3717697	0.145617
69.44281929	0.131240
